time [s],Lmtc [m],STIM [ ],Fsee [N]
0.0,0.0405006147921085,0.00030517578125,0.06884420810665133
0.0004999999999999,0.0405004359781742,0.00030517578125,0.0687534207859162
0.001,0.0405006483197212,0.0006103515625,0.06886274728414488
0.0014999999999999,0.0405003726482391,0.0,0.06872263067825095
0.002,0.0405004099011421,-0.00030517578125,0.06874365617411311
0.0024999999999999,0.040500596165657,0.00030517578125,0.06884002470057311
0.003,0.040500458329916,0.0,0.0687702652662116
0.0034999999999999,0.0405004248023033,0.0006103515625,0.06875458870715305
0.004,0.0405004508793354,0.0,0.06876944311256335
0.0044999999999999,0.0405004546046257,0.0,0.06877269812867656
0.005,0.0405004918575286,0.0006103515625,0.06879289120138467
0.0054999999999999,0.0405005104839801,0.00030517578125,0.06880329703219525
0.006,0.040500458329916,0.0,0.06877762573215687
0.0064999999999999,0.0405003651976585,0.00030517578125,0.06873160412607296
0.007,0.0405004099011421,0.0,0.06875630653951262
0.0074999999999999,0.0405003949999809,0.00030517578125,0.06875036402782489
0.008,0.0405004434287548,0.0006103515625,0.06877659759759326
0.0084999999999999,0.04050063341856,0.00030517578125,0.06887425470228672
0.009,0.040500521659851,0.0,0.0688170913619058
0.0094999999999999,0.0405004434287548,0.0,0.06877789606526062
0.01,0.0405004061758518,0.0,0.06876021965735832
0.0104999999999999,0.0405003540217876,0.00030517578125,0.06873524208138664
0.011,0.0405005700886249,0.00030517578125,0.06884676967313266
0.0114999999999999,0.040500484406948,0.0006103515625,0.06880327845666415
0.012,0.0405004881322383,0.00030517578125,0.06880591949149263
0.0124999999999999,0.0405003204941749,0.00030517578125,0.06872149543581109
0.013,0.0405006669461727,0.00091552734375,0.06889942029349323
0.0134999999999999,0.0405003726482391,0.0,0.06874922741015241
0.014,0.0405003391206264,0.00030517578125,0.06873385834490402
0.0144999999999999,0.0405007153749465,0.0006103515625,0.0689268428461609
0.015,0.0405005365610122,0.00030517578125,0.06883501953408937
0.0154999999999999,0.0405003800988197,0.0,0.06875574707095192
0.016,0.0405005402863025,0.00091552734375,0.06883857098986444
0.0164999999999999,0.0405003204941749,0.00030517578125,0.06872724516965434
0.017,0.0405003018677234,0.00030517578125,0.06871988246783815
0.0174999999999999,0.0405004397034645,0.00030517578125,0.06879196679655053
0.018,0.0405006520450115,0.0006103515625,0.06890071207395844
0.0184999999999999,0.0405002869665622,0.0006103515625,0.0687145441372882
0.019,0.0405003353953361,0.00030517578125,0.06874133746817516
0.0194999999999999,0.0405006185173988,0.00030517578125,0.06888689115538522
0.02,0.0405005514621734,0.00030517578125,0.06885236242672992
0.0204999999999999,0.0405005477368831,0.0,0.0688504010350428
0.021,0.0405004508793354,0.0006103515625,0.06880114825329026
0.0214999999999999,0.0405005775392055,0.00091552734375,0.06886626183194935
0.022,0.0405002981424331,0.0006103515625,0.06872421742347026
0.0224999999999999,0.040500421077013,0.0,0.06878865850792197
0.023,0.0405005402863025,0.0,0.06885013975456607
0.0234999999999999,0.0405005551874637,0.00030517578125,0.06885769034534091
0.024,0.0405005253851413,0.0006103515625,0.06884237290566962
0.0244999999999999,0.0405005738139152,0.0006103515625,0.068867026219045
0.025,0.0405007563531398,0.0006103515625,0.06895989852056862
0.0254999999999999,0.0405002869665622,0.00030517578125,0.06871966483976737
0.026,0.04050063341856,0.0,0.06889752387381444
0.0264999999999999,0.0405007191002368,0.0006103515625,0.0689407806075475
0.027,0.040500558912754,0.0006103515625,0.0688582655198845
0.0274999999999999,0.0405003353953361,-0.00030517578125,0.06874449508855267
0.028,0.0405006781220436,-0.00030517578125,0.06892014111842396
0.0284999999999999,0.0405003055930137,0.00030517578125,0.06872981368092958
0.029,0.0405005030333995,0.00030517578125,0.06883190122046406
0.0294999999999999,0.0405005365610122,-0.00030517578125,0.06884919439670954
0.03,0.0405004471540451,0.00030517578125,0.06880376290574435
0.0304999999999999,0.0405004508793354,0.0,0.06880634218958835
0.031,0.0405005365610122,0.00030517578125,0.06885047209840407
0.0314999999999999,0.0405006073415279,0.00030517578125,0.06888650789843687
0.032,0.0405004955828189,0.0,0.06882919270349616
0.0324999999999999,0.0405004248023033,0.00030517578125,0.06879355579483311
0.033,0.0405003912746906,0.0006103515625,0.06877744388530467
0.0334999999999999,0.0405005291104316,-0.00030517578125,0.06884857760929486
0.034,0.0405004993081092,0.0006103515625,0.06883340792709446
0.0344999999999999,0.0405004471540451,0.00030517578125,0.06880708819361801
0.035,0.0405005440115928,0.00030517578125,0.06885690468854544
0.0354999999999999,0.0405002459883689,0.00030517578125,0.06870534944997252
0.036,0.040500771254301,0.0,0.0689743120235155
0.0364999999999999,0.0405004099011421,0.0006103515625,0.06878899490755845
0.037,0.04050038382411,0.0,0.06877672864825576
0.0374999999999999,0.040500309318304,0.00030517578125,0.06874008575996025
0.038,0.0405005924403667,0.0006103515625,0.06888555388215911
0.0384999999999999,0.0405004657804966,0.0006103515625,0.0688206576163652
0.039,0.0405004769563674,0.00030517578125,0.0688267211001593
0.0394999999999999,0.0405004695057868,-0.0006103515625,0.06882335326872598
0.04,0.0405002012848854,-0.0006103515625,0.06868772598430578
0.0404999999999999,0.0405006259679794,0.00030517578125,0.06890597942255221
0.041,0.0405006557703018,0.00030517578125,0.06892066131327582
0.0414999999999999,0.0405005775392055,0.0006103515625,0.06888005350105988
0.042,0.0405005663633346,0.0,0.06887402691890514
0.0424999999999999,0.0405003502964973,-0.00030517578125,0.06876377828780718
0.043,0.0405006483197212,0.0006103515625,0.06891639096375357
0.0434999999999999,0.0405004769563674,0.00030517578125,0.0688284359154422
0.044,0.0405004099011421,0.00030517578125,0.06879465938745515
0.0444999999999999,0.0405006147921085,0.00030517578125,0.0688996103570666
0.045,0.0405003912746906,0.0,0.06878524867836076
0.0454999999999999,0.0405005663633346,-0.00030517578125,0.06887517739372297
0.046,0.0405003316700458,0.00030517578125,0.06875561845596961
0.0464999999999999,0.0405004620552063,0.00030517578125,0.06882334686875383
0.047,0.0405003912746906,0.0,0.06878781893142838
0.0474999999999999,0.0405006557703018,0.0006103515625,0.06892315801767085
0.048,0.0405007675290107,0.0,0.06897944989966624
0.0484999999999999,0.0405005142092704,0.0,0.06884902493561337
0.049,0.0405005812644958,0.0,0.06888311373091452
0.0494999999999999,0.0405006073415279,0.00030517578125,0.06889606496900352
0.05,0.0405004508793354,0.0,0.06881589463756203
0.0504999999999999,0.0405003316700458,0.0,0.06875586265531133
0.051,0.0405005142092704,0.0006103515625,0.0688500043565932
0.0514999999999999,0.0405004024505615,0.00030517578125,0.06879323974022791
0.052,0.040500346571207,0.0006103515625,0.06876581526335995
0.0524999999999999,0.0405003353953361,0.0,0.06876148921434633
0.053,0.0405005663633346,0.00030517578125,0.06888012947719437
0.0534999999999999,0.040500521659851,-0.00030517578125,0.06885704813347077
0.054,0.0405004397034645,0.0,0.06881520486029212
0.0544999999999999,0.0405006594955921,0.0006103515625,0.06892751589157482
0.055,0.0405005626380443,0.0,0.06887739237757834
0.0554999999999999,0.0405005440115928,-0.00030517578125,0.06886760429453964
0.056,0.0405003875494003,0.0,0.06878782282835151
0.0564999999999999,0.0405004434287548,0.00030517578125,0.06881709413846443
0.057,0.0405007041990757,0.00030517578125,0.06895027516140542
0.0574999999999999,0.0405004881322383,0.0,0.06883916296239966
0.058,0.0405004769563674,0.0,0.0688335291029813
0.0584999999999999,0.04050063341856,0.00030517578125,0.06891345405511501
0.059,0.0405002534389495,0.00030517578125,0.0687194975430079
0.0595,0.0405006445944309,0.0,0.06892020797869228
0.06,0.0405005142092704,0.0006103515625,0.06885309929805568
0.0605,0.0405004732310771,0.0,0.06883213623705525
0.061,0.0405004397034645,0.0006103515625,0.068815326090655
0.0615,0.0405004881322383,0.0,0.06884047661741027
0.062,0.0405002906918525,0.0006103515625,0.06874040883901719
0.0625,0.0405005849897861,0.00030517578125,0.06889161022448974
0.0629999999999999,0.0405004248023033,0.0006103515625,0.06880960125201545
0.0635,0.0405004918575286,0.00030517578125,0.06884419106024772
0.0639999999999999,0.0405005812644958,0.0,0.06888976461625014
0.0645,0.0405004732310771,0.0,0.06883436078746567
0.0649999999999999,0.0405002608895301,0.0006103515625,0.06872683717685998
0.0655,0.0405005328357219,0.00030517578125,0.06886697455383162
0.0659999999999999,0.0405002497136592,0.00030517578125,0.06872301290017965
0.0665,0.0405006408691406,0.0,0.06892365506869534
0.0669999999999999,0.0405006408691406,-0.00030517578125,0.06892297091157598
0.0675,0.0405004881322383,0.00030517578125,0.06884433910562912
0.0679999999999999,0.040500670671463,0.0006103515625,0.0689373457484971
0.0685,0.0405006892979145,0.0,0.06894600307603393
0.0689999999999999,0.0405005887150764,0.00030517578125,0.06889378876961383
0.0695,0.0405004657804966,0.00030517578125,0.06883061584060408
0.0699999999999999,0.0405006781220436,0.00030517578125,0.06893897247674038
0.0705,0.0405002273619174,0.0006103515625,0.06870861870471738
0.0709999999999999,0.0405004061758518,0.0,0.06880164993567238
0.0715,0.0405002124607563,0.00030517578125,0.06870416349327797
0.0719999999999999,0.0405004508793354,0.0,0.06882752774041985
0.0725,0.0405003800988197,0.0,0.06879194501056926
0.0729999999999999,0.0405004434287548,0.00030517578125,0.06882494349089671
0.0735,0.0405007526278495,0.0006103515625,0.06898280664641854
0.0739999999999999,0.0405004620552063,0.00030517578125,0.06883347207100125
0.0745,0.0405002534389495,0.00030517578125,0.06872782501675817
0.0749999999999999,0.0405002832412719,0.0,0.06874498628742648
0.0755,0.0405004024505615,0.0,0.06880731869284935
0.0759999999999999,0.0405002199113369,0.00030517578125,0.06871545403158166
0.0765,0.040500458329916,0.00030517578125,0.06883865200468839
0.0769999999999999,0.0405005514621734,0.0,0.06888620903960034
0.0775,0.0405004657804966,0.0,0.06884213310264016
0.0779999999999999,0.0405005030333995,0.00030517578125,0.06886111434118505
0.0785,0.0405005030333995,-0.00030517578125,0.06886094161362347
0.0789999999999999,0.0405005402863025,0.0006103515625,0.06887978087121893
0.0795,0.0405002683401107,0.0,0.06874111428712756
0.0799999999999999,0.0405005253851413,0.0,0.06887326619807896
0.0805,0.040500596165657,-0.00030517578125,0.06890913143859415
0.0809999999999999,0.0405004695057868,0.00030517578125,0.06884396022253562
0.0815,0.0405007451772689,0.00030517578125,0.06898453551743358
0.0819999999999999,0.040500521659851,0.0,0.06886929593959508
0.0825,0.0405006669461727,0.0006103515625,0.06894313013751957
0.0829999999999999,0.0405005142092704,0.00030517578125,0.06886436465108105
0.0835,0.0405005626380443,0.00030517578125,0.06888884726972537
0.0839999999999999,0.040500458329916,0.0006103515625,0.06883532011610442
0.0845,0.0405002161860466,0.0006103515625,0.06871263665738417
0.0849999999999999,0.0405003242194652,0.00030517578125,0.068769708868488
0.0855,0.0405004657804966,0.00030517578125,0.06884289322173516
0.0859999999999999,0.0405004136264324,0.00030517578125,0.06881650618880951
0.0865,0.0405002459883689,0.00030517578125,0.06873191472054396
0.0869999999999999,0.0405004434287548,0.00030517578125,0.06883399992571555
0.0875,0.0405004732310771,0.00030517578125,0.06884931398582321
0.0879999999999999,0.0405005291104316,0.00030517578125,0.0688777475115376
0.0885,0.0405003502964973,0.0006103515625,0.06878632772940307
0.0889999999999999,0.0405007191002368,0.00030517578125,0.06897481788913698
0.0895,0.0405003726482391,0.00030517578125,0.06879702587352728
0.0899999999999999,0.0405004620552063,0.00030517578125,0.06884316309718297
0.0905,0.0405003651976585,0.00030517578125,0.06879404537999133
0.0909999999999999,0.0405003912746906,0.00030517578125,0.06880813999848802
0.0915,0.0405004322528839,0.00030517578125,0.0688296251932085
0.0919999999999999,0.0405002906918525,0.00030517578125,0.06875809490931017
0.0925,0.0405004508793354,0.0,0.06884093429533106
0.0929999999999999,0.0405002906918525,-0.00030517578125,0.06875977342325583
0.0935,0.040500458329916,0.0006103515625,0.06884630901920931
0.0939999999999999,0.0405004322528839,-0.00030517578125,0.06883305404117859
0.0945,0.0405004695057868,0.00030517578125,0.06885218340467987
0.0949999999999999,0.0405003204941749,0.00030517578125,0.06877643353906071
0.0955,0.0405005812644958,0.00030517578125,0.06891001108350615
0.0959999999999999,0.0405004769563674,0.0,0.06885627521281647
0.0965,0.0405003055930137,-0.00030517578125,0.06876904336922726
0.0969999999999999,0.0405004881322383,0.00030517578125,0.06886292755963103
0.0975,0.0405005365610122,0.00030517578125,0.06888747985081017
0.0979999999999999,0.0405003875494003,0.0,0.06881114148822869
0.0985,0.0405005998909473,0.00030517578125,0.06891968379670874
0.0989999999999999,0.0405005067586898,0.0,0.06887152013587493
0.0995,0.0405006222426891,0.0006103515625,0.06893012696073043
0.0999999999999999,0.0405005738139152,0.0,0.0689046554628014
0.1005,0.0405004397034645,0.00030517578125,0.06883578171793393
0.1009999999999999,0.0405002832412719,0.0006103515625,0.06875656509657034
0.1015,0.0405003875494003,-0.00030517578125,0.06881101786645415
0.1019999999999999,0.0405004397034645,0.00030517578125,0.06883805490085475
0.1025,0.0405006185173988,0.0,0.06892928476989875
0.1029999999999999,0.0405004322528839,0.0006103515625,0.0688335909024214
0.1035,0.0405003987252712,0.0,0.06881666627954136
0.1039999999999999,0.0405006892979145,0.00030517578125,0.06896502030615803
0.1045,0.0405005402863025,0.0,0.06888793114697084
0.1049999999999999,0.0405004769563674,0.00030517578125,0.06885526079961933
0.1055,0.0405001901090145,0.0,0.06870938304854429
0.1059999999999999,0.0405007153749465,0.0006103515625,0.0689782546063201
0.1065,0.0405006371438503,0.001220703125,0.06893713921094227
0.1069999999999999,0.0405006408691406,0.0,0.06893816771264563
0.1075,0.0405005142092704,0.0006103515625,0.06887278039881789
0.1079999999999999,0.0405002534389495,0.00030517578125,0.06873998976725194
0.1085,0.0405005104839801,0.00030517578125,0.0688722465193597
0.1089999999999999,0.040500484406948,0.0,0.06885873357686487
0.1095,0.0405004397034645,0.0,0.06883595376224409
0.1099999999999999,0.0405000261962413,0.0,0.06862646578461515
0.1105,0.0405006073415279,0.0006103515625,0.06892515357605057
0.1109999999999999,0.0405005663633346,0.00030517578125,0.06890359439803549
0.1115,0.0405005440115928,0.0006103515625,0.06889162800391356
0.1119999999999999,0.0405005067586898,0.00030517578125,0.0688721892163328
0.1125,0.040500521659851,0.0,0.06887950186134525
0.1129999999999999,0.0405005812644958,0.0,0.06890954914210928
0.1135,0.0405005253851413,0.00091552734375,0.06888045443493346
0.1139999999999999,0.0405004732310771,0.00030517578125,0.06885354443543759
0.1145,0.0405002944171428,0.0,0.06876266118191707
0.1149999999999999,0.0405002944171428,-0.00030517578125,0.06876407450046101
0.1155,0.0405004695057868,0.0,0.0688543466367357
0.1159999999999999,0.0405004806816577,0.00030517578125,0.06885996453278273
0.1165,0.0405005328357219,-0.00030517578125,0.06888640043705056
0.1169999999999999,0.0405004434287548,0.0,0.06884044908928964
0.1175,0.0405004322528839,0.0006103515625,0.06883482282957669
0.118,0.0405004061758518,0.0,0.06882175925613167
0.1185,0.0405003279447555,0.00030517578125,0.06878245059700154
0.119,0.0405003987252712,0.0006103515625,0.06881940645636275
0.1195,0.0405005514621734,0.0006103515625,0.0688975271821099
0.12,0.0405003502964973,0.0,0.06879457098001525
0.1205,0.0405004061758518,0.00030517578125,0.06882370309900687
0.121,0.0405006967484951,-0.00030517578125,0.06897202282180437
0.1215,0.0405004434287548,0.00030517578125,0.0688416839494233
0.122,0.0405005030333995,0.00030517578125,0.06887204492365494
0.1225,0.0405004359781742,0.00030517578125,0.06883758257972424
0.123,0.0405005738139152,0.0006103515625,0.06890789059015688
0.1235,0.0405002497136592,0.0,0.06874227674482054
0.124,0.0405005067586898,-0.00030517578125,0.0688744322874704
0.1245,0.0405001416802406,0.0006103515625,0.0686886582455466
0.125,0.0405004806816577,0.00030517578125,0.0688632523953141
0.1254999999999999,0.0405005998909473,0.00030517578125,0.06892393723208634
0.126,0.0405003614723682,0.0,0.06880167722707888
0.1264999999999999,0.0405008196830749,0.00030517578125,0.06903574769738571
0.127,0.0405003614723682,-0.00030517578125,0.06880042416834513
0.1274999999999999,0.0405006185173988,0.00030517578125,0.06893182760974946
0.128,0.0405005291104316,0.0,0.06888545850746294
0.1284999999999999,0.0405005328357219,-0.00030517578125,0.06888704729161238
0.129,0.0405001416802406,0.0,0.06868795199993476
0.1294999999999999,0.0405003055930137,-0.00030517578125,0.06877381560509042
0.13,0.0405003502964973,0.0,0.06879779294545513
0.1304999999999999,0.0405002683401107,0.00030517578125,0.06875694499946658
0.131,0.0405005849897861,0.00030517578125,0.06891916003022645
0.1314999999999999,0.0405002459883689,0.00030517578125,0.06874587313237618
0.132,0.0405003242194652,0.00030517578125,0.06878721646223773
0.1324999999999999,0.0405004508793354,-0.00030517578125,0.06885249365105861
0.133,0.0405005887150764,0.00091552734375,0.06892268795414914
0.1334999999999999,0.0405004285275936,0.0006103515625,0.06884029202186397
0.134,0.0405004769563674,0.00030517578125,0.06886498176623286
0.1344999999999999,0.0405003800988197,0.0,0.06881544606420986
0.135,0.0405004434287548,-0.00030517578125,0.06884805188381414
0.1354999999999999,0.0405003800988197,0.00030517578125,0.06881581233636984
0.136,0.0405004769563674,0.0,0.06886540734970088
0.1364999999999999,0.040500771254301,0.00030517578125,0.06901531118597863
0.137,0.0405006073415279,0.00030517578125,0.06893016541453868
0.1374999999999999,0.0405004546046257,0.0006103515625,0.06885148275223098
0.138,0.0405004173517227,0.0006103515625,0.06883242386969984
0.1384999999999999,0.0405003987252712,0.0006103515625,0.06882312060070074
0.139,0.0405005514621734,0.00030517578125,0.06890115013683687
0.1394999999999999,0.0405003726482391,0.0006103515625,0.06880946734486947
0.14,0.0405005104839801,0.0006103515625,0.0688799863848876
0.1404999999999999,0.040500484406948,0.0,0.06886633520645502
0.141,0.0405006669461727,0.0006103515625,0.06895916709961368
0.1414999999999999,0.0405006296932697,0.0006103515625,0.06893914860594165
0.142,0.0405003540217876,-0.00030517578125,0.06879777850166978
0.1424999999999999,0.0405005626380443,0.0,0.06890454426370908
0.143,0.0405004918575286,-0.00030517578125,0.06886790851028841
0.1434999999999999,0.0405006892979145,0.0,0.06896839614477417
0.144,0.0405003279447555,0.00030517578125,0.06878311128451237
0.1444999999999999,0.0405005924403667,0.0006103515625,0.06891848924941013
0.145,0.0405004955828189,0.0,0.06886847546130156
0.1454999999999999,0.0405002161860466,-0.00030517578125,0.06872628545977258
0.146,0.0405002981424331,0.00030517578125,0.06876986414178646
0.1464999999999999,0.0405005663633346,0.0,0.06890736095981592
0.147,0.0405005328357219,0.00030517578125,0.0688897018600615
0.1474999999999999,0.0405005812644958,-0.00030517578125,0.06891393698727666
0.148,0.040500670671463,0.0006103515625,0.06895887065068819
0.1484999999999999,0.0405006222426891,0.0,0.06893312219306795
0.149,0.0405005067586898,0.0,0.06887342265253431
0.1494999999999999,0.040500458329916,0.0006103515625,0.0688484478083381
0.15,0.0405004732310771,0.0,0.068855985632508
0.1504999999999999,0.040500458329916,0.00030517578125,0.06884832877985528
0.151,0.0405002869665622,0.0,0.06876132783778602
0.1514999999999999,0.0405004657804966,0.0006103515625,0.06885347197792199
0.152,0.0405006781220436,0.00030517578125,0.06896165235577621
0.1524999999999999,0.0405005738139152,-0.00030517578125,0.06890744123657074
0.153,0.0405002199113369,0.0,0.06872680218964676
0.1534999999999999,0.040500458329916,-0.00030517578125,0.06884986371622497
0.154,0.0405002422630786,0.00030517578125,0.06874024864095626
0.1544999999999999,0.0405002832412719,0.0,0.06876273716465525
0.155,0.040500707924366,0.00091552734375,0.06897995666268313
0.1554999999999999,0.0405004620552063,-0.00030517578125,0.06885332593472106
0.156,0.040500596165657,0.00030517578125,0.06892156919177891
0.1564999999999999,0.0405003875494003,0.0,0.0688145280561011
0.157,0.0405004471540451,0.0006103515625,0.06884524256684157
0.1574999999999999,0.0405004322528839,0.00030517578125,0.06883762827312565
0.158,0.0405005738139152,0.0006103515625,0.06890981796921046
0.1584999999999999,0.0405005551874637,0.00030517578125,0.06889969892656415
0.159,0.0405006296932697,0.0,0.0689371638289934
0.1594999999999999,0.0405004732310771,0.0,0.06885653659499677
0.16,0.0405004769563674,-0.00030517578125,0.06885827496294347
0.1604999999999999,0.0405007153749465,0.0,0.06897973323562197
0.161,0.0405005253851413,0.0,0.06888162783276841
0.1614999999999999,0.040500596165657,-0.00030517578125,0.06891737394344877
0.162,0.0405003577470779,0.0006103515625,0.06879521348088782
0.1624999999999999,0.0405005663633346,0.00030517578125,0.06890208235670205
0.163,0.0405001454055309,0.00030517578125,0.06868762400958876
0.1634999999999999,0.0405002869665622,0.0,0.06876207535894802
0.164,0.0405005328357219,0.0,0.06888832721818001
0.1644999999999999,0.0405000783503055,0.00030517578125,0.06865682242079443
0.165,0.0405007414519786,0.00030517578125,0.06899652243836057
0.1654999999999999,0.0405002906918525,0.0,0.0687654445537255
0.166,0.040500309318304,0.0,0.06877623435023503
0.1664999999999999,0.0405002795159816,0.00030517578125,0.0687622769828516
0.167,0.0405005328357219,0.00030517578125,0.06889222639503752
0.1674999999999999,0.0405006557703018,0.00030517578125,0.06895453000034141
0.168,0.0405003167688846,0.0,0.06878075870385743
0.1684999999999999,0.0405006408691406,0.0006103515625,0.06894656432984404
0.169,0.0405004248023033,0.0006103515625,0.06883554824821259
0.1694999999999999,0.0405002534389495,-0.00030517578125,0.06874865975767007
0.17,0.040500521659851,0.00030517578125,0.06888638448456483
0.1704999999999999,0.0405004769563674,0.00030517578125,0.06886322632291855
0.171,0.0405004695057868,0.0006103515625,0.0688592423213323
0.1714999999999999,0.0405003987252712,0.0,0.06882300271001013
0.172,0.0405005849897861,0.0,0.0689181141699249
0.1725,0.04050038382411,0.0,0.06881487648917287
0.173,0.0405005328357219,0.0,0.06889104435563968
0.1735,0.0405004732310771,0.0006103515625,0.06886022916674318
0.174,0.0405004769563674,0.00030517578125,0.0688619686979645
0.1745,0.0405003726482391,0.0,0.06880877686558161
0.175,0.0405002236366272,0.0006103515625,0.06873382177057508
0.1755,0.0405004546046257,-0.00030517578125,0.06885302565567467
0.176,0.0405002161860466,0.0006103515625,0.06873200469243462
0.1765,0.0405003651976585,0.0,0.06880957291630656
0.177,0.0405003614723682,0.00030517578125,0.06880827527805952
0.1775,0.0405007191002368,0.0,0.06899099008353352
0.178,0.0405003316700458,-0.00030517578125,0.06879218154825248
0.1785,0.0405006781220436,0.00030517578125,0.06896927032361203
0.179,0.0405004881322383,0.00030517578125,0.06887128406700523
0.1795,0.0405004993081092,0.00030517578125,0.06887670500871544
0.18,0.0405004508793354,0.0,0.06885171793048332
0.1805,0.0405004173517227,0.00030517578125,0.06883453109243125
0.181,0.0405004695057868,0.0006103515625,0.0688612079018365
0.1815,0.0405001752078533,-0.00030517578125,0.0687115771911832
0.182,0.0405003540217876,0.00030517578125,0.068804554618877
0.1825,0.0405003353953361,0.0006103515625,0.06879583400610308
0.183,0.0405004024505615,0.0,0.06883065586349839
0.1835,0.0405007526278495,0.0,0.06900938414533876
0.184,0.0405004434287548,0.0006103515625,0.06885024360447772
0.1845,0.040500484406948,0.00030517578125,0.06887103250482805
0.185,0.0405004732310771,0.00030517578125,0.06886508494614055
0.1855,0.040500421077013,0.0,0.06883827257098164
0.186,0.040500558912754,0.0,0.06890856695313315
0.1865,0.0405003428459167,0.00030517578125,0.06879781984527508
0.187,0.0405005365610122,0.0,0.0688969255639577
0.1875,0.0405003614723682,0.0006103515625,0.06880727457936514
0.1879999999999999,0.0405002571642398,0.0,0.06875501518289943
0.1885,0.040500309318304,0.0,0.06878307427319778
0.1889999999999999,0.0405002832412719,0.00030517578125,0.06877096012561475
0.1895,0.0405003204941749,0.00091552734375,0.06879113084372274
0.1899999999999999,0.0405004322528839,0.0,0.0688487537963183
0.1905,0.0405004769563674,0.00030517578125,0.06887148087505235
0.1909999999999999,0.0405005477368831,0.0006103515625,0.06890731052712885
0.1915,0.0405003279447555,0.0,0.06879470629875388
0.1919999999999999,0.0405004397034645,0.0006103515625,0.06885221958012153
0.1925,0.0405004434287548,0.0006103515625,0.06885402024434174
0.1929999999999999,0.0405006073415279,0.0,0.06893748103131131
0.1935,0.0405003316700458,0.0,0.0687961264897192
0.1939999999999999,0.0405004099011421,0.0,0.06883658158843757
0.1945,0.040500596165657,-0.00030517578125,0.06893164294316313
0.1949999999999999,0.0405004173517227,0.0006103515625,0.06883968815092455
0.1955,0.0405006930232048,0.0,0.06898031671497085
0.1959999999999999,0.0405002050101757,0.00030517578125,0.0687304688813549
0.1965,0.04050038382411,0.0,0.06882310815748008
0.1969999999999999,0.0405004657804966,-0.00030517578125,0.06886506454261139
0.1975,0.040500845760107,-0.00030517578125,0.06905868119559729
0.1979999999999999,0.0405006892979145,0.00030517578125,0.06897692507856425
0.1985,0.0405003763735294,0.00030517578125,0.0688161085803673
0.1989999999999999,0.0405005365610122,0.0006103515625,0.06889795737997631
0.1995,0.0405003689229488,0.0,0.06881205209801192
0.1999999999999999,0.0405003800988197,0.00030517578125,0.06881824021844372
0.2005,0.0405004695057868,0.00030517578125,0.06886407260790002
0.2009999999999999,0.0405004546046257,0.00030517578125,0.06885631099427264
0.2015,0.0405002683401107,-0.00030517578125,0.06876163255500717
0.2019999999999999,0.0405001640319824,0.0,0.06871018692414556
0.2025,0.0405004620552063,0.0,0.06886373433024114
0.2029999999999999,0.0405006669461727,0.00030517578125,0.06896805209607676
0.2035,0.0405004993081092,0.0,0.06888143866825666
0.2039999999999999,0.0405003987252712,0.00030517578125,0.06882979972622584
0.2045,0.0405005738139152,0.0006103515625,0.06891917998511858
0.2049999999999999,0.0405003949999809,0.0006103515625,0.06882741130065925
0.2055,0.0405001789331436,-0.00030517578125,0.06871807591366752
0.2059999999999999,0.0405002944171428,0.00030517578125,0.0687788355018141
0.2065,0.0405003689229488,0.00030517578125,0.06881781554349216
0.2069999999999999,0.0405004024505615,0.00030517578125,0.0688352721272321
0.2075,0.0405005626380443,0.0,0.06891698019748481
0.2079999999999999,0.0405006483197212,0.00030517578125,0.0689600135715915
0.2085,0.0405003800988197,0.00030517578125,0.06882217348867167
0.2089999999999999,0.0405005477368831,0.0006103515625,0.06890775228652825
0.2095,0.0405006408691406,0.0006103515625,0.06895466771080949
0.2099999999999999,0.040500558912754,0.0,0.06891187324769221
0.2105,0.0405003577470779,0.0,0.06880864915124385
0.2109999999999999,0.0405006743967533,0.00030517578125,0.0689703269819561
0.2115,0.0405006892979145,0.0006103515625,0.06897683158074593
0.2119999999999999,0.040500272065401,-0.00030517578125,0.06876300701154406
0.2125,0.0405004546046257,0.00030517578125,0.06885707541569046
0.2129999999999999,0.0405002497136592,0.00030517578125,0.06875294313062268
0.2135,0.0405004806816577,0.00030517578125,0.06887172612120608
0.2139999999999999,0.0405005179345607,0.00030517578125,0.06889049473887217
0.2145,0.0405003279447555,0.0006103515625,0.0687932721907935
0.2149999999999999,0.0405003540217876,0.0,0.06880738151494133
0.2155,0.0405002273619174,-0.00030517578125,0.06874366781340048
0.2159999999999999,0.0405006520450115,0.00030517578125,0.06896098597225275
0.2165,0.0405006594955921,-0.00030517578125,0.06896370362938253
0.2169999999999999,0.0405007414519786,0.00030517578125,0.06900439470202034
0.2175,0.040500558912754,0.0006103515625,0.0689098230589359
0.2179999999999999,0.040500458329916,-0.00030517578125,0.06885790913695444
0.2185,0.0405006408691406,0.0,0.06895086175794096
0.2189999999999999,0.0405004546046257,0.00030517578125,0.0688549272207752
0.2195,0.04050063341856,-0.00030517578125,0.06894598217279194
0.2199999999999999,0.0405004955828189,0.0006103515625,0.06887478876479476
0.2205,0.0405004657804966,-0.00030517578125,0.06885927322337214
0.2209999999999999,0.0405005812644958,0.0,0.06891797048709963
0.2215,0.0405006520450115,0.0,0.06895342308875271
0.2219999999999999,0.0405003875494003,0.00030517578125,0.06881759599623209
0.2225,0.040500596165657,0.0006103515625,0.06892416035670285
0.2229999999999999,0.0405004993081092,0.00030517578125,0.06887407696760203
0.2235,0.0405003055930137,0.00030517578125,0.0687751981531075
0.2239999999999999,0.0405004657804966,0.0006103515625,0.0688576450540383
0.2245,0.0405002944171428,0.00030517578125,0.06877043675761134
0.2249999999999999,0.0405004434287548,0.0,0.06884727465304781
0.2255,0.0405005514621734,0.00030517578125,0.06890235397526569
0.2259999999999999,0.0405003316700458,0.0,0.06878986635037648
0.2265,0.0405003502964973,0.0,0.06880021917750344
0.2269999999999999,0.0405004508793354,0.0,0.0688520079215197
0.2275,0.0405005365610122,-0.00030517578125,0.0688956336754554
0.2279999999999999,0.0405004173517227,0.00030517578125,0.0688343802874671
0.2285,0.0405008047819137,0.00030517578125,0.06903206817318376
0.2289999999999999,0.0405004657804966,0.00030517578125,0.06885750727099743
0.2295,0.0405005365610122,-0.00030517578125,0.06889343034519456
0.2299999999999999,0.0405004620552063,0.00030517578125,0.06885500413418404
0.2305,0.0405004322528839,0.00030517578125,0.06883970111637938
0.2309999999999999,0.0405004322528839,-0.00030517578125,0.0688397508890207
0.2315,0.0405004620552063,0.00030517578125,0.06885499566710851
0.2319999999999999,0.0405003577470779,0.0,0.0688018793163667
0.2325,0.0405004359781742,0.00030517578125,0.06884228312035189
0.2329999999999999,0.0405005253851413,0.0006103515625,0.06888787555075211
0.2335,0.04050038382411,0.0006103515625,0.0688153644391443
0.2339999999999999,0.0405003242194652,0.0,0.06878560656418024
0.2345,0.0405004620552063,0.0,0.06885653939758142
0.235,0.0405007489025592,0.0,0.06900266977432064
0.2355,0.0405007973313331,0.00030517578125,0.06902600813827445
0.236,0.0405001379549503,0.0006103515625,0.06868838767486721
0.2365,0.0405005700886249,0.00030517578125,0.06891034258157927
0.237,0.0405005812644958,0.00030517578125,0.06891549840351874
0.2375,0.0405003130435943,0.00030517578125,0.06877815655875899
0.238,0.0405004024505615,0.0,0.06882459460855679
0.2385,0.0405005551874637,0.00030517578125,0.06890266836510056
0.239,0.0405004024505615,0.0,0.06882429860095048
0.2395,0.0405005179345607,0.0,0.06888325946657513
0.24,0.0405008643865585,0.0006103515625,0.06905961040441831
0.2405,0.0405003800988197,-0.00030517578125,0.06881064829627258
0.241,0.0405005142092704,0.00030517578125,0.06887922084616017
0.2415,0.0405005626380443,0.00030517578125,0.06890360586742662
0.242,0.0405004732310771,0.0006103515625,0.06885748360527402
0.2425,0.0405004993081092,0.00030517578125,0.06887061203950494
0.243,0.040500596165657,0.0,0.06891974912891392
0.2435,0.0405002795159816,0.0,0.06875780456448312
0.244,0.040500272065401,0.00030517578125,0.06875548663739273
0.2445,0.0405005477368831,0.0,0.06889700727250035
0.245,0.0405004434287548,0.00030517578125,0.06884338027306605
0.2455,0.0405005514621734,0.00030517578125,0.06889845971223572
0.246,0.0405003391206264,-0.0006103515625,0.06878978097023229
0.2465,0.0405005291104316,-0.00030517578125,0.06888714131060593
0.247,0.0405005291104316,0.0,0.06888676479174571
0.2475,0.04050038382411,0.00030517578125,0.0688123415000122
0.248,0.0405003987252712,0.0,0.06882039704967433
0.2485,0.04050063341856,0.00030517578125,0.06894029748075327
0.249,0.0405002832412719,0.0,0.068761048854481
0.2495,0.0405003540217876,0.0006103515625,0.0687983637567078
0.25,0.0405004322528839,0.00091552734375,0.06883886662657292
0.2504999999999999,0.0405004061758518,0.00030517578125,0.06882576998578094
0.251,0.0405002906918525,0.0006103515625,0.06876748367741103
0.2514999999999999,0.0405006408691406,0.0006103515625,0.06894667881869271
0.252,0.0405008606612682,0.0006103515625,0.06905789112649272
0.2524999999999999,0.0405004806816577,0.0,0.06886213767948225
0.253,0.0405003614723682,0.0006103515625,0.06880126960111833
0.2534999999999999,0.0405005998909473,0.0,0.06892324458177118
0.254,0.040500272065401,0.0,0.06875555752983774
0.2544999999999999,0.0405004695057868,0.00030517578125,0.06885727821242209
0.255,0.0405003577470779,0.0,0.06880041341783714
0.2554999999999999,0.0405001826584339,0.00030517578125,0.06871229001773782
0.256,0.0405005067586898,0.0,0.0688789810076853
0.2564999999999999,0.0405004918575286,0.0,0.06887115585296778
0.257,0.0405002310872077,0.0,0.06873843051974013
0.2574999999999999,0.0405003167688846,0.0,0.06878365042768027
0.258,0.0405006594955921,0.00030517578125,0.06895890265281027
0.2584999999999999,0.0405005365610122,0.0006103515625,0.06889514655499353
0.259,0.0405006222426891,-0.00030517578125,0.06893833146170683
0.2594999999999999,0.040500558912754,-0.00030517578125,0.06890517138544681
0.26,0.040500521659851,0.00030517578125,0.06888559736798348
0.2604999999999999,0.0405005738139152,0.0006103515625,0.0689118075067595
0.261,0.040500458329916,0.0,0.06885232109751041
0.2614999999999999,0.040500458329916,0.00091552734375,0.06885222904560843
0.262,0.0405004471540451,0.0,0.06884643698972173
0.2624999999999999,0.0405006036162376,0.00030517578125,0.0689261905341392
0.263,0.0405003614723682,0.00030517578125,0.06880209312688715
0.2634999999999999,0.0405002571642398,0.00030517578125,0.06874987624596358
0.264,0.0405003949999809,0.00030517578125,0.06882141442677281
0.2644999999999999,0.0405005253851413,0.00030517578125,0.06888809035356269
0.265,0.0405006259679794,0.0006103515625,0.0689389620423196
0.2654999999999999,0.0405005700886249,0.0,0.06890963499203294
0.266,0.0405002571642398,0.0,0.06874973811458926
0.2664999999999999,0.0405003912746906,0.00030517578125,0.06881938354208661
0.267,0.0405004695057868,0.00030517578125,0.06885952995464156
0.2674999999999999,0.0405004285275936,0.00030517578125,0.06883853243253882
0.268,0.0405003167688846,0.00030517578125,0.0687819466670621
0.2684999999999999,0.040500309318304,0.00091552734375,0.06877926964926005
0.269,0.0405003279447555,0.00030517578125,0.0687898677781914
0.2694999999999999,0.0405004024505615,-0.0006103515625,0.06882864593849007
0.27,0.0405003949999809,0.00030517578125,0.06882510797402358
0.2704999999999999,0.0405007116496562,0.0,0.0689867148165454
0.271,0.0405006818473339,0.0,0.06897023310509365
0.2714999999999999,0.0405004471540451,0.00030517578125,0.06884937337712865
0.272,0.0405005551874637,-0.00030517578125,0.06890433447348324
0.2724999999999999,0.0405006818473339,0.0006103515625,0.06896841854234909
0.273,0.0405003726482391,0.0,0.06880967352417564
0.2734999999999999,0.0405006073415279,0.00030517578125,0.0689296007414555
0.274,0.0405005179345607,0.00030517578125,0.06888327983476807
0.2744999999999999,0.0405001230537891,-0.00030517578125,0.06868217226772631
0.275,0.040500484406948,0.00030517578125,0.06886822132285236
0.2754999999999999,0.0405004620552063,0.00030517578125,0.0688566175899483
0.276,0.0405006520450115,0.00030517578125,0.06895335190603546
0.2764999999999999,0.0405003502964973,0.0,0.06879852821902477
0.277,0.0405004732310771,0.00030517578125,0.06886164711375448
0.2774999999999999,0.0405004173517227,0.0006103515625,0.068832997428521
0.278,0.0405005402863025,0.0,0.06889572263698408
0.2784999999999999,0.040500596165657,0.00030517578125,0.06892368449557201
0.279,0.0405008718371391,0.0006103515625,0.06906356871446205
0.2794999999999999,0.0405005477368831,0.00091552734375,0.06889626880170115
0.28,0.0405002497136592,0.0,0.06874416888531427
0.2804999999999999,0.0405002608895301,0.0,0.06875159500023052
0.281,0.0405003204941749,-0.00030517578125,0.06878346197478374
0.2815,0.0405004806816577,0.0,0.06886583866117764
0.282,0.0405005030333995,0.0,0.06887703135023318
0.2825,0.04050063341856,0.00030517578125,0.06894324478261898
0.283,0.0405002906918525,0.00030517578125,0.0687676985302403
0.2835,0.0405006594955921,0.0,0.06895637551068945
0.284,0.0405007265508174,0.00030517578125,0.06898958482407849
0.2845,0.0405003726482391,0.00030517578125,0.06880776600460663
0.285,0.040500596165657,0.00030517578125,0.06892196210189279
0.2855,0.040500458329916,0.0,0.06885101479420436
0.286,0.0405003763735294,0.00030517578125,0.06880927214622592
0.2865,0.0405005477368831,0.0,0.06889697363045054
0.287,0.0405003726482391,0.0006103515625,0.06880726553389968
0.2875,0.0405006445944309,0.00030517578125,0.06894621791690769
0.288,0.040500558912754,0.0,0.068901636881278
0.2885,0.0405002124607563,-0.00030517578125,0.06872480310554833
0.289,0.0405004397034645,0.0,0.06884207549297444
0.2895,0.0405006296932697,0.0006103515625,0.06893902769689753
0.29,0.0405003689229488,-0.00030517578125,0.06880525188780455
0.2905,0.0405006818473339,0.00030517578125,0.06896513888341708
0.291,0.0405004508793354,0.00030517578125,0.06884631455765607
0.2915,0.0405004173517227,0.00030517578125,0.06882917981368063
0.292,0.0405006147921085,0.00030517578125,0.06892992715692156
0.2925,0.0405006073415279,0.00030517578125,0.06892539980509282
0.293,0.0405002534389495,0.00030517578125,0.06874438874752431
0.2935,0.040500734001398,0.00030517578125,0.06899027544220628
0.294,0.0405007824301719,0.0,0.06901369336130563
0.2945,0.0405003577470779,0.0006103515625,0.06879567516324746
0.295,0.0405002310872077,-0.00030517578125,0.06873226512132778
0.2955,0.0405003763735294,0.00091552734375,0.0688079063003562
0.296,0.040500521659851,0.00030517578125,0.06888231872387443
0.2965,0.0405002608895301,0.0006103515625,0.06874928526317373
0.297,0.0405004769563674,0.00030517578125,0.06886051350906923
0.2975,0.0405003651976585,0.0006103515625,0.06880357629122123
0.298,0.0405002981424331,0.0006103515625,0.06877024046113552
0.2985,0.0405005998909473,0.00030517578125,0.06892478402971973
0.299,0.0405005179345607,0.0,0.06888228504144453
0.2995,0.0405005067586898,0.0006103515625,0.06887622220142693
0.3,0.0405004546046257,0.0,0.06884933397532966
0.3005,0.0405004993081092,-0.00030517578125,0.06887206665273421
0.301,0.0405004359781742,0.0,0.0688395263075574
0.3015,0.0405005253851413,0.0,0.06888513170655507
0.302,0.0405004471540451,-0.00030517578125,0.06884489402606085
0.3025,0.0405003875494003,0.0,0.06881454421086018
0.303,0.0405006520450115,0.0006103515625,0.06894962666217516
0.3035,0.0405003279447555,0.0,0.06878349547486252
0.304,0.0405004024505615,0.0,0.06882228896523346
0.3045,0.040500484406948,0.0,0.06886428829008225
0.305,0.0405005291104316,0.0006103515625,0.06888686150314706
0.3055,0.0405007898807525,0.0,0.06901946651780878
0.306,0.0405006930232048,0.0,0.06896845666767497
0.3065,0.0405006743967533,0.0,0.06895784025692711
0.307,0.0405003018677234,0.00030517578125,0.06876695141053603
0.3075,0.0405006594955921,0.00030517578125,0.06894998999175758
0.308,0.0405003614723682,-0.00030517578125,0.06879721939937558
0.3085,0.0405002161860466,0.0,0.06872437474356861
0.309,0.0405001528561115,0.0,0.06869442915519718
0.3095,0.0405002310872077,0.0006103515625,0.06873675246799278
0.31,0.0405004099011421,0.0,0.06882935534197278
0.3105,0.0405004397034645,-0.00030517578125,0.06884473156970289
0.311,0.0405005142092704,0.0,0.06888270822904863
0.3115,0.0405002124607563,0.0006103515625,0.06872886376926353
0.312,0.0405005030333995,0.0006103515625,0.06887822940413517
0.3125,0.0405005551874637,0.00091552734375,0.06890455724165227
0.3129999999999999,0.0405004061758518,0.0,0.06882804565358439
0.3135,0.0405005924403667,0.00030517578125,0.06892313304228995
0.3139999999999999,0.0405004620552063,0.0006103515625,0.06885596793845465
0.3145,0.0405003316700458,-0.00030517578125,0.06878955550781658
0.3149999999999999,0.0405003912746906,0.00030517578125,0.06882074859182409
0.3155,0.0405002422630786,-0.00030517578125,0.06874551137957227
0.3159999999999999,0.0405004993081092,0.0,0.06887763064867894
0.3165,0.0405003055930137,0.0,0.0687786904183989
0.3169999999999999,0.0405005663633346,-0.00030517578125,0.06891215085022191
0.3175,0.0405003167688846,-0.00030517578125,0.06878431397544021
0.3179999999999999,0.0405004993081092,0.0,0.06887793173012444
0.3185,0.0405004061758518,0.00030517578125,0.06883017881042813
0.3189999999999999,0.0405004099011421,0.00030517578125,0.06883226681965186
0.3195,0.0405005551874637,0.0006103515625,0.06890641003089772
0.3199999999999999,0.0405005924403667,0.0,0.06892486222555855
0.3205,0.0405001193284988,0.0006103515625,0.06868330392816467
0.3209999999999999,0.0405006036162376,0.0006103515625,0.06893173521034719
0.3215,0.0405005104839801,0.0,0.06888360738441722
0.3219999999999999,0.0405000448226928,-0.00030517578125,0.06864682805409987
0.3225,0.0405002385377883,0.00030517578125,0.06874845917104608
0.3229999999999999,0.0405004806816577,0.00030517578125,0.06887300579536983
0.3235,0.0405006930232048,-0.00030517578125,0.06898106959825345
0.3239999999999999,0.0405004471540451,0.0006103515625,0.0688544350415543
0.3245,0.0405010059475898,0.0006103515625,0.06913947980976136
0.3249999999999999,0.0405004248023033,0.0,0.06884037191314739
0.3255,0.0405006445944309,0.0006103515625,0.06895243338489256
0.3259999999999999,0.040500421077013,0.0006103515625,0.06883749625707751
0.3265,0.0405007414519786,-0.00030517578125,0.0690008824193089
0.3269999999999999,0.0405006967484951,0.0,0.06897667007886658
0.3275,0.0405004397034645,-0.00030517578125,0.06884439181895521
0.3279999999999999,0.04050038382411,0.0,0.06881597048573462
0.3285,0.0405006036162376,0.0006103515625,0.06892825217807554
0.3289999999999999,0.0405006445944309,0.00091552734375,0.06894839131656233
0.3295,0.0405004546046257,0.0,0.06885055650814809
0.3299999999999999,0.0405004471540451,0.0,0.06884666998787163
0.3305,0.0405004397034645,0.0,0.06884287113638883
0.3309999999999999,0.0405003502964973,0.0006103515625,0.06879752956881853
0.3315,0.0405004136264324,0.0006103515625,0.06883045368949105
0.3319999999999999,0.0405004695057868,0.00030517578125,0.06885906199927935
0.3325,0.0405004136264324,-0.00030517578125,0.06883041227561273
0.3329999999999999,0.040500558912754,0.0006103515625,0.06890456486588273
0.3335,0.0405004546046257,0.0,0.06885084329354695
0.3339999999999999,0.040500421077013,0.0006103515625,0.06883367851040542
0.3345,0.0405004806816577,0.00030517578125,0.06886413700434628
0.3349999999999999,0.0405005104839801,0.00030517578125,0.06887914389373852
0.3355,0.0405003800988197,0.0,0.06881234543032919
0.3359999999999999,0.0405005067586898,0.0,0.06887713990390239
0.3365,0.0405006036162376,0.00030517578125,0.06892621419007537
0.3369999999999999,0.0405005887150764,0.0006103515625,0.06891786974289538
0.3375,0.0405004173517227,0.0,0.0688298454921825
0.3379999999999999,0.0405004061758518,0.0,0.06882437520483141
0.3385,0.0405005440115928,0.00030517578125,0.06889481385279736
0.3389999999999999,0.0405005104839801,0.00030517578125,0.06887727677731618
0.3395,0.0405003018677234,0.0,0.06877083356013623
0.3399999999999999,0.0405003428459167,-0.00030517578125,0.06879288990404012
0.3405,0.0405003204941749,0.00030517578125,0.06878240456671245
0.3409999999999999,0.0405005514621734,-0.00030517578125,0.06890067821000896
0.3415,0.0405005700886249,0.0,0.06890970318496331
0.3419999999999999,0.0405002608895301,0.0006103515625,0.06875170343434894
0.3425,0.0405003763735294,0.00030517578125,0.06881191400015176
0.3429999999999999,0.040500309318304,0.0,0.06877851661738697
0.3435,0.0405002981424331,0.00030517578125,0.0687740319771977
0.344,0.040500272065401,0.00030517578125,0.06876205761906097
0.3445,0.0405004099011421,0.00091552734375,0.06883345189767637
0.345,0.0405004099011421,0.00030517578125,0.06883362597572737
0.3455,0.0405006818473339,0.0006103515625,0.0689723899534838
0.346,0.0405004546046257,0.0,0.06885538719453826
0.3465,0.0405003912746906,0.00030517578125,0.06882303524970271
0.347,0.0405003726482391,0.00030517578125,0.06881389947805187
0.3475,0.0405006594955921,0.0006103515625,0.06896044804351625
0.348,0.0405003428459167,0.0,0.06879803699115045
0.3485,0.0405004359781742,0.0,0.06884605520553219
0.349,0.0405004806816577,0.0006103515625,0.06886882119332867
0.3495,0.0405004955828189,0.00030517578125,0.06887617852400173
0.35,0.0405004955828189,0.0006103515625,0.06887586434245396
0.3505,0.040500596165657,0.0,0.06892686885964538
0.351,0.0405003353953361,0.00030517578125,0.06879327025050212
0.3515,0.0405002795159816,0.00030517578125,0.0687658203445092
0.352,0.0405002310872077,0.00030517578125,0.06874269000014314
0.3525,0.0405001752078533,0.00030517578125,0.06871604236492934
0.353,0.0405006073415279,0.0,0.06893756348066764
0.3535,0.0405003577470779,0.0,0.0688094845563491
0.354,0.0405004620552063,0.0,0.06886297930156282
0.3545,0.0405002646148204,0.0,0.06876232463930458
0.355,0.0405008196830749,0.00030517578125,0.06904601177284873
0.3555,0.0405005067586898,0.0006103515625,0.06888456366460183
0.356,0.0405004918575286,0.0,0.06887655723808955
0.3565,0.0405003949999809,0.00030517578125,0.06882689588606636
0.357,0.0405004099011421,0.0,0.06883472287710693
0.3575,0.0405004397034645,0.0,0.06885000863473995
0.358,0.040500421077013,0.00030517578125,0.06884043791972655
0.3585,0.0405006520450115,-0.00030517578125,0.06895825250147883
0.359,0.0405003987252712,-0.00030517578125,0.0688280808355591
0.3595,0.04050063341856,-0.00030517578125,0.06894786720149851
0.36,0.0405004173517227,0.00030517578125,0.06883680311904676
0.3605,0.0405004061758518,-0.00030517578125,0.06883125094566964
0.361,0.0405002981424331,-0.00030517578125,0.06877671571630915
0.3615,0.0405001379549503,0.0,0.06869665492110051
0.362,0.0405003167688846,0.00030517578125,0.06878991076436519
0.3625,0.0405003875494003,0.0,0.06882685252207675
0.363,0.0405002832412719,0.00030517578125,0.06877425875130574
0.3635,0.0405004248023033,0.00030517578125,0.06884727652940117
0.364,0.0405005775392055,0.0006103515625,0.06892512865034975
0.3645,0.0405002608895301,0.00030517578125,0.06876307040819017
0.365,0.0405002906918525,0.0006103515625,0.06877954665364275
0.3655,0.0405004732310771,0.00030517578125,0.06887335664270612
0.366,0.0405004136264324,0.00030517578125,0.06884271998917676
0.3665,0.0405005179345607,0.0,0.06889589605040639
0.367,0.0405003912746906,0.00030517578125,0.06883088124683599
0.3675,0.0405003987252712,-0.00030517578125,0.06883485483501887
0.368,0.0405004434287548,-0.00030517578125,0.0688576879697062
0.3685,0.0405007265508174,0.0006103515625,0.06900194676578791
0.369,0.0405005402863025,0.0,0.06890554908125572
0.3695,0.0405002310872077,0.00030517578125,0.06874753355065454
0.37,0.0405004322528839,0.0006103515625,0.0688511869046873
0.3705,0.0405006967484951,0.00030517578125,0.06898600816863258
0.371,0.0405006445944309,0.0006103515625,0.06895814418106572
0.3715,0.0405002050101757,0.0,0.06873300901217212
0.372,0.0405005663633346,0.0006103515625,0.06891822573036456
0.3725,0.0405004024505615,0.0,0.06883408260707906
0.373,0.0405002199113369,-0.0006103515625,0.06874169368730051
0.3735,0.0405001975595951,-0.00030517578125,0.06873213071611513
0.374,0.0405003912746906,0.0006103515625,0.06883237067616824
0.3745,0.0405002608895301,0.00030517578125,0.06876640984343643
0.375,0.0405004285275936,0.00091552734375,0.06885276949717857
0.3754999999999999,0.0405006073415279,0.0006103515625,0.06894390514056617
0.376,0.0405003167688846,-0.0006103515625,0.06879493199595557
0.3764999999999999,0.0405004397034645,0.00030517578125,0.06885812958363557
0.377,0.040500521659851,0.0006103515625,0.0688997768499081
0.3774999999999999,0.0405004732310771,0.0006103515625,0.06887455189076461
0.378,0.0405005477368831,-0.00030517578125,0.06891222949718709
0.3784999999999999,0.0405004993081092,0.0,0.068886918101743
0.379,0.0405003726482391,0.0,0.06882198777184513
0.3794999999999999,0.0405003316700458,0.0,0.06880155218123063
0.38,0.0405003949999809,0.00030517578125,0.06883439024678874
0.3804999999999999,0.0405005738139152,0.00030517578125,0.0689256432580681
0.381,0.0405004881322383,0.0,0.0688812219687705
0.3814999999999999,0.040500484406948,0.0,0.0688789742696817
0.382,0.0405004173517227,0.0006103515625,0.06884444335748775
0.3824999999999999,0.0405007749795913,0.0006103515625,0.06902682801237872
0.383,0.0405005402863025,0.0,0.06890548879730578
0.3834999999999999,0.040500421077013,0.0,0.06884422233722183
0.384,0.0405001379549503,0.0,0.06870062647920605
0.3844999999999999,0.0405005142092704,-0.00030517578125,0.06889411369803576
0.385,0.0405002571642398,0.0,0.06876287700278393
0.3854999999999999,0.040500484406948,0.00030517578125,0.06887960819571362
0.386,0.0405003651976585,0.0,0.06881858596722186
0.3864999999999999,0.0405003130435943,0.0,0.068792490401712
0.387,0.0405004881322383,0.0,0.06888222672541555
0.3874999999999999,0.0405003614723682,0.0,0.06881732561619276
0.388,0.0405004285275936,0.00030517578125,0.06885176617572768
0.3884999999999999,0.0405005738139152,0.0006103515625,0.06892577711748847
0.389,0.0405004397034645,-0.0006103515625,0.0688566727155044
0.3894999999999999,0.0405004322528839,0.0,0.06885270811274319
0.39,0.0405005626380443,0.00030517578125,0.06891908855399988
0.3904999999999999,0.0405002534389495,0.0,0.06876077854674269
0.391,0.0405007153749465,0.0006103515625,0.0689969367351555
0.3914999999999999,0.0405004769563674,0.0,0.06887398145538653
0.392,0.0405003763735294,0.00030517578125,0.06882242824082979
0.3924999999999999,0.0405004136264324,0.00030517578125,0.06884167623477873
0.393,0.040500484406948,0.00030517578125,0.0688777641274013
0.3934999999999999,0.0405004397034645,0.00030517578125,0.06885472118407417
0.394,0.0405002161860466,0.00030517578125,0.06874118540026679
0.3944999999999999,0.0405002459883689,0.0,0.0687580654761969
0.395,0.0405004359781742,0.00030517578125,0.06885596211363744
0.3954999999999999,0.0405003875494003,0.00030517578125,0.06883118372748138
0.396,0.0405004061758518,0.00030517578125,0.0688408392420845
0.3964999999999999,0.040500346571207,0.0,0.06881065274151334
0.397,0.0405003316700458,-0.00030517578125,0.06880364544829679
0.3974999999999999,0.0405005253851413,-0.00030517578125,0.06890277013448769
0.398,0.040500521659851,0.0006103515625,0.06890035410628934
0.3984999999999999,0.0405002757906913,0.00030517578125,0.06877453086041746
0.399,0.0405005328357219,0.0006103515625,0.06890613386992067
0.3994999999999999,0.0405004359781742,0.00030517578125,0.06885625203865588
0.4,0.0405002310872077,0.00030517578125,0.06875212574450919
0.4004999999999999,0.0405002236366272,0.00030517578125,0.06874987269344066
0.401,0.0405005440115928,0.0,0.06891407071559615
0.4014999999999999,0.0405006967484951,0.00030517578125,0.06899140181356003
0.402,0.0405002236366272,0.0,0.06874895890280118
0.4024999999999999,0.0405006147921085,0.00030517578125,0.06894918121432289
0.403,0.0405007563531398,0.00030517578125,0.06902046470605475
0.4034999999999999,0.0405003204941749,0.0,0.06879656178036825
0.404,0.0405005849897861,0.00030517578125,0.06893171742469131
0.4044999999999999,0.04050063341856,0.0006103515625,0.06895569181047398
0.405,0.0405001305043697,0.0,0.06869863605807457
0.4054999999999999,0.0405003130435943,0.0,0.0687936674612312
0.406,0.0405005477368831,0.00030517578125,0.06891377498938114
0.4065,0.0405003987252712,0.00030517578125,0.06883719841657165
0.407,0.040500346571207,0.0006103515625,0.06881080798947238
0.4075,0.0405005402863025,0.0006103515625,0.06890983654184503
0.408,0.04050063341856,-0.00030517578125,0.06895674237834294
0.4085,0.0405002795159816,0.0,0.06877526751894486
0.409,0.040500558912754,0.00030517578125,0.06891820455006813
0.4095,0.0405005998909473,0.00030517578125,0.06893846534223752
0.41,0.0405003391206264,0.0,0.06880471187470139
0.4105,0.040500421077013,-0.00030517578125,0.06884694807357485
0.411,0.0405004620552063,0.0,0.06886780721430773
0.4115,0.0405004285275936,-0.00030517578125,0.06885051095955302
0.412,0.0405003540217876,0.0,0.06881256252140903
0.4125,0.040500521659851,0.00030517578125,0.06889825118046156
0.413,0.0405007600784301,0.0,0.06901936200147334
0.4135,0.0405002944171428,0.00030517578125,0.068780333001254
0.414,0.0405004657804966,0.0006103515625,0.06886831566146703
0.4145,0.0405004248023033,-0.00030517578125,0.06884719397897379
0.415,0.0405005924403667,0.00030517578125,0.06893259603090454
0.4155,0.0405004769563674,0.0,0.06887287133733602
0.416,0.0405006483197212,0.0,0.06895994608504787
0.4165,0.0405004918575286,0.0,0.0688791518126728
0.417,0.0405002497136592,0.0,0.06875568211906126
0.4175,0.0405004397034645,0.0006103515625,0.06885366463705156
0.418,0.040500272065401,0.00030517578125,0.06876850389005942
0.4185,0.0405003279447555,0.0,0.0687981065763727
0.419,0.0405005253851413,0.0,0.06889915524089588
0.4195,0.0405004322528839,0.0,0.06885115569618025
0.42,0.0405005179345607,0.0,0.06889474228440955
0.4205,0.0405003726482391,0.00091552734375,0.06882022644066772
0.421,0.0405004285275936,0.0,0.06884893673698614
0.4215,0.0405006781220436,0.00030517578125,0.06897620541358519
0.422,0.040500346571207,0.0,0.06880599455816341
0.4225,0.0405006743967533,0.0,0.0689734515281319
0.423,0.0405005291104316,0.00030517578125,0.06889820479429659
0.4235,0.0405005253851413,0.00030517578125,0.06889574028661112
0.424,0.0405007377266883,0.00030517578125,0.0690035291029573
0.4245,0.0405005887150764,0.0006103515625,0.0689260802770539
0.425,0.040500346571207,0.00030517578125,0.06880194770364753
0.4255,0.0405002608895301,0.0006103515625,0.06875921591683484
0.426,0.040500309318304,0.0,0.06878522910628779
0.4265,0.0405006557703018,0.0006103515625,0.06896245474832675
0.427,0.0405004397034645,-0.0006103515625,0.06885123660191168
0.4275,0.0405006110668182,0.0,0.06893851865235112
0.428,0.0405004508793354,0.0,0.06885602159151334
0.4285,0.0405002757906913,0.00030517578125,0.06876693390402615
0.429,0.0405003577470779,0.00030517578125,0.06880983528447995
0.4295,0.0405003651976585,0.00030517578125,0.06881422863066096
0.43,0.0405003987252712,0.00030517578125,0.06883174784442178
0.4305,0.0405004434287548,-0.00030517578125,0.06885466419448776
0.431,0.0405003540217876,0.0006103515625,0.06880913418671152
0.4315,0.0405002534389495,0.0006103515625,0.06875868807208078
0.432,0.04050038382411,0.0006103515625,0.06882631081945466
0.4325,0.0405003651976585,0.0,0.06881711431919375
0.433,0.0405006818473339,0.00030517578125,0.06897875957522849
0.4335,0.0405005849897861,0.0,0.06892812320444566
0.434,0.0405005663633346,0.00030517578125,0.06891784109448304
0.4345,0.0405003763735294,0.00030517578125,0.06882031493206553
0.435,0.0405004136264324,0.0,0.0688395883689525
0.4355,0.0405004099011421,0.00030517578125,0.06883774527821157
0.436,0.0405005328357219,0.0,0.06890042980950242
0.4365,0.0405006557703018,0.0006103515625,0.0689626055120848
0.437,0.0405005551874637,0.001220703125,0.068910242147999
0.4375,0.0405003689229488,0.0006103515625,0.06881468446472216
0.4379999999999999,0.0405004024505615,0.0,0.068832176291611
0.4385,0.0405003577470779,0.0006103515625,0.06880967974224533
0.4389999999999999,0.0405004248023033,0.0,0.06884429598804441
0.4395,0.0405003130435943,0.0006103515625,0.06878751182907028
0.4399999999999999,0.0405005365610122,0.00030517578125,0.06890190133465422
0.4405,0.0405005738139152,-0.00030517578125,0.0689203794376953
0.4409999999999999,0.0405004769563674,-0.00030517578125,0.06887030015197408
0.4415,0.040500458329916,0.0,0.06886053753054712
0.4419999999999999,0.0405005067586898,0.00030517578125,0.06888504666779931
0.4425,0.0405005626380443,0.00030517578125,0.06891316145656172
0.4429999999999999,0.0405004993081092,0.0,0.0688802212514695
0.4435,0.0405007228255271,0.00030517578125,0.06899391227602451
0.4439999999999999,0.0405002497136592,-0.00030517578125,0.06875150427321816
0.4445,0.0405002683401107,0.0006103515625,0.06876243621046386
0.4449999999999999,0.0405006147921085,0.00091552734375,0.06893974834699942
0.4455,0.0405005328357219,0.0006103515625,0.06889709523709403
0.4459999999999999,0.0405004732310771,-0.00030517578125,0.06886619548975474
0.4465,0.0405006408691406,0.00030517578125,0.06895147290090302
0.4469999999999999,0.0405004695057868,0.0006103515625,0.06886313702220849
0.4475,0.0405004657804966,0.00030517578125,0.0688610555525371
0.4479999999999999,0.0405003651976585,0.0,0.06880970935723019
0.4485,0.0405004620552063,0.00030517578125,0.06885944103218979
0.4489999999999999,0.0405005179345607,-0.0006103515625,0.06888778733541946
0.4495,0.04050038382411,0.00030517578125,0.06881900681342969
0.4499999999999999,0.0405005067586898,0.00030517578125,0.06888184629286709
0.4505,0.0405005626380443,0.0006103515625,0.06891000413586416
0.4509999999999999,0.04050038382411,0.0006103515625,0.06881830698126093
0.4515,0.0405002608895301,0.0006103515625,0.0687562349049855
0.4519999999999999,0.0405007898807525,0.0,0.06902667111321993
0.4525,0.0405006073415279,0.0,0.06893191968802159
0.4529999999999999,0.0405004285275936,0.00030517578125,0.06883994104744033
0.4535,0.0405004695057868,0.0006103515625,0.06886088471360416
0.4539999999999999,0.0405002981424331,-0.00030517578125,0.06877366549442729
0.4545,0.0405004024505615,0.00030517578125,0.06882776896331376
0.4549999999999999,0.040500596165657,0.0,0.06892666627438887
0.4555,0.0405004806816577,0.00030517578125,0.06886703835451459
0.4559999999999999,0.0405003726482391,0.0,0.06881182257292501
0.4565,0.0405002757906913,0.0,0.06876322739779782
0.4569999999999999,0.0405003763735294,0.00030517578125,0.06881565116191743
0.4575,0.040500421077013,0.0,0.0688389014148535
0.4579999999999999,0.0405002571642398,0.00030517578125,0.06875587268866205
0.4585,0.0405003614723682,0.0006103515625,0.06881025261285911
0.4589999999999999,0.0405007228255271,0.0006103515625,0.06899480064007528
0.4595,0.0405003800988197,0.00030517578125,0.0688186826967846
0.4599999999999999,0.0405004359781742,0.0,0.06884741112007092
0.4605,0.0405005365610122,0.00091552734375,0.06889865160375126
0.4609999999999999,0.040500521659851,-0.00030517578125,0.06889055950518014
0.4615,0.0405004061758518,0.00030517578125,0.06883123152929337
0.4619999999999999,0.0405005775392055,0.0,0.06891864572675148
0.4625,0.0405007004737854,0.0,0.06898079081488082
0.4629999999999999,0.0404999777674675,-0.00030517578125,0.06861187700574309
0.4635,0.0405005253851413,0.00030517578125,0.06889372138211582
0.4639999999999999,0.0405003577470779,0.0006103515625,0.06880792368573534
0.4645,0.0405005738139152,0.0,0.06891840353733274
0.4649999999999999,0.0405003204941749,0.0006103515625,0.06878865291499987
0.4655,0.0405005887150764,0.0,0.068925868061654
0.4659999999999999,0.0405006185173988,0.0,0.06894031783597929
0.4665,0.0405006632208824,0.00030517578125,0.06896220592070247
0.4669999999999999,0.0405006781220436,0.00030517578125,0.06896871500286597
0.4675,0.0405005142092704,0.0006103515625,0.06888398493159022
0.4679999999999999,0.0405003763735294,0.0,0.068813383989285
0.4685,0.040500346571207,0.0,0.06879883897836227
0.469,0.0405002236366272,0.0,0.06873730042595301
0.4695,0.0405004508793354,0.0,0.06885450284664447
0.47,0.0405003614723682,0.00030517578125,0.0688089938763669
0.4705,0.0405004024505615,0.00030517578125,0.06883032538721826
0.471,0.040500670671463,-0.0006103515625,0.06896718107585395
0.4715,0.0405004695057868,0.0,0.06886345692298632
0.472,0.0405006185173988,0.0,0.0689391919708517
0.4725,0.0405006818473339,0.00030517578125,0.06897064742554875
0.473,0.0405004695057868,0.00030517578125,0.06886122390411444
0.4735,0.0405005291104316,0.00030517578125,0.06889140839826705
0.474,0.0405005514621734,0.00030517578125,0.06890239050451519
0.4745,0.0405001156032085,0.00030517578125,0.06868012630111782
0.475,0.0405005887150764,0.00030517578125,0.06892296034082857
0.4755,0.0405002422630786,0.00030517578125,0.06874581081416659
0.476,0.040500458329916,0.0006103515625,0.06885706518437365
0.4765,0.0405005179345607,-0.0006103515625,0.06888735832266166
0.477,0.0405004732310771,0.00030517578125,0.06886418153976116
0.4775,0.0405003391206264,0.00030517578125,0.06879568684174049
0.478,0.0405006185173988,0.00030517578125,0.06893849684702917
0.4785,0.040500521659851,0.00030517578125,0.06888826644977288
0.479,0.0405004285275936,0.0,0.06884036977013634
0.4795,0.0405005514621734,0.0,0.06890306787082986
0.48,0.0405004359781742,0.0,0.06884366905708977
0.4805,0.0405004918575286,0.0006103515625,0.06887214757955441
0.481,0.0405003577470779,0.0,0.06880362918442481
0.4815,0.0405003018677234,0.0006103515625,0.06877606922796319
0.482,0.0405001118779182,0.0,0.06868093302024048
0.4825,0.0405006930232048,0.0,0.06897879842178758
0.483,0.0405006892979145,0.0006103515625,0.06897572409011482
0.4835,0.0405004136264324,0.0,0.06883392726066685
0.484,0.0405004695057868,0.00030517578125,0.06886245846465479
0.4845,0.0405003763735294,0.0,0.06881491302189459
0.485,0.0405002906918525,-0.00030517578125,0.0687719461686158
0.4855,0.0405004657804966,0.0006103515625,0.06886207129848297
0.486,0.0405004471540451,0.0006103515625,0.06885242834207109
0.4865,0.0405004881322383,0.0,0.06887324441217955
0.487,0.0405003428459167,-0.00030517578125,0.06879901435640402
0.4875,0.0405004434287548,0.00030517578125,0.06885084668656517
0.488,0.0405003577470779,0.0,0.06880726928578933
0.4885,0.0405003912746906,0.00091552734375,0.06882494494858156
0.489,0.0405003167688846,0.00030517578125,0.06878747260046195
0.4895,0.0405005514621734,-0.00030517578125,0.06890761150067969
0.49,0.0405007377266883,-0.00030517578125,0.06900201946789075
0.4905,0.0405006371438503,0.00030517578125,0.06894926341857525
0.491,0.0405005067586898,0.0,0.06888182154944578
0.4915,0.0405002534389495,0.00030517578125,0.06875259062308592
0.492,0.0405003987252712,-0.00030517578125,0.06882783766252838
0.4925,0.0405004471540451,0.0,0.06885274645874172
0.493,0.0405003242194652,0.0,0.06879026089541744
0.4935,0.0405001975595951,0.00030517578125,0.0687268694690755
0.494,0.0405005402863025,0.00030517578125,0.06890278076916735
0.4945,0.0405005775392055,0.0,0.06892124653508798
0.495,0.0405006147921085,0.00030517578125,0.06893952089695571
0.4955,0.0405005477368831,0.0,0.0689044380626614
0.496,0.0405005626380443,0.00091552734375,0.06891143924558595
0.4965,0.0405007898807525,0.0006103515625,0.06902678051168194
0.497,0.0405003391206264,-0.00030517578125,0.0687953550229341
0.4975,0.0405004136264324,0.00030517578125,0.06883400677263349
0.498,0.0405002944171428,-0.00030517578125,0.06877373846043795
0.4985,0.0405003689229488,0.00030517578125,0.06881274246593758
0.499,0.0405004620552063,0.0006103515625,0.06886054940795795
0.4995,0.0405004732310771,0.0006103515625,0.06886606407080495
0.5,0.0405005998909473,0.0,0.06893042021281554
0.5005,0.0405004359781742,0.0,0.06884604204546942
0.5009999999999999,0.0405005551874637,0.00030517578125,0.0689067469026734
0.5015000000000001,0.0405005402863025,0.0006103515625,0.06889859811268423
0.502,0.0405003279447555,0.0006103515625,0.06878991830790235
0.5025,0.040500421077013,0.0,0.06883804764738642
0.5029999999999999,0.0405006818473339,-0.00030517578125,0.06897105153281388
0.5035000000000001,0.0405004322528839,-0.00030517578125,0.06884258855992181
0.504,0.0405006594955921,0.00030517578125,0.06895840652749372
0.5045,0.0405004471540451,0.00030517578125,0.06884913823451938
0.5049999999999999,0.0405003204941749,0.00030517578125,0.06878477297529093
0.5055000000000001,0.0405003987252712,0.0,0.06882550090434653
0.506,0.0405004248023033,0.0,0.06883903643364159
0.5065,0.0405006930232048,0.00030517578125,0.0689758858582973
0.5069999999999999,0.0405003540217876,-0.00030517578125,0.06880187674297694
0.5075000000000001,0.0405007824301719,0.0,0.06902070022985753
0.508,0.0405004806816577,-0.00030517578125,0.06886525321538386
0.5085,0.0405004397034645,0.00030517578125,0.06884411318879541
0.5089999999999999,0.0405005402863025,-0.0006103515625,0.06889536800832034
0.5095000000000001,0.040500346571207,0.00030517578125,0.06879615540939502
0.51,0.0405004918575286,0.0006103515625,0.06887067636261526
0.5105,0.0405003577470779,0.0006103515625,0.06880214168434201
0.5109999999999999,0.0405004657804966,-0.0006103515625,0.06885765070160213
0.5115000000000001,0.0405004993081092,0.0,0.06887461356949359
0.512,0.0405004695057868,7.93365478515625,0.06885913266796352
0.5125,0.0405004397034645,7.94830322265625,0.06884490386255926
0.5129999999999999,0.0405006408691406,7.9461669921875,0.06896671182219337
0.5135000000000001,0.0405002906918525,7.940673828125,0.0688770410084339
0.514,0.0405004359781742,7.94525146484375,0.06919627000158958
0.5145,0.0405006036162376,7.943115234375,0.0697806755270831
0.5149999999999999,0.0405003279447555,7.94586181640625,0.07049053465842674
0.5155000000000001,0.04050038382411,7.94525146484375,0.07181343349801173
0.516,0.0405002273619174,7.94189453125,0.07354623531870494
0.5165,0.0404995493590831,7.94281005859375,0.07561356412048671
0.5169999999999999,0.0404984764754772,0.0006103515625,0.07819757545242402
0.5175000000000001,0.0404963307082653,0.0006103515625,0.08109092128629307
0.518,0.0404935888946056,-0.00030517578125,0.08478068893204241
0.5185,0.0404906868934631,0.0006103515625,0.08983581901714878
0.5189999999999999,0.0404878892004489,-0.00030517578125,0.09685412061678712
0.5195000000000001,0.0404862947762012,0.0,0.10709847553326535
0.52,0.0404855459928512,0.0006103515625,0.1211066464153233
0.5205,0.0404853709042072,0.0006103515625,0.13948923308074643
0.5209999999999999,0.0404864177107811,0.0,0.1634686275070871
0.5215000000000001,0.0404880121350288,0.0006103515625,0.19311283125031442
0.522,0.040489375591278,7.935791015625,0.22796267117706384
0.5225,0.0404911339282989,7.95074462890625,0.26845371075123126
0.5229999999999999,0.0404934026300907,7.9486083984375,0.31441728527976703
0.5235000000000001,0.0404951013624668,7.943115234375,0.3642360935925111
0.524,0.0404964089393615,7.94708251953125,0.4175002549235951
0.5245,0.0404980927705764,7.94342041015625,0.47466065805534635
0.5249999999999999,0.0404987782239913,7.94219970703125,0.5334536759162258
0.5255000000000001,0.0404997207224369,7.9449462890625,0.5951840946739567
0.526,0.0404998436570167,7.94464111328125,0.6579305485352989
0.5265,0.0404985919594764,7.94158935546875,0.72039313726063
0.5269999999999999,0.0404962040483951,0.001220703125,0.7825489566725402
0.5275000000000001,0.0404922030866146,0.00030517578125,0.8432129237189735
0.528,0.0404874794185161,0.0006103515625,0.9036398741019848
0.5285,0.0404829122126102,0.00030517578125,0.9652678005078611
0.5289999999999999,0.0404786169528961,0.0006103515625,1.0282210499768705
0.5295000000000001,0.0404753610491752,0.00030517578125,1.093962158143564
0.53,0.0404735021293163,-0.00030517578125,1.1632541833767491
0.5305,0.0404717996716499,0.0,1.2335137193146846
0.5309999999999999,0.0404709503054618,0.0006103515625,1.306187310091064
0.5315000000000001,0.0404698476195335,0.00030517578125,1.3787801417008523
0.532,0.0404676981270313,7.9345703125,1.449327243910737
0.5325,0.0404652468860149,7.9486083984375,1.519396538936812
0.5329999999999999,0.0404624678194522,7.94921875,1.588814788777846
0.5335000000000001,0.0404592454433441,7.9437255859375,1.6571892902852168
0.534,0.0404559038579463,7.9437255859375,1.7252301218427744
0.5345,0.0404526181519031,7.945556640625,1.7933146510917557
0.5349999999999999,0.0404493324458599,7.94189453125,1.861239697100129
0.5355000000000001,0.0404459573328495,7.94158935546875,1.9287077413000961
0.536,0.0404428765177726,7.9437255859375,1.9967040042875446
0.5365,0.0404393300414085,7.9443359375,2.063095307776944
0.5369999999999999,0.0404351353645324,0.0006103515625,2.1272908000815156
0.5375000000000001,0.0404302924871444,0.00030517578125,2.189208402295568
0.538,0.0404257029294967,0.0006103515625,2.2513815663466694
0.5385,0.0404218062758445,0.0,2.3150780715139536
0.5389999999999999,0.0404191799461841,0.0,2.382018119753556
0.5395000000000001,0.0404178351163864,0.00030517578125,2.452273846475122
0.54,0.0404178947210311,0.0006103515625,2.5262681043683846
0.5405,0.0404184274375438,0.00030517578125,2.6011600750180186
0.5409999999999999,0.0404191315174102,0.0,2.6759955125375603
0.5415000000000001,0.0404200032353401,0.00030517578125,2.750744470817146
0.542,0.0404201559722423,7.9327392578125,2.8225151764799157
0.5425,0.0404198765754699,7.94647216796875,2.8921857229454893
0.5429999999999999,0.0404196493327617,7.94708251953125,2.9613238206041914
0.5435000000000001,0.0404193587601184,7.94158935546875,3.029526930451271
0.544,0.0404188074171543,7.94281005859375,3.096103091249437
0.5445,0.0404192507266998,7.9449462890625,3.165339870987014
0.5449999999999999,0.0404205396771431,7.94189453125,3.2367477635693667
0.5455000000000001,0.0404225960373878,7.940673828125,3.3100736711675625
0.546,0.0404256582260131,7.94281005859375,3.3861876317004564
0.5465,0.0404289960861206,7.94464111328125,3.4625005715703847
0.5469999999999999,0.0404322743415832,0.00030517578125,3.537796465652397
0.5475000000000001,0.040435254573822,0.0,3.6111880099253413
0.548,0.0404377952218055,0.0006103515625,3.682131260097605
0.5485,0.0404400676488876,0.0006103515625,3.751249266035411
0.5489999999999999,0.0404411070048809,0.0,3.814888469372354
0.5495000000000001,0.0404414869844913,0.00030517578125,3.875202086630334
0.55,0.040441732853651,0.0006103515625,3.934192901774155
0.5505,0.0404419191181659,0.00030517578125,3.992149163301573
0.5509999999999999,0.040441770106554,0.0,4.047997115111237
0.5515000000000001,0.0404425002634525,0.0,4.106492480817761
0.552,0.0404437594115734,7.93212890625,4.166266996394088
0.5525,0.0404447801411151,7.9461669921875,4.224276335655532
0.5529999999999999,0.0404465794563293,7.9461669921875,4.284590502196528
0.5535000000000001,0.0404485389590263,7.9412841796875,4.344730350110975
0.554,0.0404505394399166,7.9425048828125,4.404218249514103
0.5545,0.0404522344470024,7.94464111328125,4.461643533823419
0.5549999999999999,0.040453914552927,7.94219970703125,4.5182057760342955
0.5555000000000001,0.040454912930727,7.940673828125,4.571151926538933
0.556,0.0404564253985881,7.94219970703125,4.625462999751289
0.5565,0.0404572673141956,7.9437255859375,4.676190430820534
0.5569999999999999,0.0404578447341918,0.0006103515625,4.7250504005126786
0.5575000000000001,0.0404584854841232,0.0006103515625,4.773438700153428
0.558,0.0404592454433441,0.00030517578125,4.821598724623599
0.5585,0.0404602624475955,0.0006103515625,4.870125649779314
0.5589999999999999,0.0404610931873321,0.00030517578125,4.91712289777462
0.5595000000000001,0.0404618494212627,0.00091552734375,4.963081670161385
0.56,0.0404625087976455,0.0,5.007913944479235
0.5605,0.040463238954544,0.00030517578125,5.052359471534673
0.5609999999999999,0.0404634103178978,0.0,5.093675536539124
0.5615000000000001,0.0404636189341545,0.00030517578125,5.134493944917932
0.562,0.0404640696942806,7.93212890625,5.175724682612623
0.5625,0.0404644347727298,7.94525146484375,5.215921333433358
0.563,0.0404650382697582,7.94586181640625,5.256530871950033
0.5634999999999999,0.0404659770429134,7.940673828125,5.2979885354376
0.5640000000000001,0.0404668897390365,7.94158935546875,5.338679035811467
0.5645,0.0404681786894798,7.94342041015625,5.3804172059788735
0.565,0.0404695644974708,7.94281005859375,5.421945054482324
0.5654999999999999,0.0404709912836551,7.940673828125,5.463015825126146
0.5660000000000001,0.0404724664986133,7.94097900390625,5.503672759298221
0.5665,0.0404733456671237,7.94342041015625,5.5409865897754385
0.567,0.0404739454388618,0.00030517578125,5.576429947301575
0.5674999999999999,0.0404741242527961,0.0006103515625,5.609371506872753
0.5680000000000001,0.0404741317033767,0.0,5.640979778856115
0.5685,0.0404743365943431,0.0006103515625,5.67297046520746
0.569,0.0404742211103439,0.0,5.702950369230875
0.5694999999999999,0.0404742062091827,0.0006103515625,5.732889387214179
0.5700000000000001,0.040474284440279,0.0,5.762757084290238
0.5705,0.0404743589460849,0.00030517578125,5.792106229589456
0.571,0.0404743216931819,0.0006103515625,5.820440058145582
0.5714999999999999,0.0404742285609245,0.0,5.848030779041669
0.5720000000000001,0.0404747314751148,7.93121337890625,5.8779482996329735
0.5725,0.040475033223629,7.9461669921875,5.9064258266204686
0.573,0.0404754839837551,7.94403076171875,5.93512887773798
0.5734999999999999,0.040476344525814,7.9388427734375,5.965293058886621
0.5740000000000001,0.040477380156517,7.94281005859375,5.995798150624266
0.5745,0.0404785051941871,7.94097900390625,6.026237629407494
0.575,0.040479652583599,7.94403076171875,6.056295068723367
0.5754999999999999,0.0404814220964908,7.943115234375,6.088845072632395
0.5760000000000001,0.0404824428260326,7.9400634765625,6.117307766907495
0.5765,0.0404830761253833,7.94158935546875,6.14345397578231
0.577,0.0404830835759639,0.0006103515625,6.166161164809485
0.5774999999999999,0.0404829755425453,0.0006103515625,6.187604980214736
0.5780000000000001,0.0404825061559677,0.00030517578125,6.206280937881907
0.5785,0.0404820293188095,0.00030517578125,6.223910587547477
0.579,0.0404817909002304,0.0,6.2416654592855005
0.5794999999999999,0.0404811725020408,0.0,6.256533434850959
0.5800000000000001,0.0404809936881065,-0.00030517578125,6.272488012961589
0.5805,0.0404809452593326,0.0006103515625,6.287990301081722
0.581,0.040481049567461,0.00030517578125,6.303123156163155
0.5814999999999999,0.0404812470078468,0.00030517578125,6.317575471936604
0.5820000000000001,0.0404819324612617,-0.00030517578125,6.333239940270389
0.5825,0.0404824949800968,0.0,6.3470914684254325
0.583,0.0404830984771251,0.0,6.359918062310164
0.5834999999999999,0.0404840819537639,-0.0006103515625,6.373346295172994
0.5840000000000001,0.0404847972095012,-0.00030517578125,6.3841664969988
0.5845,0.040485929697752,0.00030517578125,6.395718138588505
0.585,0.0404866449534893,0.0,6.403869978597214
0.5854999999999999,0.040487851947546,0.00030517578125,6.41307205031936
0.5860000000000001,0.0404888875782489,0.0006103515625,6.420027552853765
0.5865,0.0404900349676609,-0.00030517578125,6.426109476521857
0.587,0.0404910035431385,-0.0006103515625,6.430316711037418
0.5874999999999999,0.0404920428991317,-0.00030517578125,6.43406702404781
0.5880000000000001,0.040493257343769,0.00030517578125,6.437749984560715
0.5885,0.0404946990311145,0.00030517578125,6.441499761648588
0.589,0.0404959470033645,0.00030517578125,6.443094524047059
0.5894999999999999,0.040497101843357,0.0,6.442890141890883
0.5900000000000001,0.0404987446963787,0.0,6.443549166162065
0.5905,0.0405000671744346,0.0,6.440854512053514
0.591,0.040501944720745,0.0,6.4388382991990145
0.5914999999999999,0.0405034981667995,0.0,6.432827183006784
0.5920000000000001,0.0405053049325943,0.0,6.425269546630071
0.5925,0.0405077114701271,0.00030517578125,6.417335097576216
0.593,0.0405099764466285,0.0,6.404717595861408
0.5934999999999999,0.0405128821730613,0.00030517578125,6.390501092395614
0.5940000000000001,0.040515974164009,-0.00030517578125,6.371438201416957
0.5945,0.0405191034078598,0.0006103515625,6.345737481219523
0.595,0.0405222065746784,-0.00030517578125,6.311999891898805
0.5954999999999999,0.0405254513025283,0.0,6.2699453561092415
0.5960000000000001,0.0405285730957984,-0.0006103515625,6.217590513182522
0.5965,0.0405319146811962,0.00030517578125,6.156233349064926
0.597,0.0405350849032402,0.00030517578125,6.084393133199467
0.5974999999999999,0.0405383631587028,-0.0006103515625,6.004368563832397
0.5980000000000001,0.0405416563153266,0.0006103515625,5.916995348436989
0.5985,0.040544893592596,0.00030517578125,5.823413634078773
0.599,0.0405487604439258,-0.00030517578125,5.727867920042445
0.5994999999999999,0.0405524410307407,0.0,5.627496863481377
0.6000000000000001,0.0405566021800041,0.00091552734375,5.526250155514798
0.6005,0.0405604764819145,0.00030517578125,5.421339863320329
0.601,0.0405645556747913,-0.00030517578125,5.3156776564682575
0.6014999999999999,0.0405686050653457,0.0,5.208591765585722
0.6020000000000001,0.0405727326869964,0.00030517578125,5.100916375820091
0.6025,0.040576834231615,0.0006103515625,4.992482544550537
0.603,0.0405809357762336,0.00091552734375,4.883674527715539
0.6034999999999999,0.0405847877264022,0.00030517578125,4.77378657449422
0.6040000000000001,0.0405887439846992,-0.0006103515625,4.664507503469305
0.6045,0.0405926033854484,0.0,4.555108906526191
0.605,0.0405958294868469,0.00030517578125,4.443922919565331
0.6054999999999999,0.0405991524457931,-0.00030517578125,4.33418151966875
0.6060000000000001,0.040602259337902,0.00030517578125,4.224633208078034
0.6065,0.0406045652925968,-0.00030517578125,4.1134709861347245
0.607,0.0406073108315467,-0.00030517578125,4.005620747970219
0.6074999999999999,0.0406094752252101,-0.00030517578125,3.8970539648407483
0.6080000000000001,0.0406111478805542,0.00030517578125,3.78863387819165
0.6085,0.0406126491725444,0.0006103515625,3.6817159308223126
0.609,0.0406140424311161,0.00030517578125,3.5764698351062925
0.6094999999999999,0.0406149812042713,0.00091552734375,3.4717507213684886
0.6100000000000001,0.0406154803931713,0.0006103515625,3.3679092839938276
0.6105,0.0406158976256847,0.0,3.2662680966235142
0.611,0.0406159497797489,0.0006103515625,3.1658457430751366
0.6114999999999999,0.0406153351068496,0.0,3.0658990928392735
0.6120000000000001,0.0406144335865974,0.0,2.9679140306903524
0.6125,0.0406137444078922,0.0,2.873321259101998
0.613,0.0406120903789997,0.00030517578125,2.778354391481892
0.6134999999999999,0.0406100489199161,0.0,2.685304710887333
0.6140000000000001,0.0406072288751602,0.0,2.5931054756477128
0.6145,0.0406038165092468,0.0,2.502552251802059
0.615,0.0405999794602394,0.0,2.4141815310839596
0.6154999999999999,0.0405951216816902,0.0006103515625,2.3263258337748187
0.6160000000000001,0.0405903756618499,-0.00030517578125,2.2422849569676777
0.6165,0.0405852943658828,0.0,2.160384582374724
0.617,0.0405799113214015,0.0,2.0806629692766325
0.6174999999999999,0.0405741222202777,0.0,2.002776463339296
0.6180000000000001,0.0405690968036651,0.00091552734375,1.929559867799555
0.6185,0.040563441812992,0.00030517578125,1.856968804627989
0.619,0.0405582264065742,0.0,1.7878403775985614
0.6194999999999999,0.0405532829463481,0.0006103515625,1.721367309615146
0.6200000000000001,0.0405487194657325,0.00030517578125,1.657587226650241
0.6205,0.0405442677438259,-0.00030517578125,1.5956913174821141
0.621,0.040540661662817,0.00030517578125,1.5372633919594079
0.6214999999999999,0.0405366756021976,0.00030517578125,1.4792825093469428
0.6220000000000001,0.0405333861708641,0.0,1.4243611001412244
0.6225,0.0405303500592708,0.0,1.3712506555175923
0.623,0.0405279211699962,-0.00030517578125,1.3206543932868264
0.6234999999999999,0.0405251272022724,-0.00030517578125,1.2704631505228967
0.6240000000000001,0.0405229479074478,0.0,1.222902908418555
0.6245,0.0405213646590709,0.00030517578125,1.177672641532947
0.625,0.0405198074877262,0.0,1.1335299074373768
0.6255,0.0405183508992195,0.00030517578125,1.0907464151331905
0.6259999999999999,0.0405172444880008,0.0,1.049808838628688
0.6265000000000001,0.0405163653194904,-0.00030517578125,1.0104118808131726
0.627,0.0405151881277561,0.0006103515625,0.9716218779519915
0.6275,0.0405147932469844,0.00030517578125,0.9354724849635836
0.6279999999999999,0.0405140742659568,0.0,0.8997820492433664
0.6285000000000001,0.040513876825571,0.0,0.8661529567801759
0.629,0.0405132360756397,-0.00030517578125,0.8328353236430992
0.6295,0.0405129753053188,0.00030517578125,0.8013548384082868
0.6299999999999999,0.040512528270483,0.00030517578125,0.7706630695108698
0.6305000000000001,0.0405124016106128,0.0,0.7416122090253497
0.631,0.0405120700597763,0.00030517578125,0.7132784263954275
0.6315,0.0405120402574539,-0.00030517578125,0.6864841092206522
0.6319999999999999,0.0405117385089397,0.00030517578125,0.6602766597069675
0.6325000000000001,0.0405114851891994,0.00030517578125,0.6351973056728848
0.633,0.0405113957822322,0.00030517578125,0.6113605782035458
0.6335,0.040510855615139,-0.0006103515625,0.587843062858601
0.6339999999999999,0.0405107550323009,0.0,0.5659583392948822
0.6345000000000001,0.0405104830861091,0.0,0.5447139332087811
0.635,0.0405103489756584,-0.00030517578125,0.5245456026333406
0.6355,0.0405098125338554,-0.00030517578125,0.5046937810443468
0.6359999999999999,0.0405096597969532,0.00030517578125,0.4862279690426559
0.6365000000000001,0.0405092686414718,-0.00030517578125,0.46823196315288546
0.637,0.0405090227723121,0.0,0.45120831844119536
0.6375,0.0405087880790233,0.00030517578125,0.43492505750794785
0.6379999999999999,0.0405085980892181,0.0006103515625,0.4193921931920867
0.6385000000000001,0.0405083671212196,0.00030517578125,0.40447678784482133
0.639,0.0405080094933509,0.00030517578125,0.3900697111494301
0.6395,0.0405077300965786,0.00030517578125,0.37640116956446396
0.6399999999999999,0.0405075214803218,0.0,0.3634157206960159
0.6405000000000001,0.0405072048306465,0.00030517578125,0.3508803660571461
0.641,0.0405070669949054,0.00030517578125,0.33909875018536384
0.6415,0.0405068509280681,0.0,0.3277431096290226
0.6419999999999999,0.0405066311359405,0.00030517578125,0.3168908010579531
0.6425000000000001,0.0405060239136219,0.00030517578125,0.30613261135826614
0.643,0.0405061766505241,0.0,0.2966567603795142
0.6435,0.0405058190226554,0.00030517578125,0.28705532756209384
0.6439999999999999,0.0405055806040763,-0.00030517578125,0.27801670736292505
0.6445000000000001,0.0405054502189159,-0.00030517578125,0.2694890887466827
0.645,0.040505226701498,0.00030517578125,0.2612481762265368
0.6455,0.0405051633715629,0.00030517578125,0.25352861819663314
0.6459999999999999,0.040504939854145,0.0006103515625,0.24599800366193075
0.6465000000000001,0.0405048392713069,0.00030517578125,0.23892323610313995
0.647,0.040504440665245,0.0,0.2318982530090807
0.6475,0.0405043140053749,0.0,0.22544958769593895
0.6479999999999999,0.0405042581260204,0.0,0.21934860271217033
0.6485000000000001,0.0405039824545383,0.00030517578125,0.21332632490741782
0.649,0.0405038520693779,0.0,0.20770696898910052
0.6495,0.0405039340257644,0.00030517578125,0.20251453496307456
0.6499999999999999,0.0405038967728614,0.00030517578125,0.19744219638923977
0.6505000000000001,0.0405035391449928,0.0,0.1923326824504281
0.651,0.0405037328600883,0.0,0.18791348414870165
0.6515,0.0405034199357032,0.0,0.18327051407794007
0.6519999999999999,0.0405031740665435,0.0006103515625,0.1789038967352989
0.6525000000000001,0.0405030474066734,0.0,0.17483470173681434
0.653,0.0405030511319637,0.0,0.1710482384835803
0.6535,0.0405029989778995,0.00030517578125,0.16738151759746261
0.6539999999999999,0.0405029579997062,0.00030517578125,0.16388442392671873
0.6545000000000001,0.0405028536915779,0.00030517578125,0.1604936080615946
0.655,0.0405027419328689,0.00091552734375,0.1572491506418966
0.6555,0.040502805262804,0.00030517578125,0.1542780628026325
0.6559999999999999,0.0405029617249965,0.00030517578125,0.15149965117174885
0.6565000000000001,0.040502768009901,0.0006103515625,0.14858197924980165
0.657,0.0405026599764823,-0.00030517578125,0.14586132262046111
0.6575,0.0405024737119674,0.0006103515625,0.14320762332788245
0.6579999999999999,0.0405023843050003,0.0,0.1407433753602876
0.6585000000000001,0.0405023917555809,-0.00030517578125,0.1384542057418983
0.659,0.0405027717351913,0.00030517578125,0.1365196179747396
0.6595,0.0405025295913219,0.0,0.1342252565797651
0.6599999999999999,0.0405023545026779,-0.00030517578125,0.13208257586561792
0.6605000000000001,0.0405025854706764,0.0,0.13031176420857846
0.661,0.0405025482177734,0.0,0.12842739693913652
0.6615,0.0405024029314518,-0.0006103515625,0.12655095917037715
0.6619999999999999,0.0405024886131286,0.0006103515625,0.1249113909474495
0.6625000000000001,0.0405022092163562,0.0006103515625,0.12309584908375165
0.663,0.0405021682381629,0.00030517578125,0.12151886062918539
0.6635,0.0405023768544197,0.00030517578125,0.1201701893126228
0.6639999999999999,0.0405023097991943,0.00030517578125,0.11869188103055324
0.6645000000000001,0.0405020341277122,0.0006103515625,0.11713979635979108
0.665,0.0405020639300346,0.0006103515625,0.11585243427510708
0.6655,0.0405020862817764,0.0,0.11461015531829286
0.6659999999999999,0.0405021123588085,0.0,0.11341805984162297
0.6665000000000001,0.0405022054910659,-0.00030517578125,0.11231409893001258
0.667,0.0405023097991943,0.00030517578125,0.11125865785591331
0.6675,0.0405018962919712,0.00030517578125,0.10991578928092065
0.6679999999999999,0.0405019782483577,-0.00030517578125,0.10894126095504035
0.6685000000000001,0.0405020713806152,0.0,0.10800892359097336
0.669,0.0405018404126167,0.00091552734375,0.10690812316067705
0.6695,0.0405017733573913,0.0,0.10595282764640875
0.6699999999999999,0.0405016429722309,0.0006103515625,0.1049939915276299
0.6705000000000001,0.0405016094446182,0.0,0.10413039165852898
0.671,0.0405018478631973,0.00030517578125,0.103464236896576
0.6715,0.040501806885004,0.00030517578125,0.10264762859525657
0.6719999999999999,0.0405017770826816,0.0006103515625,0.10186656438697049
0.6725000000000001,0.0405017361044883,0.00091552734375,0.1011058942746578
0.673,0.0405017137527465,0.00091552734375,0.10038264004710332
0.6735,0.0405017770826816,-0.00030517578125,0.0997355514955779
0.6739999999999999,0.0405017621815204,-0.00030517578125,0.09906226751280711
0.6745000000000001,0.0405017472803592,0.0,0.09841133642472735
0.675,0.0405015535652637,0.0,0.09767467600086968
0.6755,0.0405015647411346,0.00030517578125,0.09708551609314295
0.6759999999999999,0.0405014008283615,0.00030517578125,0.09641075617140711
0.6765000000000001,0.0405014082789421,0.0,0.09585969197716755
0.677,0.0405016653239727,0.0,0.09547347225471178
0.6775,0.0405014231801033,0.00030517578125,0.09480250305505833
0.6779999999999999,0.0405012816190719,0.0006103515625,0.09421237023934687
0.6785000000000001,0.0405013561248779,0.0,0.09376747929939333
0.679,0.0405015386641025,-0.00030517578125,0.09339858490674899
0.6795,0.0405015125870704,0.0,0.09291740586475311
0.6799999999999999,0.0405012443661689,0.0,0.09230843944531605
0.6805000000000001,0.0405016653239727,0.0006103515625,0.09211982545644058
0.681,0.0405013002455234,0.00030517578125,0.09147767022631005
0.6815,0.0405012071132659,0.0006103515625,0.09101270518982095
0.6819999999999999,0.0405014082789421,0.0,0.09073142864491508
0.6825000000000001,0.0405012182891368,0.00030517578125,0.09023090269680094
0.683,0.0405010990798473,0.00030517578125,0.08978522013097823
0.6835,0.0405010841786861,0.00030517578125,0.08941180835363151
0.6839999999999999,0.0405009686946868,0.0,0.08899036829751499
0.6845000000000001,0.0405010022222995,0.0,0.08866544380872696
0.685,0.0405012369155883,0.00030517578125,0.08846408779153515
0.6855,0.0405009165406227,0.0,0.0879497355644372
0.6859999999999999,0.0405010692775249,0.0006103515625,0.0877189545285802
0.6865000000000001,0.0405009873211383,0.0006103515625,0.08735973703946123
0.687,0.0405011214315891,0.00030517578125,0.08713224986856798
0.6875,0.0405012108385562,0.00030517578125,0.08688465076941494
0.688,0.0405009575188159,0.00030517578125,0.08644838984666829
0.6884999999999999,0.0405008867383003,0.00030517578125,0.08612640686879201
0.6890000000000001,0.0405007936060428,0.00030517578125,0.08579942730534273
0.6895,0.0405008643865585,0.0,0.08557267213292927
0.69,0.0405007675290107,0.00030517578125,0.08525644513172843
0.6904999999999999,0.0405008643865585,0.00030517578125,0.08505652538571214
0.6910000000000001,0.0405008234083652,0.0006103515625,0.08478350469250864
0.6915,0.0405007600784301,0.0006103515625,0.08450398666913697
0.692,0.0405008867383003,0.0,0.08433718867992258
0.6924999999999999,0.0405008867383003,0.0,0.08410287137622653
0.6930000000000001,0.0405010320246219,0.00030517578125,0.08395490957659967
0.6935,0.0405009090900421,0.0,0.08366009941482944
0.694,0.040500734001398,0.0006103515625,0.08334257217294389
0.6944999999999999,0.0405007265508174,0.00030517578125,0.0831253032415222
0.6950000000000001,0.040500771254301,0.00030517578125,0.08294159409922447
0.6955,0.0405007600784301,0.0,0.08273050463906136
0.696,0.0405008792877197,0.00030517578125,0.08259606213069622
0.6964999999999999,0.0405009686946868,0.00030517578125,0.08244779576495113
0.6970000000000001,0.0405006222426891,0.00030517578125,0.08206076836587373
0.6975,0.0405008941888809,0.0,0.08202401030042167
0.698,0.040500771254301,0.00030517578125,0.0817696191834132
0.6984999999999999,0.0405005477368831,-0.00030517578125,0.08146471450883187
0.6990000000000001,0.0405006818473339,0.00030517578125,0.08136301364419374
0.6995,0.0405008308589458,-0.00030517578125,0.08127146998610454
0.7,0.0405006520450115,0.0006103515625,0.08100095868947531
0.7004999999999999,0.0405008606612682,0.0,0.08094879599199988
0.7010000000000001,0.0405008494853973,0.00030517578125,0.08077673703210735
0.7015,0.0405008345842361,0.00030517578125,0.0806058620567455
0.702,0.0405006371438503,0.0,0.08033798991727321
0.7024999999999999,0.0405007004737854,0.00030517578125,0.08021800146248756
0.7030000000000001,0.0405008494853973,0.0,0.08014731489161223
0.7035,0.0405004024505615,-0.00030517578125,0.07975170303752602
0.704,0.0405006967484951,0.00030517578125,0.0797683551360392
0.7044999999999999,0.0405006557703018,0.00030517578125,0.07960154700370176
0.7050000000000001,0.04050088301301,0.0,0.0795841694290613
0.7055,0.0405005477368831,0.0,0.07926020779703649
0.706,0.0405007675290107,0.0,0.07924429014818109
0.7064999999999999,0.0405007898807525,0.0,0.07912123414141023
0.7070000000000001,0.0405003316700458,-0.00030517578125,0.07873883378772314
0.7075,0.04050063341856,-0.00030517578125,0.0787758817039283
0.708,0.040500734001398,0.00030517578125,0.07870324070546748
0.7084999999999999,0.0405005328357219,0.00030517578125,0.07846805341155229
0.7090000000000001,0.0405002571642398,0.0006103515625,0.07819646471542344
0.7095,0.040500309318304,-0.00030517578125,0.07810690097771678
0.71,0.0405002832412719,0.0,0.07797647653966501
0.7104999999999999,0.0405003949999809,0.0006103515625,0.07792264491563095
0.7110000000000001,0.0405004993081092,0.0006103515625,0.07786565538266742
0.7115,0.0405005477368831,0.0,0.07777939329178325
0.712,0.0405004657804966,0.0,0.07762403688661318
0.7124999999999999,0.040500670671463,0.00030517578125,0.07762594306362357
0.7130000000000001,0.0405005551874637,-0.00030517578125,0.07745507848898588
0.7135,0.040500521659851,0.00030517578125,0.07733105475915851
0.714,0.0405006036162376,0.00030517578125,0.0772712161688333
0.7144999999999999,0.0405004508793354,0.00030517578125,0.07708600319933788
0.7150000000000001,0.0405004173517227,0.00030517578125,0.07696768970784126
0.7155,0.0405005551874637,0.0,0.07694334715605829
0.716,0.040500234812498,0.00030517578125,0.0766733801410397
0.7164999999999999,0.0405001118779182,0.00030517578125,0.076513445883347
0.7170000000000001,0.0405003651976585,0.0006103515625,0.07655754785677107
0.7175,0.040500558912754,-0.00030517578125,0.07656912948244364
0.718,0.040500558912754,0.0,0.07647682130518961
0.7184999999999999,0.0405002422630786,0.0,0.07621630684540255
0.7190000000000001,0.0405004136264324,0.00030517578125,0.07622065384798116
0.7195,0.0405006408691406,0.0,0.07625492548808906
0.72,0.040500596165657,0.0,0.07614342380905322
0.7204999999999999,0.0405000559985637,-0.0006103515625,0.07576885820239437
0.7210000000000001,0.0405004322528839,0.0,0.07588884595493023
0.7215,0.0405003055930137,0.00030517578125,0.07573883703919088
0.722,0.0405003949999809,0.0,0.07570621121341606
0.7224999999999999,0.0405002124607563,0.00030517578125,0.07552906755790344
0.7230000000000001,0.0405004471540451,0.0,0.07557673060065391
0.7235,0.0405002832412719,0.0,0.07541145252046547
0.724,0.0405003018677234,0.00030517578125,0.07534546145394018
0.7244999999999999,0.0405008271336555,0.0,0.07555023355867571
0.7250000000000001,0.0405005253851413,0.00030517578125,0.07531200867271874
0.7255,0.0405005067586898,0.00030517578125,0.07522776770898373
0.726,0.0405002646148204,0.0,0.0750259338663275
0.7264999999999999,0.0405003204941749,0.0,0.07498516070622713
0.7270000000000001,0.0405001863837242,0.00030517578125,0.07484413230203578
0.7275,0.0405002683401107,0.0006103515625,0.07481959129630807
0.728,0.0405003800988197,-0.00030517578125,0.0748112502429894
0.7284999999999999,0.0405003316700458,0.0,0.07471806625904338
0.7290000000000001,0.0405005328357219,0.0006103515625,0.07475846534952672
0.7295,0.0405003726482391,-0.0006103515625,0.07460683167208987
0.73,0.0405005775392055,0.00030517578125,0.07465061904259403
0.7304999999999999,0.0405003614723682,0.0,0.07447094262285817
0.7310000000000001,0.040500421077013,0.00030517578125,0.07443937879287603
0.7315,0.0405008681118488,0.00030517578125,0.07461336657603986
0.732,0.0405009873211383,0.00030517578125,0.07461174265432938
0.7324999999999999,0.0405008383095264,0.00030517578125,0.07446812458023101
0.7330000000000001,0.0405007489025592,0.00030517578125,0.07435786031710297
0.7335,0.0405009910464286,0.00030517578125,0.0744244626124046
0.734,0.0405006408691406,-0.0006103515625,0.07417708920371548
0.7344999999999999,0.0405006930232048,0.00030517578125,0.07414548607204212
0.7350000000000001,0.0405007004737854,0.00030517578125,0.07409066108343981
0.7355,0.040501020848751,0.0,0.07420180013208821
0.736,0.0405010171234607,0.0,0.0741404778022558
0.7364999999999999,0.0405009426176548,0.0,0.07404258410696594
0.7370000000000001,0.0405007973313331,0.00030517578125,0.0739085922356258
0.7375,0.0405008755624294,0.0006103515625,0.07389418818577105
0.738,0.0405007861554622,0.0006103515625,0.07379164047028416
0.7384999999999999,0.0405007414519786,0.0,0.0737139850629615
0.7390000000000001,0.0405004322528839,0.00030517578125,0.07349815645194324
0.7395,0.0405003316700458,-0.00030517578125,0.07339474877363454
0.74,0.0405006408691406,-0.00030517578125,0.07350805339855523
0.7404999999999999,0.0405006892979145,0.0006103515625,0.07348296776715754
0.7410000000000001,0.0405005030333995,0.00030517578125,0.07333477683105674
0.7415,0.0405006110668182,0.00030517578125,0.07334305719249096
0.742,0.0405004397034645,0.0,0.07320455129519121
0.7424999999999999,0.0405004248023033,0.00030517578125,0.07314983621434129
0.7430000000000001,0.0405006073415279,0.0,0.07319934094595151
0.7435,0.0405009426176548,0.00030517578125,0.07332858769757625
0.744,0.0405006967484951,0.0006103515625,0.07315121915001965
0.7444999999999999,0.04050063341856,-0.00030517578125,0.07307177774253291
0.7450000000000001,0.0405008345842361,0.0006103515625,0.07313208872212064
0.7455,0.0405007116496562,0.00030517578125,0.07302169936885054
0.746,0.040500845760107,0.00030517578125,0.07304738099270709
0.7464999999999999,0.0405008271336555,0.0,0.07299274503391363
0.7470000000000001,0.040500596165657,0.00030517578125,0.07282751148569538
0.7475,0.0405005849897861,-0.00030517578125,0.07277933930147316
0.748,0.0405007377266883,0.0,0.07281762035770359
0.7484999999999999,0.0405005402863025,0.00030517578125,0.0726722034174771
0.7490000000000001,0.0405004322528839,0.0,0.07257524006946682
0.7495,0.0405005440115928,0.0,0.07259431761903518
0.75,0.0405006408691406,0.0,0.07260541715824288
0.7505,0.0405006855726242,0.0,0.07258919030354495
0.7509999999999999,0.0405002646148204,0.0006103515625,0.07232991298732915
0.7515000000000001,0.0405001826584339,0.00030517578125,0.07225065286852347
0.752,0.0405004248023033,0.0006103515625,0.07234147450783128
0.7525,0.040500309318304,0.0,0.07224466513325924
0.7529999999999999,0.0405005142092704,0.0,0.0723160890121678
0.7535000000000001,0.0405004471540451,0.00030517578125,0.07224488229200828
0.754,0.040500272065401,0.00030517578125,0.07211813286494369
0.7545,0.0405003763735294,0.0,0.07213841182063596
0.7549999999999999,0.0405007861554622,0.0006103515625,0.07231804089939259
0.7555000000000001,0.0405001081526279,0.0,0.07192854737370474
0.756,0.0405003540217876,0.00030517578125,0.07202465144734614
0.7565,0.0405003279447555,0.0,0.07197815432128053
0.7569999999999999,0.0405004024505615,0.0006103515625,0.07198450441689937
0.7575000000000001,0.0405005179345607,0.0006103515625,0.07201216767102049
0.758,0.0405003949999809,0.00030517578125,0.0719153674015495
0.7585,0.0405004918575286,0.00030517578125,0.07193410498768708
0.7589999999999999,0.040500096976757,0.0,0.07169679132716386
0.7595000000000001,0.0405004061758518,0.00030517578125,0.07182821140957153
0.76,0.0405004173517227,0.00030517578125,0.07180337650981579
0.7605,0.0405002422630786,0.0,0.07168195981376718
0.7609999999999999,0.0405002273619174,0.00030517578125,0.07164509582157862
0.7615000000000001,0.0405003689229488,0.00030517578125,0.07168995668742821
0.762,0.0405003540217876,0.0,0.07165303350023043
0.7625,0.0405004881322383,0.0,0.07169395064320015
0.7629999999999999,0.0405004546046257,0.0,0.07164739014865247
0.7635000000000001,0.040500272065401,0.00030517578125,0.0715239080006952
0.764,0.0405006147921085,0.0006103515625,0.07167464846393004
0.7645,0.0405001975595951,-0.00030517578125,0.07142915106667623
0.7649999999999999,0.0405002012848854,0.00030517578125,0.07140471241006413
0.7655000000000001,0.0405004397034645,0.0006103515625,0.07150239323150309
0.766,0.0405001491308212,-0.00030517578125,0.07132459592088156
0.7665,0.0405002795159816,0.00030517578125,0.07136700660411224
0.7669999999999999,0.0405003018677234,0.0,0.07135301563328296
0.7675000000000001,0.0405002646148204,0.0,0.0713082643352692
0.768,0.0405002795159816,0.0,0.07129098953541602
0.7685,0.0405004508793354,0.00030517578125,0.07135503720092437
0.7689999999999999,0.0405003875494003,-0.00030517578125,0.0712967670734544
0.7695000000000001,0.0405003577470779,0.00030517578125,0.07125651278306958
0.77,0.0405002161860466,0.00030517578125,0.07115881373739229
0.7705,0.0405001640319824,0.0006103515625,0.07110846001591468
0.7709999999999999,0.0405002422630786,0.00091552734375,0.07112618333891076
0.7715000000000001,0.0405001491308212,0.0006103515625,0.07105496613318742
0.772,0.0405006185173988,-0.0006103515625,0.07127582444203709
0.7725,0.0405004546046257,-0.00030517578125,0.07116640423278438
0.7729999999999999,0.0405003726482391,0.0,0.07110057585396554
0.7735000000000001,0.0405003130435943,0.00030517578125,0.07104700358929471
0.774,0.040500596165657,0.0,0.07117144261626478
0.7745,0.0405005142092704,0.00030517578125,0.0711055891444649
0.7749999999999999,0.040500596165657,-0.00030517578125,0.07112529073956109
0.7755000000000001,0.040500458329916,0.00030517578125,0.07103103563368113
0.776,0.0405004397034645,0.0,0.07099939137486329
0.7765,0.0405006781220436,0.0,0.07110114452721174
0.7769999999999999,0.0405004024505615,0.00030517578125,0.07093578572162475
0.7775000000000001,0.0405007749795913,0.0,0.0711075564677414
0.778,0.0405002832412719,-0.00030517578125,0.07083050160110786
0.7785,0.0405005067586898,0.0006103515625,0.07092614254675747
0.7789999999999999,0.0405004099011421,0.00091552734375,0.07085527396369747
0.7795000000000001,0.0405004397034645,0.0006103515625,0.07085057456990941
0.78,0.040500558912754,0.00030517578125,0.07089217356677043
0.7805,0.0405004657804966,0.0,0.07082363396534813
0.7809999999999999,0.0405002385377883,0.0,0.07068655814066581
0.7815000000000001,0.0405002012848854,0.0006103515625,0.07064899294156689
0.782,0.0405003763735294,0.0006103515625,0.07072142616417183
0.7825,0.0405004508793354,0.00030517578125,0.07074125606329375
0.7829999999999999,0.0405002199113369,-0.00030517578125,0.07060317676053728
0.7835000000000001,0.0405002906918525,-0.00030517578125,0.07062222057146755
0.784,0.0405003689229488,0.0,0.0706449386431186
0.7845,0.0405004620552063,0.00030517578125,0.07067514380703124
0.7849999999999999,0.0405003428459167,0.00030517578125,0.07059542037691817
0.7855000000000001,0.0405005775392055,0.0006103515625,0.07069914605827303
0.786,0.0405005440115928,0.0006103515625,0.07066346986160353
0.7865,0.0405003912746906,0.00030517578125,0.07056664662041734
0.7869999999999999,0.0405003651976585,0.0,0.07053606983194655
0.7875000000000001,0.0405007377266883,0.00030517578125,0.07071151969430947
0.788,0.0405005365610122,0.0,0.07058926220793392
0.7885,0.0405002497136592,0.00030517578125,0.07042412200249093
0.7889999999999999,0.0405003987252712,0.00030517578125,0.07048533323209553
0.7895000000000001,0.04050038382411,0.0,0.07046143985431079
0.79,0.0405006743967533,0.00030517578125,0.07059538301537474
0.7905,0.0405002944171428,0.00030517578125,0.07038225072316258
0.7909999999999999,0.0405004471540451,0.0,0.0704457626913147
0.7915000000000001,0.0405004955828189,0.0,0.07045495622406431
0.792,0.0405003353953361,0.00030517578125,0.07035653151942518
0.7925,0.0405004546046257,0.0006103515625,0.07040305153861459
0.7929999999999999,0.0405002832412719,0.00030517578125,0.07029946437971345
0.7935000000000001,0.0405003204941749,0.00030517578125,0.0703043231338146
0.794,0.0405004322528839,0.00030517578125,0.07034748427354257
0.7945,0.0405006445944309,0.00030517578125,0.07044210717812677
0.7949999999999999,0.0405003614723682,-0.0006103515625,0.07028062503655699
0.7955000000000001,0.0405001454055309,0.0,0.07015533617874453
0.796,0.0405004806816577,0.0,0.07031505385996255
0.7965,0.040500309318304,0.0,0.07021246753710876
0.7969999999999999,0.0405002981424331,0.00030517578125,0.07019323366656904
0.7975000000000001,0.0405006222426891,0.0,0.07034684571264743
0.798,0.0405002050101757,0.0006103515625,0.07011736034986185
0.7985,0.0405005328357219,0.00030517578125,0.07027350488232113
0.7989999999999999,0.0405004508793354,-0.00030517578125,0.0702173922022185
0.7995000000000001,0.0405002236366272,0.00030517578125,0.07008709117370376
0.8,0.0405003800988197,0.00030517578125,0.0701554003892353
0.8005,0.0405003279447555,-0.00030517578125,0.07011580353918254
0.8009999999999999,0.0405001305043697,-0.00030517578125,0.07000191565204748
0.8015000000000001,0.0405001379549503,0.00030517578125,0.06999441374953089
0.802,0.0405004955828189,0.0006103515625,0.0701670558920271
0.8025,0.0405004248023033,-0.00030517578125,0.07011777169893776
0.8029999999999999,0.0405003800988197,0.0,0.07008232428801242
0.8035000000000001,0.0405005104839801,0.00030517578125,0.07013728652099449
0.804,0.0405003204941749,0.0,0.07002698030887806
0.8045,0.0405004955828189,-0.00030517578125,0.07010542053343881
0.8049999999999999,0.0405004881322383,0.00030517578125,0.07008929357365704
0.8055000000000001,0.0405005440115928,0.0006103515625,0.07010587205691111
0.806,0.0405006036162376,0.00030517578125,0.07012426207402261
0.8065,0.0405003800988197,0.0,0.06999693999339132
0.8069999999999999,0.0405002981424331,0.0,0.06994359822911186
0.8075000000000001,0.0405004061758518,-0.00030517578125,0.06998839173333427
0.808,0.0405003540217876,0.00030517578125,0.06995051907367103
0.8085,0.0405002236366272,0.0,0.06987280080622452
0.8089999999999999,0.0405006222426891,0.00091552734375,0.07006757296906962
0.8095000000000001,0.0405005030333995,0.0006103515625,0.06999447891179696
0.81,0.0405002273619174,0.0,0.06984170194263453
0.8105,0.0405004769563674,0.0,0.06996012031530888
0.8109999999999999,0.0405005551874637,0.00030517578125,0.06998949585804373
0.8115000000000001,0.0405004918575286,0.0006103515625,0.06994586083834359
0.812,0.0405004359781742,-0.00030517578125,0.06990648118568067
0.8125,0.0405003726482391,0.00030517578125,0.06986368901053273
0.813,0.040500208735466,0.0006103515625,0.06976972434450604
0.8134999999999999,0.0405001230537891,0.00030517578125,0.0697168167924535
0.8140000000000001,0.0405002236366272,0.00030517578125,0.06975992201932142
0.8145,0.0405004136264324,0.00030517578125,0.0698485290078928
0.815,0.0405003987252712,0.0006103515625,0.06983119714790156
0.8154999999999999,0.0405002608895301,-0.00030517578125,0.0697509302174895
0.8160000000000001,0.040500458329916,-0.00030517578125,0.06984342830162678
0.8165,0.0405005812644958,0.0,0.0698968605105137
0.817,0.0405005849897861,0.00030517578125,0.06988865132009736
0.8174999999999999,0.0405002459883689,0.00030517578125,0.06970464543597243
0.8180000000000001,0.0405004285275936,-0.0006103515625,0.06978992386336898
0.8185,0.0405004955828189,0.00030517578125,0.06981519241434118
0.819,0.0405005067586898,0.0006103515625,0.06981154400685526
0.8194999999999999,0.0405005067586898,0.0,0.06980219062485628
0.8200000000000001,0.0405005700886249,0.00030517578125,0.06982546392999658
0.8205,0.0405003763735294,0.0,0.06971665004662463
0.821,0.0405003130435943,-0.00030517578125,0.06967572165757696
0.8214999999999999,0.0405004732310771,0.00030517578125,0.06974983282245058
0.8220000000000001,0.0405002944171428,-0.00030517578125,0.06964942252937001
0.8225,0.0405003391206264,0.0,0.06966455049185244
0.823,0.0405004136264324,0.0,0.0696948303666679
0.8234999999999999,0.0405004471540451,-0.00030517578125,0.06970384555985713
0.8240000000000001,0.0405001938343048,0.0,0.06956573429616301
0.8245,0.040500272065401,0.0,0.06959883429048654
0.825,0.0405003204941749,0.0,0.06961639476654367
0.8254999999999999,0.0405003167688846,-0.0006103515625,0.06960703921730561
0.8260000000000001,0.0405005104839801,-0.00030517578125,0.06969902526173005
0.8265,0.0405002869665622,0.00030517578125,0.06957627201025104
0.827,0.0405004397034645,0.0,0.06964744912115285
0.8274999999999999,0.0405005924403667,0.00030517578125,0.06971800493876859
0.8280000000000001,0.0405006669461727,0.0006103515625,0.06974783850490572
0.8285,0.0405004732310771,0.0006103515625,0.06963985523707075
0.829,0.0405004173517227,0.00030517578125,0.06960357558384092
0.8294999999999999,0.0405003391206264,0.00030517578125,0.0695561983774167
0.8300000000000001,0.040500421077013,0.00030517578125,0.06959135917946739
0.8305,0.0405002944171428,0.0006103515625,0.06951932654770393
0.831,0.0405003018677234,0.0006103515625,0.0695165952087719
0.8314999999999999,0.040500596165657,0.00030517578125,0.06966088293146101
0.8320000000000001,0.0405005291104316,-0.00030517578125,0.06961870473507427
0.8325,0.0405004285275936,0.00030517578125,0.0695597318161844
0.833,0.0405005440115928,0.00030517578125,0.06961204690585021
0.8334999999999999,0.0405003949999809,0.00030517578125,0.06952836821765317
0.8340000000000001,0.0405004136264324,0.00030517578125,0.06953132346771923
0.8345,0.0405004732310771,0.0006103515625,0.06955524713966554
0.835,0.0405005291104316,-0.00030517578125,0.0695770720876219
0.8354999999999999,0.0405003987252712,0.0,0.06950329601669712
0.8360000000000001,0.0405002832412719,0.00030517578125,0.06943782641137684
0.8365,0.0405004322528839,0.00030517578125,0.06950840226799192
0.837,0.0405002944171428,-0.00030517578125,0.06943148767704259
0.8374999999999999,0.0405003279447555,-0.00030517578125,0.06944299017664526
0.8380000000000001,0.0405004881322383,0.0,0.06951926611441406
0.8385,0.0405004546046257,-0.00030517578125,0.06949563865721076
0.839,0.0405005328357219,0.00030517578125,0.06952943459735153
0.8394999999999999,0.0405005924403667,0.0,0.06955341682132261
0.8400000000000001,0.0405003428459167,0.0,0.06941884595921735
0.8405,0.0405003651976585,0.0,0.0694247645349618
0.841,0.0405003391206264,0.0,0.06940587676852411
0.8414999999999999,0.0405003055930137,0.0,0.0693833386189699
0.8420000000000001,0.0405004285275936,0.00030517578125,0.06944110460068
0.8425,0.0405003130435943,0.00030517578125,0.0693763080767618
0.843,0.0405005142092704,-0.00030517578125,0.06947411390731718
0.8434999999999999,0.0405006669461727,0.0,0.06954632386793246
0.8440000000000001,0.0405002906918525,0.0,0.06934702835011887
0.8445,0.0405004359781742,0.00030517578125,0.06941647546827011
0.845,0.0405007153749465,0.00030517578125,0.06955409752560618
0.8454999999999999,0.040500421077013,0.0,0.06939672353250541
0.8460000000000001,0.0405002459883689,0.0,0.06930183270637573
0.8465,0.0405004881322383,0.00030517578125,0.06942127683816023
0.847,0.0405004620552063,0.00030517578125,0.06940248808306607
0.8474999999999999,0.0405001938343048,0.0,0.06925999545567907
0.8480000000000001,0.0405004471540451,0.0,0.06938553696233662
0.8485,0.0405004434287548,0.0006103515625,0.06937850061213968
0.849,0.0405002012848854,0.0,0.06924956334617939
0.8494999999999999,0.0405003316700458,0.0,0.06931229475477994
0.8500000000000001,0.0405005067586898,0.0,0.06939740853870863
0.8505,0.0405004061758518,0.00030517578125,0.0693406770245446
0.851,0.0405006632208824,0.00030517578125,0.06946751171623884
0.8514999999999999,0.0405003204941749,0.0006103515625,0.06928628318216723
0.8520000000000001,0.0405004769563674,0.00030517578125,0.06936205849442355
0.8525,0.0405004359781742,0.0006103515625,0.06933617328903989
0.853,0.0405004546046257,0.00030517578125,0.06934104441609212
0.8534999999999999,0.0405002310872077,-0.00030517578125,0.06922205778889923
0.8540000000000001,0.0405003353953361,0.00030517578125,0.06927174177985085
0.8545,0.0405003577470779,0.00030517578125,0.06927909616463794
0.855,0.0405003204941749,0.00030517578125,0.06925584824320842
0.8554999999999999,0.0405006147921085,-0.00030517578125,0.06940240047147636
0.8560000000000001,0.0405004397034645,0.00030517578125,0.06930753476900917
0.8565,0.0405004993081092,-0.00030517578125,0.06933356360835032
0.857,0.0405006520450115,0.0,0.06940709504441366
0.8574999999999999,0.0405003242194652,0.0006103515625,0.06923413296773681
0.8580000000000001,0.0405004620552063,0.00030517578125,0.0693008499296638
0.8585,0.0405004173517227,0.00030517578125,0.06927370167412832
0.859,0.0404999479651451,0.00030517578125,0.06902978619307036
0.8594999999999999,0.040500421077013,0.0006103515625,0.06926955972061814
0.8600000000000001,0.0405002981424331,0.00030517578125,0.06920271193134535
0.8605,0.0405003055930137,0.0006103515625,0.06920307714079554
0.861,0.0405004359781742,0.00030517578125,0.0692663105298235
0.8614999999999999,0.0405003279447555,0.0,0.06920708609314431
0.8620000000000001,0.0405004881322383,0.00030517578125,0.06928548119451307
0.8625,0.0405005365610122,0.00030517578125,0.0693060397776725
0.863,0.0405006036162376,0.0,0.06933594070330454
0.8634999999999999,0.0405005477368831,0.00091552734375,0.06930270934611293
0.8640000000000001,0.0405004248023033,0.00030517578125,0.06923552784793446
0.8645,0.0405003018677234,0.0,0.06916898977219782
0.865,0.0405003800988197,0.0,0.06920583170214836
0.8654999999999999,0.0405004881322383,0.00030517578125,0.06925760413469248
0.8660000000000001,0.0405003353953361,0.00030517578125,0.06917559846717615
0.8665,0.0405005142092704,0.00030517578125,0.0692637874086861
0.867,0.0405004732310771,0.00030517578125,0.06923889361301618
0.8674999999999999,0.0405003130435943,-0.00030517578125,0.06915330774841988
0.8680000000000001,0.0405003726482391,0.0,0.06918077382570244
0.8685,0.0405005253851413,-0.00030517578125,0.06925559828806087
0.869,0.0405005887150764,0.0,0.06928414961735985
0.8694999999999999,0.0405001789331436,0.0,0.06907064705529951
0.8700000000000001,0.0405006296932697,-0.00030517578125,0.06929880380907641
0.8705,0.0405002683401107,0.00030517578125,0.06910992488334505
0.871,0.0405003167688846,0.00030517578125,0.06913209240066547
0.8714999999999999,0.0405003614723682,0.0,0.06915216263733906
0.8720000000000001,0.0405005477368831,0.00030517578125,0.06924437151495329
0.8725,0.0405006557703018,0.00030517578125,0.06929582324032199
0.873,0.0405003353953361,0.0,0.06912779312710564
0.8734999999999999,0.0405006073415279,0.00030517578125,0.06926398072120342
0.8740000000000001,0.0405006110668182,0.00030517578125,0.06926191196868006
0.8745,0.0405006036162376,0.00030517578125,0.069254161588932
0.875,0.040500346571207,0.00030517578125,0.06911894630269448
0.8755,0.04050038382411,0.0,0.06913534005344464
0.8759999999999999,0.0405002981424331,0.00030517578125,0.06908879301647826
0.8765000000000001,0.040500484406948,0.0006103515625,0.06918155704628118
0.877,0.0405005067586898,0.00030517578125,0.06918978762076555
0.8775,0.0405004471540451,0.0,0.06915608815131578
0.8779999999999999,0.0405002050101757,0.00030517578125,0.06902948452394783
0.8785000000000001,0.040500309318304,0.0,0.06908090844531282
0.879,0.0405004546046257,-0.00030517578125,0.06915283164444153
0.8795,0.040500521659851,0.00030517578125,0.06918416610831564
0.8799999999999999,0.0405003987252712,0.00030517578125,0.0691181424947358
0.8805000000000001,0.0405004546046257,0.0,0.06914406650703558
0.881,0.0405003800988197,-0.00030517578125,0.06910317153090198
0.8815,0.0405004173517227,0.0006103515625,0.06911971550732561
0.8819999999999999,0.0405004769563674,0.0006103515625,0.06914755519348156
0.8825000000000001,0.0405003912746906,0.00030517578125,0.0691009316581026
0.883,0.0405004359781742,-0.00030517578125,0.06912127449301354
0.8835,0.04050063341856,0.0,0.06921948745843225
0.8839999999999999,0.0405005626380443,0.0,0.06917979915654653
0.8845000000000001,0.0405004434287548,0.00030517578125,0.06911574056447921
0.885,0.0405004508793354,0.00030517578125,0.06911700534050304
0.8855,0.0405002161860466,0.0,0.06899464523418382
0.8859999999999999,0.0405003018677234,0.00030517578125,0.06903686664995408
0.8865000000000001,0.0405005253851413,0.00030517578125,0.06914913751506661
0.887,0.0405003949999809,-0.00030517578125,0.06907966277049059
0.8875,0.0405005179345607,0.0,0.06914015540890751
0.8879999999999999,0.0405007153749465,-0.00030517578125,0.06923831725559375
0.8885000000000001,0.0405002273619174,-0.0006103515625,0.06898545611110116
0.889,0.0405004173517227,0.0,0.06908109654955712
0.8895,0.0405000522732734,0.0,0.0688926463908521
0.8899999999999999,0.0405001118779182,0.0006103515625,0.06892247048472998
0.8905000000000001,0.0405003987252712,0.00030517578125,0.06906803371236074
0.891,0.0405002757906913,0.0006103515625,0.06900312893134844
0.8915,0.0405005849897861,-0.00030517578125,0.06915940806770339
0.8919999999999999,0.0405006520450115,0.0,0.06919074047068496
0.8925000000000001,0.0405003875494003,-0.00030517578125,0.0690524331412567
0.893,0.0405003726482391,0.0,0.06904279617873892
0.8935,0.0405005626380443,0.0,0.06913789893843962
0.8939999999999999,0.0405003689229488,0.0,0.0690362422355132
0.8945000000000001,0.0405003353953361,0.0,0.06901728473631977
0.895,0.0405004546046257,0.00030517578125,0.06907650605604825
0.8955,0.0405002906918525,0.00030517578125,0.06899067429135494
0.8959999999999999,0.0405003391206264,0.0006103515625,0.06901394655021612
0.8965000000000001,0.0405004546046257,-0.00030517578125,0.06907128027952944
0.897,0.0405002012848854,0.00030517578125,0.06893991568481618
0.8975,0.0405000746250152,0.00030517578125,0.06887435534000458
0.8979999999999999,0.0405006110668182,-0.0006103515625,0.06914780572386507
0.8985000000000001,0.0405003167688846,0.0,0.0689947706833454
0.899,0.0405003651976585,0.0006103515625,0.06901797516519476
0.8995,0.0405006147921085,0.0,0.06914372484237577
0.8999999999999999,0.0405005142092704,0.0,0.06908956166297167
0.9005000000000001,0.0405004434287548,0.00030517578125,0.0690510878430991
0.901,0.0405006669461727,0.0006103515625,0.06916330853752171
0.9015,0.040500346571207,0.00030517578125,0.06899677931413074
0.902,0.0405005142092704,0.0,0.06908088159328624
0.9025,0.0405003763735294,0.00030517578125,0.06900832961028813
0.903,0.0405002683401107,0.00030517578125,0.06895163285976968
0.9035,0.0405003875494003,0.00030517578125,0.06901136366189288
0.904,0.0405007191002368,-0.00030517578125,0.06917907775723359
0.9045,0.040500596165657,0.00030517578125,0.06911315126986053
0.905,0.0405007414519786,0.00030517578125,0.06918486953436107
0.9055,0.0405003949999809,0.0006103515625,0.06900479926104097
0.906,0.0405006520450115,0.00030517578125,0.06913449477085121
0.9065,0.040500458329916,0.0,0.06903291302318366
0.907,0.0405002981424331,0.0,0.06894936668533064
0.9075,0.0405004248023033,0.00030517578125,0.06901294297480594
0.908,0.0405004657804966,0.00030517578125,0.06903233205643698
0.9085,0.0405000261962413,0.00030517578125,0.06880646826744567
0.909,0.0405001230537891,0.00030517578125,0.06885615464933906
0.9095,0.0405004769563674,0.00030517578125,0.06903650304993729
0.91,0.0405002124607563,0.00030517578125,0.06889976977704713
0.9105,0.0405002944171428,0.00030517578125,0.0689409701131103
0.911,0.0405004620552063,0.00030517578125,0.06902554153303787
0.9115,0.0405005626380443,0.0006103515625,0.06907518139930345
0.912,0.0405003055930137,0.0006103515625,0.06894177299978742
0.9125,0.0405007228255271,-0.00030517578125,0.06915372845062141
0.913,0.0405006520450115,0.0006103515625,0.0691147209741077
0.9135,0.0405004546046257,0.00030517578125,0.06901139856869797
0.914,0.0405005067586898,0.00030517578125,0.06903639320437086
0.9145,0.0405006296932697,0.00030517578125,0.06909732353595228
0.915,0.0405005477368831,0.00030517578125,0.06905314191742756
0.9155,0.0405003353953361,0.00030517578125,0.06894284324396459
0.916,0.0405003763735294,0.00030517578125,0.06896282288301517
0.9165,0.0405002012848854,0.00030517578125,0.06887241236605342
0.917,0.0405004248023033,0.0006103515625,0.06898609019622308
0.9175,0.0405004546046257,0.00030517578125,0.06899995204038839
0.918,0.0405005253851413,0.0006103515625,0.06903458547647383
0.9185,0.0405005440115928,0.0,0.0690422995557197
0.919,0.0405004732310771,0.00030517578125,0.06900431265362296
0.9195,0.0405004471540451,0.00030517578125,0.06898949084069768
0.92,0.0405004173517227,0.00030517578125,0.06897291321809826
0.9205,0.0405003875494003,0.0,0.06895648609255019
0.921,0.0405004061758518,0.0,0.06896490226204288
0.9215,0.0405004546046257,0.0006103515625,0.06898846559511343
0.922,0.0405003130435943,0.0,0.06891488987805393
0.9225,0.0405003800988197,0.0,0.06894836808965431
0.923,0.0405005626380443,0.0,0.06904053405256881
0.9235,0.0405004099011421,0.00030517578125,0.06896077735991425
0.924,0.0405004397034645,0.0006103515625,0.0689748536810171
0.9245,0.0405004657804966,0.0,0.06898691746370193
0.925,0.0405004322528839,0.0,0.068968462539623
0.9255,0.0405004024505615,0.0,0.0689520985485759
0.926,0.0405001938343048,0.0006103515625,0.06884466101749133
0.9265,0.0405004546046257,0.0006103515625,0.06897755291422826
0.927,0.0405004434287548,0.00030517578125,0.06897062202125093
0.9275,0.0405003055930137,0.00030517578125,0.06889915469901306
0.928,0.0405001491308212,0.00030517578125,0.06881881662499831
0.9285,0.0405004024505615,0.00030517578125,0.06894812896934202
0.929,0.0405003800988197,0.0006103515625,0.06893575121000659
0.9295,0.0405003987252712,0.00030517578125,0.06894435686471341
0.93,0.0405005477368831,0.00030517578125,0.06901939442401642
0.9305,0.0405006743967533,0.0006103515625,0.0690823871912139
0.931,0.0405006147921085,0.0006103515625,0.06904972457622362
0.9315,0.0405006147921085,0.0006103515625,0.06904777491239066
0.932,0.0405006967484951,-0.00030517578125,0.06908773872673654
0.9325,0.0405004136264324,0.0,0.0689410251036735
0.933,0.040500309318304,0.00030517578125,0.06888689738791133
0.9335,0.0405003428459167,0.0,0.06890354415249501
0.934,0.0405005104839801,0.00030517578125,0.06898845212735798
0.9345,0.0405005887150764,0.00091552734375,0.06902701788181716
0.935,0.040500458329916,0.0,0.06895876768192036
0.9355,0.0405005030333995,-0.00030517578125,0.06898046894717796
0.936,0.0405005030333995,0.00030517578125,0.068979168946443
0.9365,0.0405005887150764,0.00091552734375,0.06902158879174908
0.937,0.0405006892979145,0.0006103515625,0.06907128875735602
0.9375,0.0405005067586898,0.0006103515625,0.06897602056804819
0.938,0.0405006036162376,0.0006103515625,0.06902426092404962
0.9385,0.0405001118779182,0.0006103515625,0.06877194495462373
0.939,0.0405003949999809,0.0,0.06891693797167868
0.9395,0.0405003875494003,0.0,0.0689124363222483
0.94,0.0405006818473339,-0.00030517578125,0.06906198720936163
0.9405,0.0405002981424331,-0.00030517578125,0.06886427304221383
0.941,0.0405003912746906,0.0,0.06891144703335467
0.9415,0.0405007638037204,0.00030517578125,0.06910087865983437
0.942,0.0405003912746906,0.0,0.06890843990152776
0.9425,0.040500272065401,0.0,0.06884701105548147
0.943,0.0405005849897861,0.0,0.06900654193238011
0.9435,0.0405005291104316,0.00091552734375,0.06897653930112572
0.944,0.0405004173517227,-0.00030517578125,0.06891826259858574
0.9445,0.0405005179345607,0.00030517578125,0.06896884612456054
0.945,0.0405003726482391,0.00030517578125,0.0688935560294365
0.9455,0.0405005067586898,0.0,0.06896145613242968
0.946,0.0405003428459167,0.0,0.06887677622745131
0.9465,0.0405003130435943,-0.00030517578125,0.06886125769901792
0.947,0.0405002459883689,0.00030517578125,0.06882685503628513
0.9475,0.0405005328357219,0.0,0.06897319402703767
0.948,0.0405007004737854,0.00030517578125,0.06905751605053795
0.9485,0.0405007414519786,0.0006103515625,0.06907645578675058
0.949,0.0405004918575286,0.0,0.06894691276717675
0.9495,0.0405005067586898,0.00030517578125,0.0689535366409917
0.95,0.0405003167688846,0.0006103515625,0.06885568675975708
0.9505,0.0405001267790794,0.00030517578125,0.06875908449393582
0.951,0.0405001081526279,0.00030517578125,0.06875105930097403
0.9515,0.0405003279447555,0.0,0.06886420356161908
0.952,0.0405003242194652,0.00030517578125,0.06886209765925165
0.9525,0.0405004136264324,-0.00030517578125,0.0689074828033397
0.953,0.0405003726482391,-0.00030517578125,0.06888591346660018
0.9535,0.0405007153749465,0.00030517578125,0.06906035171738674
0.954,0.0405001007020473,0.00030517578125,0.06874494775584668
0.9545,0.04050038382411,0.0,0.06889027739139898
0.955,0.0405006036162376,0.0,0.0690019822629768
0.9555,0.040500458329916,0.0,0.06892640701943432
0.956,0.0405005775392055,0.00091552734375,0.06898648433455307
0.9565,0.0405001677572727,0.00030517578125,0.06877631926187322
0.957,0.040500458329916,0.0,0.06892507686191068
0.9575,0.0405003130435943,-0.0006103515625,0.06885027596154206
0.958,0.0405002906918525,0.0006103515625,0.06883877716724628
0.9585,0.0405003987252712,0.0,0.06889386360991455
0.959,0.0405003726482391,0.00030517578125,0.06888013955543928
0.9595,0.040500171482563,-0.00030517578125,0.06877734367082218
0.96,0.0405006073415279,0.00030517578125,0.06900018614093659
0.9605,0.040500521659851,-0.00030517578125,0.06895506418681441
0.961,0.0405003279447555,0.0006103515625,0.06885521241220643
0.9615,0.0405004620552063,0.0006103515625,0.06892344426071141
0.962,0.040500346571207,-0.00030517578125,0.06886379760621997
0.9625,0.0405004769563674,0.0,0.06893005212699066
0.963,0.0405004471540451,0.0,0.0689140353300498
0.9635,0.040500521659851,0.0,0.06895134303854597
0.964,0.0405006408691406,0.0,0.06901121020042404
0.9645,0.0405002757906913,0.0,0.06882353395039822
0.965,0.0405003651976585,0.0,0.06886922659382615
0.9655,0.0405005700886249,0.00030517578125,0.06897345295816369
0.966,0.0405004248023033,-0.00030517578125,0.06889814167712956
0.9665,0.0405004695057868,0.00030517578125,0.0689204062006636
0.967,0.0405004099011421,0.0006103515625,0.06888927134659185
0.9675,0.0405005402863025,0.00030517578125,0.06895529991236708
0.968,0.0405005887150764,0.0,0.06897900812249051
0.9685,0.0405003279447555,0.00030517578125,0.06884479531396048
0.969,0.0405004248023033,0.00030517578125,0.0688941109107421
0.9695,0.0405004993081092,0.00030517578125,0.06893163957589743
0.97,0.0405002608895301,0.001220703125,0.0688092507475756
0.9705,0.0405004285275936,0.00030517578125,0.06889496688427017
0.971,0.0405003763735294,0.0,0.06886795617674234
0.9715,0.0405001603066921,-0.00030517578125,0.06875787944923618
0.972,0.0405003614723682,0.0006103515625,0.06886145954028111
0.9725,0.0405004546046257,0.00030517578125,0.06890877619824391
0.973,0.0405004099011421,0.0,0.06888532972255539
0.9735,0.0405005998909473,-0.0006103515625,0.06898181864803023
0.974,0.0405003502964973,-0.00030517578125,0.06885327549693897
0.9745,0.040500309318304,0.0,0.06883224875733056
0.975,0.0405006073415279,0.00030517578125,0.0689843248973777
0.9755,0.040500458329916,0.0,0.0689070369703121
0.976,0.0405005328357219,0.00030517578125,0.06894444049175259
0.9765,0.0405004061758518,0.0,0.06887893369701244
0.977,0.0405003428459167,0.00030517578125,0.06884633404397905
0.9775,0.0405002683401107,0.00030517578125,0.0688084407123806
0.978,0.040500421077013,0.00030517578125,0.06888662663084064
0.9785,0.0405004061758518,0.00030517578125,0.06887862085172156
0.979,0.0405005179345607,0.00030517578125,0.0689353075335075
0.9795,0.0405002608895301,0.0,0.0688034626848295
0.98,0.040500458329916,0.0,0.06890440848868261
0.9805,0.0405007414519786,0.0006103515625,0.06904827984415482
0.981,0.0405003502964973,0.0006103515625,0.06884695143769685
0.9815,0.0405001752078533,0.00030517578125,0.06875800359617161
0.982,0.040500484406948,0.0,0.06891650238645072
0.9825,0.040500484406948,-0.00030517578125,0.06891585398361204
0.983,0.0405003018677234,0.0006103515625,0.06882207766115112
0.9835,0.0405005328357219,0.00030517578125,0.06893998647646557
0.984,0.0405003651976585,-0.00030517578125,0.0688536236366281
0.9845,0.0405003875494003,-0.00030517578125,0.06886488957742944
0.985,0.0405004695057868,-0.00030517578125,0.06890645698160804
0.9855,0.0405004955828189,0.00030517578125,0.06891917038478776
0.986,0.0405003949999809,0.0006103515625,0.06886719100958041
0.9865,0.0405003428459167,0.0006103515625,0.06884036349373773
0.987,0.0405004918575286,0.0,0.06891636157208904
0.9875,0.0405003726482391,0.0,0.06885492845258773
0.988,0.0405003316700458,0.00030517578125,0.06883387589253367
0.9885,0.0405005663633346,0.0,0.06895358877544128
0.989,0.0405004732310771,0.00030517578125,0.06890503580403555
0.9895,0.0405006445944309,0.0,0.0689918720193395
0.99,0.0405001677572727,0.00030517578125,0.06874744019366567
0.9905,0.040500421077013,0.0,0.06887763335843537
0.991,0.0405003651976585,0.00030517578125,0.06884886802149692
0.9915,0.0405003130435943,0.0,0.06882225901831968
0.992,0.0405005030333995,0.00030517578125,0.0689192795770885
0.9925,0.0405005700886249,0.00030517578125,0.06895278860116807
0.993,0.0405003502964973,0.0,0.06883982508182337
0.9935,0.0405000932514667,0.00030517578125,0.06870944331102083
0.994,0.0405006669461727,0.0006103515625,0.06900325237708961
0.9945,0.0405002608895301,0.00030517578125,0.06879484781451074
0.995,0.04050038382411,0.0,0.06885807193047809
0.9955,0.0405004136264324,-0.00030517578125,0.06887311275478478
0.996,0.0405005849897861,0.0006103515625,0.06896024552552459
0.9965,0.0405003987252712,0.0006103515625,0.06886418652557538
0.997,0.0405006483197212,0.00030517578125,0.06899125594677899
0.9975,0.0405006110668182,0.0,0.06897091272375612
0.998,0.0405003614723682,0.00030517578125,0.06884242973000243
0.9985,0.0405004806816577,-0.00030517578125,0.06890318979651607
0.999,0.0405002236366272,0.0006103515625,0.06877166932751011
0.9995,0.0405003540217876,0.0,0.06883906242025452
1.0,0.0405002795159816,0.0006103515625,0.06880133714501667
1.0005,0.0405002906918525,0.0,0.06880774657040177
1.001,0.0405002944171428,0.0,0.0688102327012142
1.0015,0.0405003949999809,-0.00030517578125,0.0688618620952041
1.002,0.0405003614723682,0.00030517578125,0.06884462878299986
1.0025,0.0405002869665622,0.0006103515625,0.06880676913816026
1.003,0.0405004546046257,0.00030517578125,0.06889255173060925
1.0035,0.0405004806816577,0.0,0.0689054239758471
1.004,0.0405001007020473,0.00030517578125,0.06871132445564808
1.0045,0.0405006408691406,0.0006103515625,0.06898786079272642
1.005,0.0405004173517227,0.00030517578125,0.06887256002858892
1.0055,0.0405004285275936,0.0,0.06887794455027918
1.006,0.0405006073415279,0.00030517578125,0.06896882476288929
1.0065,0.0405004769563674,0.0,0.06890118138468453
1.007,0.0405005104839801,0.00030517578125,0.06891771068150108
1.0075,0.0405005887150764,0.00030517578125,0.06895690054145247
1.008,0.0405006296932697,0.0,0.0689767463490265
1.0085,0.0405006259679794,0.0,0.06897359935246383
1.009,0.0405006669461727,-0.00030517578125,0.06899333574379732
1.0095,0.0405003577470779,0.0,0.06883433818139659
1.01,0.0405002534389495,0.00030517578125,0.06878152968484652
1.0105,0.0405003391206264,0.0,0.06882606497935367
1.011,0.0405004359781742,0.00030517578125,0.06887557662507889
1.0115,0.0405005849897861,0.00030517578125,0.06895125370098927
1.012,0.0405004508793354,-0.00030517578125,0.06888193648363597
1.0125,0.0405001416802406,0.0006103515625,0.06872440961537435
1.013,0.040500234812498,0.0006103515625,0.06877363448692893
1.0135,0.0405005663633346,0.0,0.06894327630092768
1.014,0.0405003651976585,-0.00030517578125,0.06883979277132941
1.0145,0.0405003875494003,-0.00030517578125,0.06885118975817957
1.015,0.0405004173517227,-0.00030517578125,0.06886628867722279
1.0155,0.040500484406948,0.0,0.06890025254364421
1.016,0.040500421077013,0.00030517578125,0.068867383884573
1.0165,0.0405006892979145,-0.00030517578125,0.06900392570452121
1.017,0.0405004993081092,0.0,0.06890554170943546
1.0175,0.0405004769563674,0.00030517578125,0.06889355167272959
1.018,0.0405004657804966,0.00030517578125,0.06888739063010917
1.0185,0.0405004173517227,0.00030517578125,0.06886229164773908
1.019,0.040500421077013,0.0006103515625,0.06886396471795168
1.0195,0.0405006259679794,-0.00030517578125,0.06896823844015953
1.02,0.0405004322528839,0.00030517578125,0.06886830753397342
1.0205,0.0405004099011421,0.0,0.06885667070027975
1.021,0.0405003391206264,0.0006103515625,0.06882044557639407
1.0215,0.0405005551874637,0.0006103515625,0.06893077259729251
1.022,0.040500484406948,0.0006103515625,0.06889387349514048
1.0225,0.0405004918575286,-0.00030517578125,0.06889719443699024
1.023,0.0405004508793354,0.0,0.06887581090257233
1.0235,0.0405003949999809,0.0,0.06884701339590493
1.024,0.0405005104839801,0.00030517578125,0.06890584503863971
1.0245,0.0405004546046257,0.00030517578125,0.068876802306995
1.025,0.0405002459883689,0.0,0.06877032292514437
1.0255,0.0405003651976585,-0.00030517578125,0.06883203311954222
1.026,0.0405006408691406,0.00030517578125,0.0689727161331237
1.0265,0.0405005179345607,0.0,0.06890887709921717
1.027,0.04050013422966,0.0,0.0687129234438868
1.0275,0.0405004732310771,0.0,0.06888719416477099
1.028,0.0405005328357219,-0.00030517578125,0.06891723914235824
1.0285,0.0405002757906913,0.0,0.06878560711635127
1.029,0.040500421077013,0.0006103515625,0.06886032230909779
1.0295,0.0405006036162376,0.00030517578125,0.06895324395909065
1.03,0.0405004173517227,0.00030517578125,0.06885724983449198
1.0305,0.0405004620552063,0.0006103515625,0.06887987192479242
1.031,0.040500596165657,0.0,0.06894790340807178
1.0315,0.0405006110668182,0.0,0.0689545675082485
1.032,0.040500234812498,0.00030517578125,0.0687617687048745
1.0325,0.0405004359781742,-0.0006103515625,0.06886524438335191
1.033,0.0405004769563674,0.0,0.06888597236699308
1.0335,0.0405003428459167,0.0,0.06881722038968502
1.034,0.0405005849897861,0.0,0.06894087115777345
1.0345,0.0405006669461727,0.0006103515625,0.06898181131956413
1.035,0.0405002199113369,0.0,0.06875264576208266
1.0355,0.0405004993081092,0.0,0.06889600119116664
1.036,0.0405005291104316,0.0,0.06891074243644503
1.0365,0.0405004434287548,-0.00030517578125,0.06886643642348948
1.037,0.0405004881322383,0.0,0.068889006469717
1.0375,0.0405004434287548,0.0006103515625,0.06886580123923208
1.038,0.0405003875494003,0.0,0.06883706511173991
1.0385,0.0405005738139152,0.00030517578125,0.06893207655218316
1.039,0.0405002795159816,-0.00030517578125,0.068781353546168
1.0395,0.0405002497136592,0.00030517578125,0.06876725974227556
1.04,0.0405006930232048,0.00030517578125,0.0689940804446331
1.0405,0.0405002832412719,0.00030517578125,0.06878386409484359
1.041,0.0405005179345607,0.00030517578125,0.0689040784305886
1.0415,0.0405004546046257,0.0006103515625,0.06887123386598666
1.042,0.0405006147921085,0.00030517578125,0.06895265635496747
1.0425,0.0405005253851413,0.00030517578125,0.06890607249209585
1.043,0.040500421077013,0.0,0.06885233296571037
1.0435,0.0405003242194652,0.00030517578125,0.06880301228576244
1.044,0.0405004136264324,0.0,0.06884909437762916
1.0445,0.0405004322528839,0.0,0.06885854633982827
1.045,0.0405003242194652,0.0006103515625,0.06880346207566325
1.0455,0.0405003130435943,0.0,0.06879847482216561
1.046,0.0405004620552063,0.0,0.068874950656504
1.0465,0.0405003353953361,0.00030517578125,0.0688101342265935
1.047,0.0405004955828189,0.0,0.06889207557367881
1.0475,0.0405005738139152,0.00030517578125,0.06893152801748931
1.048,0.0405003763735294,0.0006103515625,0.06883003406025522
1.0485,0.0405005104839801,0.0,0.06889847685557944
1.049,0.0405005775392055,0.0006103515625,0.06893218810834457
1.0495,0.0405004285275936,0.0,0.06885540239479192
1.05,0.0405004955828189,0.0006103515625,0.06888949399299794
1.0505,0.0405002571642398,0.0,0.06876771422969839
1.051,0.0405003577470779,-0.00030517578125,0.06882012797352262
1.0515,0.0405002571642398,0.0006103515625,0.06876952474491599
1.052,0.0405004359781742,0.00091552734375,0.0688616369304434
1.0525,0.0405002608895301,0.0,0.06877250312398316
1.053,0.0405003577470779,0.0,0.06882283353521783
1.0535,0.040500596165657,0.0006103515625,0.06894457356474804
1.054,0.04050038382411,0.0,0.06883537033855561
1.0545,0.0405004546046257,0.0,0.06887149660875952
1.055,0.0405003912746906,0.00030517578125,0.06883893156138896
1.0555,0.0405005104839801,0.0,0.06889973175089949
1.056,0.0405003167688846,0.0,0.06880041065084733
1.0565,0.0405006967484951,0.0006103515625,0.06899448682970083
1.057,0.0405006147921085,0.00030517578125,0.06895133935684732
1.0575,0.0405002385377883,0.00030517578125,0.06875867661962752
1.058,0.040500309318304,-0.00030517578125,0.06879598835095897
1.0585,0.0405005626380443,0.0,0.06892553179338974
1.059,0.0405006036162376,0.00091552734375,0.06894572484013053
1.0595,0.0405002385377883,0.0,0.06875878783537272
1.06,0.0405005030333995,0.0,0.0688945416846803
1.0605,0.0405004993081092,0.0,0.06889220599052069
1.061,0.0405002757906913,0.0,0.06877784001076505
1.0615,0.0405004955828189,0.0006103515625,0.06889052972778333
1.062,0.0405005067586898,0.00030517578125,0.0688958641339761
1.0625,0.0405001752078533,0.0006103515625,0.06872674647597281
1.063,0.0405003130435943,0.00030517578125,0.06879873970498396
1.0635,0.0405003279447555,0.0,0.06880710751334528
1.064,0.0405004024505615,0.00030517578125,0.06884554136147567
1.0645,0.040500521659851,0.00030517578125,0.06890627995824876
1.065,0.0405005253851413,0.00030517578125,0.06890761565074267
1.0655,0.0405003875494003,0.00030517578125,0.06883678022666269
1.066,0.040500346571207,0.00091552734375,0.06881601957898997
1.0665,0.0405005440115928,-0.00030517578125,0.0689169094561175
1.067,0.0405002981424331,0.00030517578125,0.06879097320528316
1.0675,0.0405003130435943,0.0,0.06879942967278933
1.068,0.0405004248023033,0.00030517578125,0.0688569267468306
1.0685,0.0405005253851413,0.0,0.06890808083416339
1.069,0.0405004173517227,0.00030517578125,0.06885255946318711
1.0695,0.0405000187456607,-0.00030517578125,0.06865021859038921
1.07,0.0405006483197212,-0.00030517578125,0.06897322521953146
1.0705,0.0405007228255271,0.0,0.06901010383399514
1.071,0.0405003540217876,-0.00030517578125,0.06882053276320704
1.0715,0.0405003353953361,0.0,0.06881142466223554
1.072,0.0405005551874637,0.00030517578125,0.06892375416773795
1.0725,0.0405006259679794,0.0,0.06895914061023167
1.073,0.0405002534389495,0.00030517578125,0.06876815324359657
1.0735,0.0405004918575286,0.0,0.06889050455614662
1.074,0.0404998809099197,-0.0006103515625,0.06857971628949282
1.0745,0.0405003912746906,-0.00030517578125,0.06884308893341091
1.075,0.0405003763735294,0.0,0.06883559721604565
1.0755,0.040500346571207,-0.00030517578125,0.06882057448668745
1.076,0.0405005365610122,0.0006103515625,0.06891767410554571
1.0765,0.0405003130435943,0.00030517578125,0.06880307981859744
1.077,0.0405006073415279,0.00030517578125,0.06895348600555637
1.0775,0.0405005514621734,0.0006103515625,0.06892399023254822
1.078,0.0405005067586898,0.00030517578125,0.06890045426246415
1.0785,0.0405003204941749,0.00030517578125,0.06880506733206848
1.079,0.0405001752078533,0.00030517578125,0.06873202739934313
1.0795,0.0405002981424331,0.00030517578125,0.06879631546620973
1.08,0.0405005477368831,0.00030517578125,0.06892401841936083
1.0805,0.0405005253851413,0.00030517578125,0.0689119026771764
1.081,0.0405003242194652,0.0,0.06880873766510007
1.0815,0.04050038382411,0.00091552734375,0.06883956974398064
1.082,0.0405003614723682,0.00030517578125,0.06882823587148185
1.0825,0.0405005663633346,0.00030517578125,0.06893281619313359
1.083,0.0405003502964973,-0.00030517578125,0.06882182216887427
1.0835,0.0405005142092704,0.00030517578125,0.06890551294245266
1.084,0.040500734001398,0.00030517578125,0.0690171098132777
1.0845,0.0405003242194652,-0.00030517578125,0.06880666072218336
1.085,0.0405002310872077,0.0,0.06875994237758469
1.0855,0.0405004993081092,0.00030517578125,0.06889756274645244
1.086,0.0405002757906913,0.00030517578125,0.06878324026074348
1.0865,0.0405002646148204,0.00030517578125,0.06877858753039681
1.087,0.0405005402863025,0.0,0.0689197855760986
1.0875,0.0405002459883689,0.00030517578125,0.06876918349945281
1.088,0.040500421077013,0.00030517578125,0.06885935924288879
1.0885,0.0405003428459167,0.0,0.06881936270573204
1.089,0.0405005253851413,0.00030517578125,0.06891258628352723
1.0895,0.0405006967484951,0.0006103515625,0.068999380368926
1.09,0.0405002050101757,0.0,0.06874719474604725
1.0905,0.0405006259679794,0.0,0.06896257515489457
1.091,0.0405004881322383,0.00030517578125,0.06889121726901565
1.0915,0.0405002944171428,0.00091552734375,0.0687921259088526
1.092,0.0405001975595951,0.00030517578125,0.06874375833663285
1.0925,0.0405005626380443,0.00030517578125,0.06893084949995565
1.093,0.0405003130435943,0.00030517578125,0.06880287440948303
1.0935,0.0405003279447555,0.00030517578125,0.068811095314256
1.094,0.0405005477368831,0.0006103515625,0.0689234890640991
1.0945,0.0405003316700458,0.0,0.06881263682595298
1.095,0.0405005440115928,0.0006103515625,0.06892118806459224
1.0955,0.0405003875494003,0.0,0.06884070071286116
1.096,0.0405007191002368,0.0,0.06900980241267106
1.0965,0.040500558912754,0.0,0.06892660797468039
1.097,0.0405002273619174,0.00030517578125,0.06875685421355879
1.0975,0.0405004546046257,0.0006103515625,0.06887366996100146
1.098,0.0405003502964973,-0.00030517578125,0.06882034546592075
1.0985,0.0405001565814018,-0.0006103515625,0.06872249868731128
1.099,0.0405003800988197,0.00030517578125,0.06883802873735467
1.0995,0.0405004955828189,0.00030517578125,0.06889695277678522
1.1,0.0405005402863025,0.0,0.06891923973863434
1.1005,0.0405005887150764,0.00030517578125,0.06894320359215302
1.101,0.0405008308589458,0.00030517578125,0.06906591353009929
1.1015,0.0405002869665622,-0.00030517578125,0.06878657996068231
1.102,0.0405005365610122,0.00030517578125,0.06891435052409758
1.1025,0.0405004173517227,0.0006103515625,0.06885291851848387
1.103,0.0405007191002368,0.0,0.069006766001554
1.1035,0.040500208735466,0.00030517578125,0.06874523974261781
1.104,0.0405003502964973,0.0006103515625,0.06881877368015032
1.1045,0.04050038382411,-0.00030517578125,0.06883621624373742
1.105,0.0405005104839801,0.0,0.06890082356141733
1.1055,0.0405005812644958,0.00030517578125,0.0689363965517605
1.106,0.0405003726482391,-0.00030517578125,0.0688291507195968
1.1065,0.0405005365610122,0.00030517578125,0.0689128034390092
1.107,0.0405004806816577,0.0,0.06888366747258777
1.1075,0.0405005067586898,0.00030517578125,0.06889658460112585
1.108,0.0405004024505615,0.00030517578125,0.06884287494536313
1.1085,0.0405006110668182,0.00030517578125,0.06894922853597318
1.109,0.0405003428459167,-0.00030517578125,0.06881145855282067
1.1095,0.04050063341856,0.00030517578125,0.06895987792143633
1.11,0.0405001230537891,0.0,0.06869884296868134
1.1105,0.0405003502964973,0.0,0.06881657063715914
1.111,0.0405005700886249,0.0006103515625,0.06892896503575648
1.1115,0.0405001528561115,0.0,0.06871575690424025
1.112,0.0405005067586898,0.0,0.06889757778652279
1.1125,0.0405007787048816,0.00030517578125,0.06903582431804949
1.113,0.0405004434287548,0.00030517578125,0.06886303382588219
1.1135,0.0405004918575286,0.0006103515625,0.06888749828213424
1.114,0.0405005663633346,0.0,0.06892510789270084
1.1145,0.0405003726482391,0.0006103515625,0.06882563885506741
1.115,0.0405003800988197,0.00030517578125,0.0688296910500768
1.1155,0.0405004397034645,-0.00030517578125,0.06886019665804975
1.116,0.0405003279447555,0.0,0.0688032529133351
1.1165,0.0405001677572727,0.00030517578125,0.06872272078123404
1.117,0.0405003949999809,0.00030517578125,0.06884013153634991
1.1175,0.0405005663633346,-0.00030517578125,0.06892753865918724
1.118,0.0405004546046257,0.0,0.0688697879454052
1.1185,0.0405003763735294,-0.00030517578125,0.06882967594955164
1.119,0.0405003987252712,0.00030517578125,0.06884122507021145
1.1195,0.0405005365610122,0.00030517578125,0.0689114861807171
1.12,0.0405005998909473,0.0,0.0689432011588905
1.1205,0.0405002683401107,0.00030517578125,0.06877335072189716
1.121,0.0405005291104316,-0.00030517578125,0.0689070099279488
1.1215,0.0405003316700458,0.00030517578125,0.06880585093527623
1.122,0.0405003987252712,0.0,0.06884064079066417
1.1225,0.040500096976757,0.0006103515625,0.06868769411356657
1.123,0.0405002646148204,0.0,0.06877536950344204
1.1235,0.0405005775392055,0.0,0.06893551817566644
1.124,0.0405002981424331,0.0,0.06879219413721199
1.1245,0.0405006296932697,0.0006103515625,0.06896162891283669
1.125,0.0405005514621734,0.0,0.06892066834848484
1.1255,0.040500421077013,0.0,0.06885349046383732
1.126,0.0405003279447555,0.00030517578125,0.06880594434368299
1.1265,0.040500596165657,0.00030517578125,0.06894301000644375
1.127,0.0405002646148204,0.0006103515625,0.06877310536526808
1.1275,0.0405004471540451,0.00030517578125,0.06886696832687672
1.128,0.0405001603066921,0.0006103515625,0.06872095878798568
1.1285,0.04050038382411,0.0,0.06883652401673004
1.129,0.0405001044273376,0.0,0.06869484207565851
1.1295,0.0405004657804966,0.0006103515625,0.06888074568523225
1.13,0.0405007973313331,0.00091552734375,0.06904962214313416
1.1305,0.0405003391206264,0.00030517578125,0.06881411848375503
1.131,0.0405004136264324,0.00030517578125,0.06885236141122944
1.1315,0.0405007228255271,0.0,0.06900996276129734
1.132,0.0405003391206264,0.00030517578125,0.06881287659051583
1.1325,0.0405001789331436,0.0006103515625,0.06873214752238531
1.133,0.0405003800988197,0.0,0.06883623000870581
1.1335,0.0405002906918525,0.0,0.06879103205989093
1.134,0.0405003018677234,0.0,0.06879753674788593
1.1345,0.0405005514621734,0.0,0.06892517973152577
1.135,0.040500346571207,0.0006103515625,0.06882001100397243
1.1355,0.0405003614723682,0.0,0.06882792387363681
1.136,0.0405006222426891,0.0,0.06896107633960241
1.1365,0.0405002236366272,-0.00030517578125,0.06875691019995481
1.137,0.0405005365610122,0.00030517578125,0.06891733566571812
1.1375,0.0405002795159816,0.0,0.06878574866537804
1.138,0.0405002869665622,0.0,0.06879043256531098
1.1385,0.0405005924403667,0.0006103515625,0.06894661104897948
1.139,0.0405005775392055,-0.00030517578125,0.06893810922104818
1.1395,0.0405002050101757,0.00030517578125,0.06874747931142494
1.14,0.0405003987252712,0.0,0.06884745364216072
1.1405,0.0405003875494003,0.00030517578125,0.06884176411515786
1.141,0.0405002497136592,0.00030517578125,0.0687717303233548
1.1415,0.040500521659851,0.00091552734375,0.06891106167496439
1.142,0.0405001007020473,0.0,0.06869633263543536
1.1425,0.04050013422966,0.0,0.06871591387957089
1.143,0.0405003614723682,0.00030517578125,0.06883340200702591
1.1435,0.0405008010566234,0.0,0.06905772070019076
1.144,0.0405002236366272,0.0006103515625,0.06876129412301953
1.1445,0.0405005142092704,0.00030517578125,0.06891018926867419
1.145,0.0405004173517227,-0.00030517578125,0.0688602033729038
1.1455,0.0405004471540451,-0.00030517578125,0.06887522114785913
1.146,0.0405004397034645,-0.00030517578125,0.06887112504202995
1.1465,0.0405003912746906,0.0,0.06884620714153988
1.147,0.0405002124607563,0.0,0.06875545236693753
1.1475,0.0405002012848854,0.0006103515625,0.06875129595225499
1.148,0.0405005924403667,0.0,0.06895160645318937
1.1485,0.0405005253851413,0.0,0.06891642661219793
1.149,0.0405005887150764,0.0,0.06894802910557098
1.1495,0.0405006110668182,0.00030517578125,0.0689584430052223
1.15,0.040500734001398,0.0,0.06902013880278467
1.1505,0.0405003763735294,-0.00030517578125,0.06883621323974427
1.151,0.04050013422966,0.0,0.06871338530317124
1.1515,0.0405004434287548,0.00030517578125,0.06887254239939654
1.152,0.0405003614723682,0.00091552734375,0.06883047831940098
1.1525,0.0405005775392055,0.00030517578125,0.06894073900398912
1.153,0.040500272065401,0.0,0.0687840928909852
1.1535,0.0405005402863025,0.0,0.06892127879085579
1.154,0.0405006892979145,0.0,0.06899664481818178
1.1545,0.0405002683401107,0.00030517578125,0.06878066502337755
1.155,0.0405006557703018,0.00030517578125,0.06897876515553632
1.1555,0.0405005849897861,0.00030517578125,0.06894145090552414
1.156,0.0405003875494003,0.0,0.06883992719816961
1.1565,0.0405002683401107,0.0,0.06877945939391178
1.157,0.0405005700886249,0.00030517578125,0.06893390952830056
1.1575,0.0405004769563674,0.00030517578125,0.06888560337580797
1.158,0.0405005179345607,0.00030517578125,0.06890615532820495
1.1585,0.0405001677572727,0.0,0.06872736846428362
1.159,0.040500484406948,-0.00030517578125,0.06889017048442972
1.1595,0.0405002385377883,0.0,0.06876463781450448
1.16,0.0405002683401107,0.0006103515625,0.06878108265301246
1.1605,0.0405004359781742,0.0006103515625,0.06886728848211994
1.161,0.0405001267790794,0.00030517578125,0.06870979672372872
1.1615,0.0405006557703018,0.00030517578125,0.06898067566818827
1.162,0.0405005812644958,0.00030517578125,0.06894138030361273
1.1625,0.040500771254301,0.0,0.06903739899428393
1.163,0.0405004024505615,0.00030517578125,0.06884749814647233
1.1635,0.0405004695057868,0.0006103515625,0.06888160463545431
1.164,0.0405004173517227,-0.0006103515625,0.06885467185077858
1.1645,0.0405004024505615,0.0,0.06884694800924675
1.165,0.0405005738139152,-0.00030517578125,0.06893428663740965
1.1655,0.0405004955828189,0.0,0.06889356037265174
1.166,0.0405005700886249,-0.00030517578125,0.06893107695743561
1.1665,0.0405005365610122,0.0,0.06891317920501065
1.167,0.0405004248023033,0.0,0.0688555369558208
1.1675,0.0405004620552063,0.00030517578125,0.068874423422031
1.168,0.04050013422966,0.0,0.06870748581382025
1.1685,0.0405003912746906,-0.0006103515625,0.06884023633192704
1.169,0.0405004024505615,-0.00030517578125,0.06884593421704134
1.1695,0.0405006408691406,-0.00030517578125,0.06896749129108301
1.17,0.0405000895261764,0.0006103515625,0.06868546270175513
1.1705,0.0405004620552063,0.00030517578125,0.06887718516816936
1.171,0.0405004695057868,-0.00030517578125,0.06888077640625088
1.1715,0.0405001640319824,0.0,0.06872515541687703
1.172,0.0405003502964973,0.00030517578125,0.06882179050251411
1.1725,0.0405002646148204,0.00030517578125,0.06877870025696192
1.173,0.040500558912754,0.00030517578125,0.06892937424419755
1.1735,0.0405003353953361,0.0,0.06881469255269512
1.174,0.040500421077013,0.0,0.06885869338711455
1.1745,0.0405003167688846,0.0,0.06880551693608875
1.175,0.0405002497136592,0.00030517578125,0.0687721424353723
1.1755,0.0405003428459167,0.0,0.06882064563165201
1.176,0.0405003651976585,0.00030517578125,0.06883234928697017
1.1765,0.0405005514621734,0.00030517578125,0.06892740232531237
1.177,0.0405003353953361,-0.00030517578125,0.0688164303333474
1.1775,0.04050063341856,0.00030517578125,0.06896857707595551
1.178,0.0405005142092704,0.00030517578125,0.06890665719995334
1.1785,0.0405003800988197,0.0006103515625,0.06883769354247353
1.179,0.0405005253851413,0.0006103515625,0.0689117917899309
1.1795,0.0405005179345607,0.00030517578125,0.06890737812494917
1.18,0.0405003391206264,0.0,0.06881576937115694
1.1805,0.0405000932514667,0.0,0.06869153145480753
1.181,0.0405005812644958,0.0,0.06894205801782002
1.1815,0.0405000820755958,0.0,0.06868707566168519
1.182,0.0405005104839801,0.0006103515625,0.0689072112827579
1.1825,0.0405007302761077,0.00030517578125,0.06901876951421117
1.183,0.0405004508793354,-0.00030517578125,0.06887462166731513
1.1835,0.0405005626380443,-0.0006103515625,0.06893128173665562
1.184,0.0405004993081092,0.0,0.06889820233022081
1.1845,0.0405003689229488,0.0,0.06883122283172177
1.185,0.0405005179345607,0.0006103515625,0.0689072775845393
1.1855,0.0405005030333995,0.00030517578125,0.06889911025180973
1.186,0.0405003018677234,0.00030517578125,0.0687961324815061
1.1865,0.0405002571642398,0.0,0.06877427086482601
1.187,0.0405004061758518,0.0,0.06885108691178853
1.1875,0.0405006185173988,0.0006103515625,0.06895929051947705
1.188,0.0405003987252712,0.0,0.06884614609058771
1.1885,0.0405004732310771,-0.00030517578125,0.06888404454973653
1.189,0.0405007414519786,-0.00030517578125,0.06902053402770057
1.1895,0.0405003279447555,0.0,0.06880813852506523
1.19,0.0405003130435943,0.00030517578125,0.06880127374554543
1.1905,0.0405001081526279,0.0006103515625,0.06869809984323252
1.191,0.040500558912754,-0.00030517578125,0.06892953040843323
1.1915,0.0405004359781742,0.0,0.06886609306864169
1.192,0.040500521659851,0.0,0.06890955302286794
1.1925,0.040500458329916,-0.00030517578125,0.06887667036227951
1.193,0.0405003204941749,0.0,0.06880612282631246
1.1935,0.04050038382411,0.0,0.06883889300524103
1.194,0.0405003763735294,0.00030517578125,0.06883516923502635
1.1945,0.0405004397034645,0.0,0.06886750855719487
1.195,0.0405004471540451,0.00030517578125,0.06887111127671368
1.1955,0.0405002757906913,0.0,0.06878366713437381
1.196,0.0405003800988197,0.0,0.0688376175807923
1.1965,0.0405005253851413,-0.00030517578125,0.06891171738481502
1.197,0.0405006185173988,-0.00030517578125,0.06895861388049708
1.1975,0.0405004173517227,0.00030517578125,0.06885499185334257
1.198,0.0405004695057868,0.00030517578125,0.06888144095596185
1.1985,0.0405005291104316,0.0006103515625,0.06891146598853438
1.199,0.0405005514621734,0.00030517578125,0.06892223449262887
1.1995,0.0405005067586898,0.0006103515625,0.06889871613142635
1.2,0.0405004285275936,0.00030517578125,0.0688583170713185
1.2005,0.0405004024505615,-0.00030517578125,0.06884488729899374
1.201,0.0405003353953361,0.0006103515625,0.06881076609291535
1.2015,0.0405004695057868,0.0006103515625,0.06887941272503903
1.202,0.0405004136264324,0.0,0.06885056964310934
1.2025,0.0405005626380443,0.00030517578125,0.06892644601878344
1.203,0.0405005477368831,0.0,0.06891808419193826
1.2035,0.0405005104839801,0.00030517578125,0.06889839913988001
1.204,0.0405004471540451,0.0,0.06886557902421893
1.2045,0.0405005142092704,0.00030517578125,0.06889956575333323
1.205,0.0405002161860466,0.0,0.06874734394041417
1.2055,0.0405003242194652,0.00030517578125,0.06880379456580668
1.206,0.0405005030333995,0.0006103515625,0.06889534362317208
1.2065,0.0405004955828189,0.00030517578125,0.0688910718558498
1.207,0.0405004695057868,0.00030517578125,0.06887733371021745
1.2075,0.0405004359781742,0.0,0.06885992225358006
1.208,0.040500458329916,0.0,0.0688711287799058
1.2085,0.0405005738139152,0.00030517578125,0.06892975745935634
1.209,0.0405003167688846,0.00030517578125,0.06879799244347262
1.2095,0.0405003204941749,0.00030517578125,0.06880064073691618
1.21,0.0405005142092704,0.0,0.06889983670940605
1.2105,0.0405003242194652,0.0,0.06880251364130653
1.211,0.0405005477368831,-0.00030517578125,0.06891684193314562
1.2115,0.0405004471540451,0.00030517578125,0.06886492028042467
1.212,0.0405002385377883,0.0,0.06875871879515949
1.2125,0.0405001938343048,-0.0006103515625,0.06873749773811433
1.213,0.0405006408691406,0.00030517578125,0.06896646037226571
1.2135,0.0405003875494003,-0.00030517578125,0.06883621898332579
1.214,0.0405003949999809,0.0006103515625,0.06884005805006967
1.2145,0.0405005924403667,0.0,0.06894073565094316
1.215,0.0405004434287548,0.0006103515625,0.06886391663428282
1.2155,0.0405002683401107,0.0,0.06877465627169324
1.216,0.0405006818473339,0.00030517578125,0.06898616515562109
1.2165,0.0405004359781742,0.0006103515625,0.068859517601638
1.217,0.0405003689229488,0.00030517578125,0.0688251507566845
1.2175,0.0405004806816577,0.0,0.0688822626147178
1.218,0.0405004359781742,0.0,0.06885915906236151
1.2185,0.040500272065401,-0.00030517578125,0.06877571330891469
1.219,0.04050038382411,0.00030517578125,0.0688335877065979
1.2195,0.0405005104839801,0.00030517578125,0.06889823680639709
1.22,0.0405005291104316,0.00030517578125,0.06890721922835501
1.2205,0.0405005253851413,0.00091552734375,0.06890474188105115
1.221,0.0405003167688846,0.0,0.06879778539446982
1.2215,0.0405005998909473,-0.00030517578125,0.06894250305651797
1.222,0.0405003055930137,0.00030517578125,0.06879165371412335
1.2225,0.0405002981424331,0.00030517578125,0.06878873064011906
1.223,0.0405005924403667,0.0006103515625,0.06893931886818999
1.2235,0.0405003689229488,0.00030517578125,0.06882457012283387
1.224,0.0405002012848854,-0.0006103515625,0.06873972351154588
1.2245,0.0405005402863025,0.0,0.06891359739218333
1.225,0.0405005738139152,0.00030517578125,0.06893006683531762
1.2255,0.0405005365610122,0.00030517578125,0.06891026268275947
1.226,0.0405005812644958,0.0,0.06893247358693909
1.2265,0.0405002832412719,0.0,0.06877981630855548
1.227,0.0405004620552063,0.00030517578125,0.06887171473121252
1.2275,0.0405003726482391,0.00030517578125,0.06882590216088035
1.228,0.0405004993081092,0.0,0.06889063118479054
1.2285,0.0405003726482391,0.0,0.06882568669269072
1.229,0.0405002757906913,0.00030517578125,0.06877676004782757
1.2295,0.0405005067586898,0.0,0.06889516622769712
1.23,0.0405004657804966,0.0,0.0688738056598308
1.2305,0.040500458329916,0.00030517578125,0.06886971531545352
1.231,0.0405004806816577,0.0006103515625,0.06888088446169008
1.2315,0.0405003279447555,0.00030517578125,0.06880271421429858
1.232,0.0405005477368831,0.0,0.06891511492118373
1.2325,0.0405006594955921,0.0,0.06897143179398718
1.233,0.0405008196830749,0.0006103515625,0.06905205748783566
1.2335,0.0405003577470779,0.00030517578125,0.06881460841800517
1.234,0.0405004955828189,0.0,0.06888514165554845
1.2345,0.0405003689229488,0.00030517578125,0.06882019969134538
1.235,0.0405006110668182,0.00030517578125,0.06894389794373368
1.2355,0.0405002273619174,0.0,0.06874753542845059
1.236,0.040500421077013,0.00030517578125,0.06884748036130793
1.2365,0.0405005738139152,-0.00030517578125,0.06892533419000255
1.237,0.0405003279447555,0.0,0.0687992530020849
1.2375,0.0405004471540451,-0.00030517578125,0.0688605040100357
1.238,0.0405004508793354,0.00030517578125,0.06886225228018414
1.2385,0.0405004397034645,-0.00030517578125,0.06885637681976875
1.239,0.0405004322528839,0.00030517578125,0.06885240736104323
1.2395,0.0405006445944309,0.0,0.06896059591884694
1.24,0.0405002757906913,0.00030517578125,0.06877148328230724
1.2405,0.0405005551874637,-0.00030517578125,0.06891457222994173
1.241,0.0405002683401107,0.00030517578125,0.06876771616285235
1.2415,0.0405005179345607,0.00030517578125,0.06889572752582529
1.242,0.0405002683401107,0.0006103515625,0.06876812958318129
1.2425,0.040500421077013,0.0,0.06884692414994005
1.243,0.0405004061758518,0.00030517578125,0.06883933152645025
1.2435,0.0405003763735294,0.0006103515625,0.0688242434793271
1.244,0.0405005663633346,0.00030517578125,0.06892128978548702
1.2445,0.0405004620552063,0.00030517578125,0.06886739030683509
1.245,0.0405006483197212,-0.00030517578125,0.06896216593434293
1.2455,0.0405004508793354,0.0,0.06886042562967573
1.246,0.0405003800988197,0.0,0.06882414115017596
1.2465,0.0405005626380443,0.00030517578125,0.06891735940553474
1.247,0.0405003279447555,0.00030517578125,0.06879705219107735
1.2475,0.0405004620552063,0.00030517578125,0.06886591964411595
1.248,0.0405003391206264,-0.00030517578125,0.06880315923629562
1.2485,0.0405003428459167,0.00030517578125,0.06880572047218352
1.249,0.0405005663633346,0.00030517578125,0.06892004035637027
1.2495,0.0405004769563674,0.00030517578125,0.06887377502088841
1.25,0.0405003689229488,0.00030517578125,0.06881838273735029
1.2505,0.0405006073415279,0.00030517578125,0.06894010329855402
1.251,0.0405007675290107,-0.00030517578125,0.0690210106071963
1.2515,0.0405002646148204,0.0,0.06876307291175683
1.252,0.0405005104839801,0.00030517578125,0.06888937391516134
1.2525,0.040500171482563,0.0006103515625,0.06871658638446038
1.253,0.040500558912754,0.0006103515625,0.06891548028819036
1.2535,0.0405006632208824,0.00030517578125,0.06896802863815756
1.254,0.040500670671463,0.0,0.06897079515644038
1.2545,0.0404999479651451,-0.00030517578125,0.0686019971838216
1.255,0.0405003018677234,0.00030517578125,0.06878561123274057
1.2555,0.0405005738139152,0.0,0.06892481847142526
1.256,0.0405001752078533,-0.00030517578125,0.06872102844929298
1.2565,0.0405005179345607,0.0,0.06889706025795925
1.257,0.0405006073415279,-0.00030517578125,0.06894222559406281
1.2575,0.0405003055930137,0.00030517578125,0.06878755995951799
1.258,0.0405005067586898,0.00030517578125,0.06889067772908718
1.2585,0.0405004546046257,0.00030517578125,0.06886368522027442
1.259,0.0405002683401107,0.00030517578125,0.0687687574716718
1.2595,0.040500421077013,0.00030517578125,0.06884754813150036
1.26,0.0405004285275936,0.0,0.06885132237546882
1.2605,0.04050038382411,0.0,0.06882850135970436
1.261,0.0405003316700458,0.0,0.06880226542841582
1.2615,0.0405004248023033,0.00030517578125,0.06885023774640932
1.262,0.0405004806816577,0.00030517578125,0.06887869057580334
1.2625,0.0405002646148204,-0.00030517578125,0.0687684868156524
1.263,0.04050013422966,0.0,0.06870355564356827
1.2635,0.0405005440115928,0.00030517578125,0.06891398133744207
1.264,0.0405004508793354,0.00030517578125,0.06886584621805661
1.2645,0.0405005514621734,0.0,0.06891691750250917
1.265,0.0405002795159816,0.0,0.06877766645648807
1.2655,0.0405003912746906,0.00030517578125,0.06883551260129611
1.266,0.040500309318304,0.00030517578125,0.06879413885503811
1.2665,0.0405001826584339,0.0006103515625,0.06873076296383776
1.267,0.0405004732310771,0.0,0.06888026074135753
1.2675,0.0405004248023033,0.0,0.06885525877772636
1.268,0.0405004620552063,0.0,0.06887413198749687
1.2685,0.0405004322528839,0.0,0.06885864201142504
1.269,0.0405005849897861,0.0,0.06893638818268807
1.2695,0.0405004620552063,0.0006103515625,0.068872851979713
1.27,0.0405005849897861,0.0,0.06893527599522328
1.2705,0.0405004099011421,0.0,0.06884518300979693
1.271,0.0405003987252712,0.0,0.06883950494548684
1.2715,0.0405002869665622,0.0,0.06878285828456747
1.272,0.0405004620552063,0.00030517578125,0.0688728001981523
1.2725,0.0405005104839801,0.0006103515625,0.06889724029654092
1.273,0.0405002981424331,-0.00030517578125,0.06878850318618336
1.2735,0.0405004806816577,-0.00030517578125,0.06888209605140205
1.274,0.0405004993081092,0.0006103515625,0.06889120480598199
1.2745,0.0405006967484951,0.00030517578125,0.0689914363005782
1.275,0.0405006371438503,0.0,0.06895965863154069
1.2755,0.0405006408691406,0.0,0.06896047242559908
1.276,0.0405006110668182,0.0006103515625,0.06894419983596309
1.2765,0.0405004993081092,0.0006103515625,0.06888628833343709
1.277,0.0405004359781742,0.0006103515625,0.06885360710203549
1.2775,0.0405004024505615,0.0006103515625,0.06883640627386228
1.278,0.0405005402863025,0.00030517578125,0.06890673165426997
1.2785,0.0405004881322383,0.0,0.06887957714879407
1.279,0.0405003428459167,0.0,0.06880526204045163
1.2795,0.0405002683401107,0.0006103515625,0.06876813400700316
1.28,0.0405004024505615,0.00030517578125,0.06883748689809456
1.2805,0.0405005812644958,0.0,0.06892872140469676
1.281,0.040500272065401,-0.00030517578125,0.06877033389544332
1.2815,0.0405004918575286,0.00030517578125,0.06888315009562211
1.282,0.0405003912746906,0.00030517578125,0.06883157326129229
1.2825,0.0405003204941749,0.00030517578125,0.06879584333846046
1.283,0.0405005030333995,0.00030517578125,0.06888935914835473
1.2835,0.0405005812644958,0.00030517578125,0.06892882567705819
1.284,0.0405005365610122,0.0,0.06890522528846803
1.2845,0.0405005738139152,0.00030517578125,0.06892365032096869
1.285,0.0405004024505615,0.00030517578125,0.06883562238532635
1.2855,0.0405002385377883,0.0006103515625,0.0687525885540247
1.286,0.0405004806816577,0.00030517578125,0.06887712804370269
1.2865,0.0405003912746906,-0.00030517578125,0.06883127474752554
1.287,0.0405004620552063,0.0,0.06886744007160152
1.2875,0.0405005253851413,0.00030517578125,0.06889950731499535
1.288,0.0405003875494003,0.0,0.06882876423215616
1.2885,0.0405003502964973,-0.00030517578125,0.06881007872959795
1.289,0.0405005663633346,0.0006103515625,0.06892051501001287
1.2895,0.0405006632208824,0.00030517578125,0.06896922760466723
1.29,0.0405003242194652,0.00030517578125,0.06879524407859822
1.2905,0.0405004471540451,0.00030517578125,0.068858460494264
1.291,0.0405003055930137,0.00030517578125,0.06878640983816675
1.2915,0.0405002310872077,0.0,0.0687496195803207
1.292,0.0405004434287548,0.0,0.06885904881395045
1.2925,0.0405004918575286,-0.00030517578125,0.06888361409026342
1.293,0.0405003763735294,0.0006103515625,0.06882442327568976
1.2935,0.0405003130435943,0.00030517578125,0.0687926049335894
1.294,0.0405004769563674,0.00030517578125,0.06887673331334968
1.2945,0.0405004285275936,0.00030517578125,0.06885175763203667
1.295,0.0405003651976585,0.0,0.06881939783472249
1.2955,0.0405005812644958,0.0006103515625,0.06892972456806638
1.296,0.0405006557703018,0.0006103515625,0.06896696439984953
1.2965,0.0405003726482391,0.00030517578125,0.06882156935891359
1.297,0.0405001305043697,0.00030517578125,0.06869894111569175
1.2975,0.0405006259679794,0.0,0.0689529622855951
1.298,0.040500521659851,0.0,0.06889877540173225
1.2985,0.0405005402863025,0.0,0.0689077527988572
1.299,0.0405004359781742,0.0006103515625,0.06885395382252858
1.2995,0.0405005514621734,0.00030517578125,0.06891272247883579
1.3,0.0405003391206264,0.0,0.06880378444693988
1.3005,0.0405007116496562,0.0006103515625,0.06899403237455676
1.301,0.0405006408691406,0.00030517578125,0.06895660120209651
1.3015,0.0405003130435943,0.0,0.06878846433710722
1.302,0.0405006781220436,-0.00030517578125,0.06897513316798559
1.3025,0.0405004546046257,0.0,0.06885998292711094
1.303,0.0405004248023033,0.0,0.06884464896699174
1.3035,0.0405003540217876,0.00030517578125,0.06880868909235976
1.304,0.0405005104839801,0.00030517578125,0.06888881967699623
1.3045,0.0405002534389495,0.0006103515625,0.06875760715295326
1.305,0.040500421077013,0.00030517578125,0.06884417923244493
1.3055,0.0405004322528839,0.00030517578125,0.06884988807274914
1.306,0.04050038382411,-0.00030517578125,0.06882512924119234
1.3065,0.0405005812644958,0.00030517578125,0.06892593277562012
1.307,0.0405004136264324,0.0006103515625,0.06883969014743085
1.3075,0.0405005440115928,-0.00030517578125,0.0689061585326137
1.308,0.0405005402863025,0.00030517578125,0.06890366917869442
1.3085,0.0405005887150764,0.00030517578125,0.06892780576564679
1.309,0.040500458329916,0.00030517578125,0.06886051218913143
1.3095,0.0405006259679794,0.0006103515625,0.06894581785050234
1.31,0.0405003651976585,0.00030517578125,0.0688120371117277
1.3105,0.0405002310872077,0.0006103515625,0.06874452050762303
1.311,0.0405006147921085,0.0,0.06894115106482833
1.3115,0.0405004657804966,0.0,0.06886430835972075
1.312,0.0405004657804966,0.0006103515625,0.06886404082160077
1.3125,0.0405007638037204,0.0006103515625,0.06901582516648895
1.313,0.0405005402863025,0.00030517578125,0.06890024842334634
1.3135,0.0405004136264324,0.0,0.06883516101727773
1.314,0.0405004099011421,0.0,0.06883334649847626
1.3145,0.0405006594955921,0.0006103515625,0.06896068712092035
1.315,0.0405004024505615,0.00030517578125,0.06882857944140552
1.3155,0.0405003763735294,0.0006103515625,0.06881561504305277
1.316,0.0405002683401107,0.0006103515625,0.06876124572516513
1.3165,0.0405004732310771,0.0,0.06886664250412944
1.317,0.0405006743967533,0.00030517578125,0.06896907000411624
1.3175,0.0405004099011421,0.0006103515625,0.06883306018877478
1.318,0.0405007153749465,0.00030517578125,0.06898894805065797
1.3185,0.0405004173517227,0.00030517578125,0.06883568189144777
1.319,0.040500484406948,0.0,0.06886988309775506
1.3195,0.0405006110668182,0.0006103515625,0.06893422263461708
1.32,0.0405003987252712,0.00030517578125,0.06882522907406734
1.3205,0.0405002310872077,0.0,0.0687404820985215
1.321,0.0405005849897861,0.0006103515625,0.068922028783748
1.3215,0.0405002757906913,0.00030517578125,0.06876388275644375
1.322,0.040500171482563,0.00030517578125,0.06871236688479683
1.3225,0.0405003167688846,0.0,0.06878837092981345
1.323,0.0405004471540451,0.0,0.06885553260261276
1.3235,0.0405005440115928,0.0,0.06890479899821372
1.324,0.0405004993081092,-0.00030517578125,0.06888140945748081
1.3245,0.0405006296932697,0.0006103515625,0.06894753715818745
1.325,0.0405004322528839,0.0,0.06884590134461985
1.3255,0.0405004881322383,0.0006103515625,0.06887433829257802
1.326,0.040500458329916,0.0006103515625,0.06885883495523228
1.3265,0.0405005849897861,0.00030517578125,0.06892325858354391
1.327,0.0405004359781742,0.0,0.0688466059045378
1.3275,0.0405002981424331,0.00030517578125,0.06877660377102908
1.328,0.0405004546046257,0.00030517578125,0.06885720485081955
1.3285,0.0405004322528839,0.0006103515625,0.06884570141674747
1.329,0.0405004136264324,0.00030517578125,0.06883617988419266
1.3295,0.0405004806816577,0.0,0.06887039532698151
1.33,0.0405006557703018,-0.00030517578125,0.0689594613658014
1.3305,0.0405004061758518,0.0,0.06883118979753745
1.331,0.0405003502964973,0.0,0.06880291275619119
1.3315,0.0405007638037204,0.0006103515625,0.06901412187812371
1.332,0.0405003279447555,0.0,0.06879039068465943
1.3325,0.0405003614723682,0.00030517578125,0.06880824953404414
1.333,0.0405007302761077,0.0,0.06899666066547532
1.3335,0.0405005402863025,0.0,0.06889840205562356
1.334,0.0405002795159816,0.00030517578125,0.06876509598655715
1.3345,0.0405003428459167,-0.00030517578125,0.06879857470628173
1.335,0.0405004806816577,0.0,0.06886933673171705
1.3355,0.0405006110668182,-0.00030517578125,0.06893558829478519
1.336,0.04050038382411,0.0,0.06881882963550917
1.3365,0.0405007265508174,0.00030517578125,0.06899376459234793
1.337,0.040500558912754,0.0006103515625,0.0689069189451615
1.3375,0.0405003763735294,0.0006103515625,0.06881327932713557
1.338,0.0405006408691406,-0.00030517578125,0.06894836903557915
1.3385,0.0405007041990757,0.00030517578125,0.06897975732053534
1.339,0.0405001230537891,0.0,0.0686824741845665
1.3395,0.0405002981424331,0.0006103515625,0.06877402085372708
1.34,0.0405006408691406,0.00030517578125,0.06894947460277735
1.3405,0.0405004620552063,0.0,0.06885735328045213
1.341,0.0405005067586898,0.00030517578125,0.06887998559037813
1.3415,0.0405005402863025,0.0,0.06889674476824623
1.342,0.0405004285275936,0.0,0.06883928226285597
1.3425,0.0405004546046257,0.0,0.06885256837126144
1.343,0.0405007675290107,0.0,0.06901207275960898
1.3435,0.0405006781220436,0.00030517578125,0.06896494670733828
1.344,0.0405003763735294,-0.00030517578125,0.06881005587212846
1.3445,0.0405003055930137,0.0006103515625,0.06877466809668199
1.345,0.0405007451772689,0.0006103515625,0.06899950868545858
1.3455,0.0405004061758518,0.0,0.06882528814137227
1.346,0.0405003987252712,0.0006103515625,0.06882182864012372
1.3465,0.0405003391206264,0.0,0.06879199223073569
1.347,0.0405003316700458,0.00030517578125,0.06878904762707062
1.3475,0.0405005551874637,0.0,0.06890348446334568
1.348,0.0405004955828189,0.00030517578125,0.06887255932909228
1.3485,0.0405004322528839,0.00030517578125,0.06884000222471358
1.349,0.0405005030333995,-0.00030517578125,0.06887608694316409
1.3495,0.040500596165657,0.0,0.0689232579879571
1.35,0.0405006073415279,0.0,0.06892822211343515
1.3505,0.0405005402863025,0.00030517578125,0.06889327789291838
1.351,0.040500208735466,0.00030517578125,0.06872411199339883
1.3515,0.0405004471540451,0.00030517578125,0.0688471354775096
1.352,0.040500458329916,0.0006103515625,0.06885285927460322
1.3525,0.0405003353953361,0.0,0.06879030979312421
1.353,0.0405004769563674,0.0006103515625,0.06886305914847185
1.3535,0.040500707924366,0.00030517578125,0.06898067659719707
1.354,0.040500309318304,0.0,0.06877625114324694
1.3545,0.0405004248023033,0.00030517578125,0.06883597223352017
1.355,0.0405005812644958,-0.00030517578125,0.06891582102701452
1.3555,0.0405005365610122,0.0,0.06889237267902779
1.356,0.0405004806816577,0.0006103515625,0.0688634347602259
1.3565,0.0405004248023033,0.00030517578125,0.06883476991901936
1.357,0.0405004620552063,0.0006103515625,0.06885381402903167
1.3575,0.0405005812644958,0.00030517578125,0.06891447651550742
1.358,0.0405005775392055,0.00030517578125,0.06891195152600499
1.3585,0.0405003651976585,0.0006103515625,0.06880313141125198
1.359,0.0405004695057868,0.00030517578125,0.06885679115873315
1.3595,0.0405004173517227,0.0,0.06883010344728893
1.36,0.0405004769563674,0.0,0.06886063057667427
1.3605,0.0405003651976585,0.0006103515625,0.06880360750881608
1.361,0.0405005067586898,0.00030517578125,0.06887620326203951
1.3615,0.0405003949999809,0.00030517578125,0.06881896038868147
1.362,0.0405005440115928,0.00030517578125,0.06889515146310882
1.3625,0.0405004434287548,0.00030517578125,0.06884344638407551
1.363,0.0405002757906913,0.0,0.06875829564677294
1.3635,0.0405005253851413,0.00030517578125,0.06888645754956872
1.364,0.0405005291104316,0.00030517578125,0.06888803938652427
1.3645,0.040500234812498,0.00030517578125,0.0687379255893335
1.365,0.0405005551874637,0.00030517578125,0.06890243425645254
1.3655,0.0405005253851413,0.0,0.06888671737856819
1.366,0.0405005775392055,0.00030517578125,0.06891290821047334
1.3665,0.040500521659851,0.00030517578125,0.06888377592374785
1.367,0.0405005700886249,-0.00030517578125,0.06890810316882064
1.3675,0.0405004024505615,0.0006103515625,0.06882212469846544
1.368,0.0405002310872077,0.00030517578125,0.06873538315241629
1.3685,0.0405006967484951,0.0,0.0689737041002245
1.369,0.0405006073415279,0.0006103515625,0.06892692921000346
1.3695,0.0405005179345607,0.0006103515625,0.06888057256899004
1.37,0.0405004732310771,0.0,0.06885740904925255
1.3705,0.0405005775392055,0.0006103515625,0.06891046576063976
1.371,0.0405002534389495,0.00030517578125,0.06874489038064312
1.3715,0.040500208735466,0.00030517578125,0.06872392734933837
1.372,0.0405005924403667,0.0006103515625,0.06892089563703631
1.3725,0.0405004657804966,0.00030517578125,0.06885564430024387
1.373,0.0405004993081092,-0.00030517578125,0.06887262787670564
1.3735,0.0405003279447555,0.0,0.06878520274936979
1.374,0.040500208735466,0.00030517578125,0.06872560438515783
1.3745,0.0405006669461727,0.00030517578125,0.06896028783680516
1.375,0.0405006892979145,0.0006103515625,0.06897063685122766
1.3755,0.0405006036162376,0.00030517578125,0.06892577555423474
1.376,0.040500458329916,0.0,0.06885093995901327
1.3765,0.0405004508793354,0.00030517578125,0.06884704894509952
1.377,0.0405005738139152,0.00030517578125,0.06890967396254813
1.3775,0.0405005998909473,0.0,0.06892236852782271
1.378,0.0405004881322383,0.00030517578125,0.06886466456299331
1.3785,0.0405004620552063,0.0,0.06885115003446624
1.379,0.0405006632208824,-0.00030517578125,0.06895366433762139
1.3795,0.0405005142092704,0.0,0.06887669797234697
1.38,0.0405003763735294,0.0,0.06880613029673337
1.3805,0.0405004881322383,0.0,0.06886348038908015
1.381,0.0405006594955921,0.00030517578125,0.06895073133872441
1.3815,0.0405002199113369,-0.00030517578125,0.06872585982253149
1.382,0.0405004508793354,-0.00030517578125,0.06884513390742063
1.3825,0.0405004099011421,0.001220703125,0.06882431995753797
1.383,0.0405005328357219,-0.00030517578125,0.06888716697836239
1.3835,0.0405004657804966,0.0006103515625,0.0688525998031931
1.384,0.04050038382411,0.00030517578125,0.06881091452596776
1.3845,0.0405002161860466,0.00030517578125,0.06872645144818805
1.385,0.0405005551874637,0.0,0.06890057570469947
1.3855,0.0405007414519786,0.0006103515625,0.06899510464952824
1.386,0.040500171482563,0.0006103515625,0.06870329399216785
1.3865,0.0405003949999809,-0.0006103515625,0.06881905634958706
1.387,0.0405006147921085,0.00030517578125,0.06893138946233343
1.3875,0.0405004881322383,0.00030517578125,0.06886600876958089
1.388,0.0405006185173988,0.0006103515625,0.06893228451710094
1.3885,0.0405005104839801,0.00030517578125,0.06887638514424325
1.389,0.0405006222426891,-0.00030517578125,0.06893301608314674
1.3895,0.0405007638037204,0.0,0.06900443058575084
1.39,0.0405002459883689,0.0,0.06873910913425141
1.3905,0.0405002571642398,0.0,0.06874658203079383
1.391,0.0405004993081092,0.0006103515625,0.06887127923182985
1.3915,0.0405002795159816,0.00030517578125,0.06875932690442937
1.392,0.0405003018677234,-0.00030517578125,0.06877207173399161
1.3925,0.0405005328357219,0.00030517578125,0.06889060383357597
1.393,0.0405001677572727,0.00030517578125,0.06870451592207212
1.3935,0.0405003949999809,0.00030517578125,0.0688221711445561
1.394,0.040500596165657,0.00030517578125,0.06892497183988827
1.3945,0.0405003912746906,0.0,0.0688198555679051
1.395,0.040500234812498,0.00030517578125,0.06874082583610537
1.3955,0.0405004546046257,0.00030517578125,0.06885414448138026
1.396,0.0405003949999809,0.00030517578125,0.06882370848181707
1.3965,0.0405004508793354,0.00030517578125,0.06885238343017606
1.397,0.0405006967484951,0.0,0.06897771365766893
1.3975,0.0405004471540451,0.0,0.06884924195199449
1.398,0.0405004061758518,0.0,0.06882834501364311
1.3985,0.0405003577470779,0.0,0.06880402628573658
1.399,0.0405004806816577,0.00030517578125,0.06886717239405858
1.3995,0.0405003353953361,0.00030517578125,0.06879301641718391
1.4,0.0405005700886249,0.0,0.06891315744514609
1.4005,0.0405003800988197,0.00030517578125,0.06881571278676804
1.401,0.0405004881322383,0.00030517578125,0.0688710382238083
1.4015,0.0405005142092704,0.00030517578125,0.06888408240297775
1.402,0.0405004471540451,0.00030517578125,0.06884949869415258
1.4025,0.0405005626380443,0.0006103515625,0.06890830261651414
1.403,0.0405004434287548,0.00030517578125,0.06884688771424015
1.4035,0.0405006669461727,0.00030517578125,0.06896081553092168
1.404,0.0405003055930137,0.0,0.068775597509271
1.4045,0.0405003577470779,0.0006103515625,0.06880324392149054
1.405,0.0405003204941749,0.00030517578125,0.06878498035131335
1.4055,0.0405005738139152,0.00091552734375,0.06891461136141425
1.406,0.0405006110668182,0.0006103515625,0.06893297993396227
1.4065,0.0405004695057868,0.00030517578125,0.06885998833407692
1.407,0.0405004806816577,0.00030517578125,0.06886552733802345
1.4075,0.0405004434287548,0.0006103515625,0.06884632938161708
1.408,0.0405005104839801,0.0,0.06888043512863115
1.4085,0.040500707924366,0.00030517578125,0.06898078113029955
1.409,0.0405004620552063,0.00030517578125,0.06885416317922859
1.4095,0.0405003689229488,-0.00030517578125,0.06880670104478369
1.41,0.0405004136264324,0.0006103515625,0.06883010503370086
1.4105,0.0405002385377883,0.0006103515625,0.06874155683942866
1.411,0.040500346571207,0.00030517578125,0.06879810205261676
1.4115,0.040500558912754,0.0,0.06890675147389948
1.412,0.0405005030333995,0.00030517578125,0.0688777729689015
1.4125,0.0405001640319824,0.0006103515625,0.0687051940354533
1.413,0.0405005104839801,0.00030517578125,0.06888348245707737
1.4135,0.0405004285275936,-0.0006103515625,0.06884138636617136
1.414,0.0405003912746906,-0.00030517578125,0.06882244875297006
1.4145,0.0405005514621734,0.00030517578125,0.06890428321762991
1.415,0.0405004248023033,0.0006103515625,0.06883919213230627
1.4155,0.0405003800988197,0.00030517578125,0.06881651687656623
1.416,0.0405007414519786,0.00030517578125,0.0690010441220173
1.4165,0.040500558912754,0.0,0.06890651423264066
1.417,0.0405005924403667,0.0,0.06892306200926213
1.4175,0.0405002236366272,0.0,0.06873451219239039
1.418,0.0405005365610122,0.00030517578125,0.0688952922990332
1.4185,0.0405004359781742,0.0,0.06884357576291261
1.419,0.0405004508793354,0.0,0.06885112891032738
1.4195,0.0405005775392055,0.0,0.06891562665877493
1.42,0.0405004024505615,0.00030517578125,0.06882574635362776
1.4205,0.0405003763735294,0.00030517578125,0.06881278358097394
1.421,0.0405005924403667,0.0006103515625,0.06892321552313402
1.4215,0.040500596165657,0.0,0.06892440433832214
1.422,0.0405003800988197,-0.00030517578125,0.06881347087665396
1.4225,0.0405006185173988,0.00030517578125,0.06893523149250971
1.423,0.0405007228255271,0.0,0.06898765064360358
1.4235,0.0405002683401107,0.0,0.06875479950446706
1.424,0.0405002236366272,0.00030517578125,0.06873350385907198
1.4245,0.0405006967484951,0.00030517578125,0.06897568097374202
1.425,0.0405003428459167,-0.00030517578125,0.06879411987363981
1.4255,0.0405003391206264,0.00030517578125,0.06879305167437731
1.426,0.0405005738139152,0.00030517578125,0.06891318306611424
1.4265,0.0405004993081092,0.00030517578125,0.0688746295477419
1.427,0.0404999516904354,0.0,0.06859608438914035
1.4275,0.0405007153749465,0.0,0.06898794599581752
1.428,0.0405004620552063,0.0006103515625,0.06885747558843583
1.4285,0.0405004769563674,0.00030517578125,0.06886493353117265
1.429,0.0405002683401107,0.00030517578125,0.06875870296217663
1.4295,0.0405003167688846,0.00030517578125,0.06878473660768773
1.43,0.0405005291104316,0.00030517578125,0.06889361174205033
1.4305,0.0405005179345607,0.0,0.06888747186845007
1.431,0.0405003987252712,0.00030517578125,0.06882633193072953
1.4315,0.0405003763735294,0.0006103515625,0.06881524490669846
1.432,0.0405006259679794,0.0,0.06894279819052296
1.4325,0.0405003651976585,0.00030517578125,0.06880898748485177
1.433,0.0405005738139152,0.0006103515625,0.06891568565452313
1.4335,0.0405002497136592,0.0006103515625,0.0687499537107424
1.434,0.0405005291104316,0.00030517578125,0.06889341824769044
1.4345,0.0405005812644958,0.00030517578125,0.06891957424384346
1.435,0.040500458329916,0.0006103515625,0.06885625678204116
1.4355,0.0405002422630786,0.0,0.06874642506884737
1.436,0.0405003651976585,-0.00030517578125,0.06881045168504013
1.4365,0.040500558912754,0.0,0.06890951715880082
1.437,0.0405002981424331,0.0006103515625,0.06877602095063244
1.4375,0.0405004620552063,0.0,0.06886035037969974
1.438,0.0405005700886249,0.0006103515625,0.06891528571726897
1.4385,0.0405005514621734,0.00030517578125,0.06890512463400424
1.439,0.0405005700886249,-0.00030517578125,0.0689140713284094
1.4395,0.0405004285275936,0.00030517578125,0.06884125149919698
1.44,0.0405005775392055,0.0006103515625,0.06891727224466493
1.4405,0.0405002050101757,0.0,0.06872700227743657
1.441,0.0405002422630786,-0.00030517578125,0.06874795698835735
1.4415,0.0405003204941749,-0.00030517578125,0.06878934676560022
1.442,0.0405004248023033,0.0,0.06884333605143798
1.4425,0.0405002273619174,0.00030517578125,0.06874317436977208
1.443,0.0405005551874637,0.0006103515625,0.068911381177525
1.4435,0.0405005365610122,0.00030517578125,0.06890131055096455
1.444,0.0405001752078533,0.0,0.06871680592320997
1.4445,0.0405005700886249,0.0,0.06891942430318865
1.445,0.040500458329916,0.0,0.06886175417083935
1.4455,0.0405005440115928,0.0006103515625,0.06890524012199667
1.446,0.040500558912754,0.00030517578125,0.06891226000843222
1.4465,0.0405005440115928,0.00030517578125,0.06890405393759623
1.447,0.040500171482563,0.00030517578125,0.06871389731270953
1.4475,0.0405004471540451,0.0,0.06885599931223653
1.448,0.0405004397034645,0.0,0.068852129252667
1.4485,0.0405003763735294,0.00030517578125,0.06881981170809015
1.449,0.0405005291104316,0.0006103515625,0.06889784624113186
1.4495,0.040500707924366,0.00030517578125,0.0689885582624273
1.45,0.0405003316700458,-0.00030517578125,0.06879540666811058
1.4505,0.0405004434287548,0.0006103515625,0.06885292119961338
1.451,0.0405005551874637,0.00030517578125,0.06890984521508359
1.4515,0.0405004285275936,0.00030517578125,0.06884464260803566
1.452,0.0405008308589458,0.00030517578125,0.06904990071337035
1.4525,0.0405003540217876,-0.00030517578125,0.06880489858730177
1.453,0.0405005775392055,0.0,0.06891921303379686
1.4535,0.040500309318304,-0.0006103515625,0.06878189297845791
1.454,0.0405004322528839,0.0006103515625,0.0688453488264156
1.4545,0.0405004322528839,0.00030517578125,0.0688453663466496
1.455,0.0405002757906913,0.00030517578125,0.0687658843239965
1.4555,0.0405004434287548,-0.00030517578125,0.06885230631193251
1.456,0.0405003279447555,0.0,0.06879347932052601
1.4565,0.0405005253851413,0.0,0.06889457227266065
1.457,0.0405005514621734,0.00030517578125,0.06890743121396867
1.4575,0.0405003353953361,0.0,0.06879676202685778
1.458,0.0405004657804966,0.0,0.06886381048395813
1.4585,0.0405002869665622,0.00030517578125,0.06877273621422257
1.459,0.0405004285275936,0.00030517578125,0.06884583658594833
1.4595,0.0405003763735294,0.00030517578125,0.06881934140954463
1.46,0.0405004136264324,0.0006103515625,0.06883858877592035
1.4605,0.0405007638037204,0.0,0.06901721469693571
1.461,0.0405002869665622,0.00091552734375,0.06877247492549263
1.4615,0.040500558912754,-0.00030517578125,0.0689117280753855
1.462,0.0405005998909473,0.00030517578125,0.06893197632679161
1.4625,0.0405007228255271,0.00030517578125,0.06899388032039444
1.463,0.0405003316700458,-0.0006103515625,0.06879301930285937
1.4635,0.0405005775392055,0.00030517578125,0.06891875987791107
1.464,0.0405004173517227,0.00030517578125,0.06883643684814583
1.4645,0.0405003577470779,0.00030517578125,0.06880634095403272
1.465,0.0405002050101757,-0.00030517578125,0.06872932214699173
1.4655,0.0405007191002368,0.00030517578125,0.06899240754646309
1.466,0.0405002161860466,-0.00030517578125,0.06873471393589088
1.4665,0.0405005030333995,0.0006103515625,0.06888213704175174
1.467,0.0405005775392055,0.0,0.0689198087391357
1.4675,0.0405004732310771,0.00030517578125,0.06886592807581167
1.468,0.0405005179345607,0.00030517578125,0.06888845191925516
1.4685,0.0405007638037204,-0.00030517578125,0.06901341536606118
1.469,0.0405007041990757,0.0,0.06898147536861392
1.4695,0.0405004806816577,0.00030517578125,0.06886622030808544
1.47,0.0405005887150764,0.00030517578125,0.06892109923728111
1.4705,0.0405004471540451,0.00030517578125,0.0688482237156303
1.471,0.040500521659851,-0.00030517578125,0.06888616239853487
1.4715,0.0405003353953361,0.0,0.06879092668727353
1.472,0.0405002944171428,0.0006103515625,0.06877095937182044
1.4725,0.0405005738139152,0.0006103515625,0.06891407957370194
1.473,0.0405004732310771,0.0006103515625,0.06886218970714973
1.4735,0.040500346571207,0.0,0.06879755208973606
1.474,0.0405005924403667,0.0,0.06892332103111364
1.4745,0.040500596165657,-0.00030517578125,0.0689244878973984
1.475,0.0405006483197212,0.00030517578125,0.06895034479090349
1.4755,0.0405005440115928,0.00030517578125,0.06889617998875837
1.476,0.0405004695057868,0.0,0.06885771126089209
1.4765,0.0405004322528839,0.00030517578125,0.06883857168610368
1.477,0.0405006073415279,0.0,0.06892793644991747
1.4775,0.0405001901090145,0.00030517578125,0.06871475140894122
1.478,0.0405005440115928,0.00091552734375,0.06889667053791014
1.4785,0.0405004434287548,0.0006103515625,0.0688449332460222
1.479,0.0405006110668182,0.0,0.06893040940575197
1.4795,0.0405004099011421,0.00030517578125,0.06882705770762278
1.48,0.0405007004737854,0.0006103515625,0.06897533514560193
1.4805,0.0405007228255271,0.00030517578125,0.06898554644866428
1.481,0.0405005067586898,0.0006103515625,0.06887399627511197
1.4815,0.040500707924366,-0.00030517578125,0.06897628600498058
1.482,0.0405003800988197,0.0,0.06880796269085722
1.4825,0.0405004136264324,0.00030517578125,0.06882556104221721
1.483,0.0405005142092704,0.00030517578125,0.06887703253442558
1.4835,0.0405003689229488,0.00030517578125,0.06880270607978083
1.484,0.0405005738139152,0.0006103515625,0.06890755324872085
1.4845,0.0405004285275936,0.0,0.06883293489412809
1.485,0.0405004434287548,0.00030517578125,0.0688406650685603
1.4855,0.0405004769563674,0.0,0.06885775440510543
1.486,0.0405007004737854,0.00030517578125,0.06897164831685924
1.4865,0.0405003391206264,0.0,0.06878633382313695
1.487,0.0405005179345607,0.0,0.06887809869338206
1.4875,0.0405005700886249,0.00030517578125,0.06890437982725137
1.488,0.0405005067586898,0.00030517578125,0.06887152166710554
1.4885,0.0405004769563674,0.0,0.06885610908761901
1.489,0.0405001416802406,0.0,0.06868576019209072
1.4895,0.0405003502964973,0.00030517578125,0.06879435037601077
1.49,0.0405002944171428,0.0,0.06876689081676196
1.4905,0.0405003949999809,-0.00030517578125,0.06881929394975952
1.491,0.0405003130435943,0.0006103515625,0.06877808553630259
1.4915,0.0405005067586898,0.00030517578125,0.06887756523169779
1.492,0.0405003316700458,0.00030517578125,0.06878803627312637
1.4925,0.0405005626380443,0.0006103515625,0.06890626006937042
1.493,0.0405004173517227,0.0,0.0688316512357756
1.4935,0.0405004061758518,0.0,0.06882615428514768
1.494,0.0405005402863025,0.00030517578125,0.06889469276674412
1.4945,0.040500458329916,0.00030517578125,0.06885245200723301
1.495,0.0405004732310771,0.0006103515625,0.0688599083935642
1.4955,0.040500707924366,0.00030517578125,0.06897941970446185
1.496,0.0405005328357219,0.0006103515625,0.06888888508728534
1.4965,0.0405005067586898,0.0,0.06887513578249373
1.497,0.0405007489025592,0.00030517578125,0.0689983859463484
1.4975,0.04050038382411,0.0006103515625,0.06881088873641236
1.498,0.0405004173517227,0.0,0.06882852220487584
1.4985,0.0405002795159816,0.0,0.06875885246724948
1.499,0.0405005812644958,-0.00030517578125,0.06891359855278541
1.4995,0.0405003614723682,0.0006103515625,0.06880099660209393
1.5,0.0405004471540451,0.0006103515625,0.06884523364779471
1.5005000000000002,0.0405004173517227,0.0,0.06883005187821363
1.501,0.0405006557703018,0.00030517578125,0.06895175443656636
1.5015,0.0405004471540451,0.0,0.06884443132819319
1.5019999999999998,0.0405003875494003,0.0,0.0688141313869635
1.5025,0.0405004322528839,0.0,0.06883733942801835
1.503,0.040500346571207,0.0,0.06879400638298461
1.5034999999999998,0.0405003055930137,0.0,0.0687740686365218
1.504,0.0405005924403667,0.0,0.06892099961172804
1.5045000000000002,0.0405004322528839,0.00030517578125,0.06883866556241647
1.505,0.0405003875494003,0.0006103515625,0.06881596450478891
1.5055,0.0405007004737854,0.00030517578125,0.06897573137352887
1.5059999999999998,0.0405006147921085,0.00030517578125,0.06893079227193637
1.5065,0.0405007041990757,0.0006103515625,0.06897559092831804
1.507,0.0405004024505615,0.0006103515625,0.06882051429053465
1.5074999999999998,0.040500484406948,0.00030517578125,0.0688624945510085
1.508,0.0405004620552063,0.00030517578125,0.06885087492570117
1.5085000000000002,0.0405007228255271,0.00030517578125,0.06898378096557692
1.509,0.0405003055930137,0.0,0.06876996124151415
1.5095,0.0405001156032085,0.0006103515625,0.06867492113690124
1.5099999999999998,0.0405004397034645,0.0006103515625,0.06884239432544274
1.5105,0.0405003279447555,0.0,0.0687857581204844
1.511,0.0405004136264324,0.0006103515625,0.06883023064760253
1.5114999999999998,0.0405004695057868,0.0,0.06885884361475622
1.512,0.0405003875494003,0.00030517578125,0.06881700096539178
1.5125000000000002,0.0405003651976585,-0.00030517578125,0.06880608044404192
1.513,0.0405006594955921,0.0006103515625,0.06895648525507236
1.5135,0.0405005775392055,0.0,0.06891367420880871
1.5139999999999998,0.0405004732310771,0.00030517578125,0.06885981933518205
1.5145,0.0405005402863025,0.00030517578125,0.0688938525062923
1.515,0.0405003055930137,0.00030517578125,0.06877383834964017
1.5154999999999998,0.0405004471540451,0.0,0.06884687173231019
1.516,0.0405003912746906,0.0,0.06881846452720718
1.5165000000000002,0.0405004136264324,0.0006103515625,0.0688302107498506
1.517,0.0405006036162376,0.0,0.06892717166736294
1.5175,0.0405006669461727,0.0006103515625,0.06895870817486104
1.5179999999999998,0.0405005291104316,-0.0006103515625,0.06888737580438944
1.5185,0.0405004024505615,0.00030517578125,0.06882239515291305
1.519,0.0405006296932697,0.00030517578125,0.06893842432838856
1.5195,0.0405006408691406,0.00030517578125,0.06894326133245147
1.52,0.0405005551874637,0.0,0.06889867185915674
1.5205000000000002,0.0405004099011421,0.00030517578125,0.068824081794361
1.521,0.0405007526278495,0.00030517578125,0.0689990513016941
1.5215,0.0405004769563674,0.00030517578125,0.06885708807912694
1.5219999999999998,0.0405003502964973,0.0,0.06879259547717807
1.5225,0.0405002757906913,0.00091552734375,0.0687556921285642
1.523,0.0405005142092704,0.0006103515625,0.06887834471233588
1.5235,0.0405002683401107,0.0,0.06875299017852074
1.524,0.0405005663633346,0.00030517578125,0.06890584021827269
1.5245000000000002,0.0405008196830749,0.0006103515625,0.06903450603241992
1.525,0.0405004955828189,0.00091552734375,0.0688674737710939
1.5255,0.0405003316700458,0.00030517578125,0.0687838499433874
1.5259999999999998,0.0405004993081092,0.00030517578125,0.06886998595742505
1.5265,0.0405005700886249,0.0,0.06890585988724722
1.527,0.0405002236366272,0.00030517578125,0.06872901168310762
1.5275,0.0405001975595951,0.0,0.0687178282974358
1.528,0.0405002981424331,0.00030517578125,0.06877111882571213
1.5285000000000002,0.0405003502964973,-0.00030517578125,0.06879887763488192
1.529,0.0405004434287548,0.00030517578125,0.06884694860712516
1.5295,0.0405004173517227,0.0006103515625,0.0688336575827242
1.5299999999999998,0.0405004285275936,-0.00030517578125,0.06883951658802315
1.5305,0.0405003689229488,0.0,0.06880934043164193
1.531,0.0405004322528839,0.0,0.06884204286464778
1.5315,0.0405006147921085,0.00030517578125,0.06893512400488941
1.532,0.0405003577470779,0.0,0.06880317581758448
1.5325000000000002,0.0405007451772689,0.0,0.0690010584601804
1.533,0.0405003279447555,-0.00030517578125,0.06878691762290252
1.5335,0.0405004434287548,-0.0006103515625,0.06884648104917987
1.5339999999999998,0.0405003763735294,0.00030517578125,0.06881243487631834
1.5345,0.0405003130435943,0.00030517578125,0.06878086722848202
1.535,0.0405003540217876,0.00030517578125,0.06880278686432972
1.5355,0.0405003651976585,0.00030517578125,0.06880918096765173
1.536,0.0405004508793354,0.00030517578125,0.06885329148284651
1.5365000000000002,0.0405004173517227,0.00030517578125,0.06883611262700003
1.537,0.0405005030333995,0.0,0.06887983546100636
1.5375,0.0405005440115928,0.00091552734375,0.06890039129516601
1.5379999999999998,0.0405004881322383,0.0006103515625,0.06887135628294525
1.5385,0.0405005402863025,0.0,0.06889770367690959
1.539,0.040500171482563,0.0,0.068709577058965
1.5395,0.0405003987252712,0.00030517578125,0.06882718288255632
1.54,0.0405003651976585,0.00030517578125,0.06881052499435517
1.5405000000000002,0.0405002795159816,0.0,0.06876765319664298
1.541,0.0405003875494003,0.0006103515625,0.06882380344864968
1.5415,0.0405004434287548,0.0,0.06885252072603285
1.5419999999999998,0.0405004322528839,0.00030517578125,0.06884676310787023
1.5425,0.0405003651976585,0.0,0.06881264783125508
1.543,0.0405005626380443,0.00030517578125,0.0689135877139832
1.5435,0.040500521659851,0.0006103515625,0.06889206574186271
1.544,0.040500421077013,0.0006103515625,0.06884032561540923
1.5445000000000002,0.0405004918575286,0.0006103515625,0.06887640390471175
1.545,0.0405005812644958,-0.0006103515625,0.06892172547311262
1.5455,0.0405003242194652,0.0,0.06879002156116548
1.5459999999999998,0.0405006259679794,0.0,0.06894435568997523
1.5465,0.0405005067586898,0.00030517578125,0.06888269754311166
1.5470000000000002,0.0405001193284988,0.0006103515625,0.06868545928131083
1.5475,0.0405001863837242,-0.00030517578125,0.06872223825703723
1.548,0.0405004173517227,0.0,0.0688416084120821
1.5485000000000002,0.0405004434287548,0.00091552734375,0.06885493307126717
1.549,0.0405004993081092,0.0,0.06888333712311037
1.5495,0.0405002981424331,0.00030517578125,0.0687805320773475
1.5499999999999998,0.0405005663633346,0.00030517578125,0.06891788932551206
1.5505,0.0405002534389495,-0.00030517578125,0.06875784261120234
1.5510000000000002,0.0405003949999809,0.00030517578125,0.06883111726293666
1.5515,0.0405006222426891,0.00030517578125,0.0689470925595888
1.552,0.0405004359781742,0.0006103515625,0.06885116526135183
1.5525000000000002,0.0405004136264324,-0.00030517578125,0.06883971594733955
1.553,0.0405002571642398,-0.00030517578125,0.06876036573003891
1.5535,0.0405003800988197,0.0,0.06882417725214443
1.5539999999999998,0.040500458329916,0.00091552734375,0.06886422729961164
1.5545,0.0405005998909473,0.0006103515625,0.0689361973882856
1.5550000000000002,0.0405005663633346,0.00030517578125,0.06891825359883991
1.5555,0.0405004955828189,0.00030517578125,0.06888146918824663
1.556,0.0405005291104316,0.0006103515625,0.06889816928332028
1.5565000000000002,0.0405006818473339,0.0,0.06897555674883941
1.557,0.0405004546046257,0.0006103515625,0.06885846031020132
1.5575,0.04050038382411,0.0,0.06882229417885809
1.5579999999999998,0.0405001901090145,0.00030517578125,0.06872428221312342
1.5585,0.0405005402863025,0.00030517578125,0.06890408514756409
1.5590000000000002,0.0405005142092704,-0.00030517578125,0.06889037135653978
1.5595,0.0405000559985637,0.0,0.068657150157578
1.56,0.0405004136264324,0.0006103515625,0.06884185152198026
1.5605000000000002,0.0405004061758518,-0.00030517578125,0.06883818243007864
1.561,0.0405001416802406,0.00030517578125,0.068703976796312
1.5615,0.0405005179345607,0.00030517578125,0.06889732078546382
1.5619999999999998,0.0405007153749465,0.0,0.06899756858521477
1.5625,0.0405005738139152,0.00030517578125,0.06892396121171836
1.5630000000000002,0.040500484406948,0.00091552734375,0.06887761754453005
1.5635,0.0405004881322383,0.00030517578125,0.06887917684508423
1.564,0.0405006147921085,-0.00030517578125,0.06894346545878989
1.5644999999999998,0.0405003987252712,0.00030517578125,0.06883239705698715
1.565,0.0405005626380443,0.0,0.06891603494058902
1.5655,0.0405005700886249,0.0006103515625,0.06891916937386265
1.5659999999999998,0.0405005365610122,0.0,0.06890138834324354
1.5665,0.0405004173517227,0.00030517578125,0.06884008292440276
1.5670000000000002,0.0405004955828189,0.0006103515625,0.0688799859460405
1.5675,0.0405004024505615,0.00030517578125,0.06883222251993626
1.568,0.040500272065401,0.0006103515625,0.06876611422196298
1.5684999999999998,0.0405006781220436,0.0006103515625,0.06897376784055591
1.569,0.0405006818473339,0.00030517578125,0.06897451476441678
1.5695,0.0405003875494003,0.0,0.06882332451041648
1.5699999999999998,0.0405002459883689,0.00030517578125,0.06875181616029377
1.5705,0.0405003726482391,0.0006103515625,0.06881769900443274
1.5710000000000002,0.0405003018677234,0.0006103515625,0.06878225636172855
1.5715,0.0405003763735294,0.0,0.0688210887385015
1.572,0.0405006632208824,-0.00030517578125,0.06896756521798751
1.5724999999999998,0.0405005365610122,0.0,0.06890186017405037
1.573,0.0405003875494003,0.0006103515625,0.06882536347008382
1.5735,0.0405003987252712,0.0006103515625,0.06883134844990385
1.5739999999999998,0.0405003353953361,0.0,0.0687993437716919
1.5745,0.0405005551874637,0.00030517578125,0.0689117622881232
1.5750000000000002,0.0405004248023033,0.00030517578125,0.06884462644088354
1.5755,0.0405006557703018,0.00030517578125,0.06896234119278873
1.576,0.0405006371438503,-0.00030517578125,0.06895179814829243
1.5764999999999998,0.0405003130435943,0.0,0.06878563374285768
1.577,0.0405005775392055,0.00030517578125,0.068920944429116
1.5775,0.0405008345842361,0.0006103515625,0.06905138511350618
1.5779999999999998,0.0405004099011421,0.0,0.06883290989479102
1.5785,0.0405003502964973,0.0006103515625,0.06880281018315297
1.5790000000000002,0.0405004918575286,0.00030517578125,0.06887542733969669
1.5795,0.0405003800988197,0.00030517578125,0.06881819603696467
1.58,0.0405005030333995,0.00030517578125,0.06888112375251457
1.5804999999999998,0.0405003540217876,-0.0006103515625,0.06880481919752078
1.581,0.0405007824301719,0.0006103515625,0.06902370238718698
1.5815,0.0405001416802406,0.0,0.06869565059365623
1.582,0.0405004136264324,0.0,0.06883616027078668
1.5825,0.0405005887150764,0.00030517578125,0.06892552864642688
1.5830000000000002,0.0405002795159816,0.0,0.06876722280489865
1.5835,0.0405004024505615,-0.00030517578125,0.06883090964064727
1.584,0.0405003949999809,0.0006103515625,0.06882733341583963
1.5844999999999998,0.0405005067586898,0.00030517578125,0.06888441006456571
1.585,0.040500734001398,0.00030517578125,0.06899992952023486
1.5855,0.0405006743967533,0.0,0.0689681091884578
1.586,0.0405004061758518,-0.00030517578125,0.06883024158901266
1.5865,0.0405003279447555,-0.00030517578125,0.0687907494896451
1.5870000000000002,0.0405005142092704,0.0006103515625,0.06888621636866957
1.5875,0.0405007116496562,0.0,0.06898654322488466
1.588,0.0405002273619174,0.0006103515625,0.06873846570794499
1.5884999999999998,0.0405003242194652,0.0,0.06878938240998435
1.589,0.0405005812644958,0.00030517578125,0.06892098665804734
1.5895,0.040500421077013,0.0006103515625,0.06883863470762158
1.59,0.040500458329916,0.0006103515625,0.06885764547811458
1.5905,0.040500484406948,0.0,0.06887080437928955
1.5910000000000002,0.0405004434287548,0.0,0.06884975141928408
1.5915,0.0405001863837242,-0.00030517578125,0.06871926488806335
1.592,0.0405003987252712,0.00030517578125,0.06882917919684803
1.5924999999999998,0.0405004508793354,0.0006103515625,0.06885593551168336
1.593,0.0405003428459167,0.0,0.06880080331649992
1.5935,0.0405005477368831,-0.00030517578125,0.06890560597379822
1.594,0.0405004322528839,0.0,0.06884612571489572
1.5945,0.0405006073415279,0.0,0.0689353743815688
1.5950000000000002,0.0405001305043697,0.00030517578125,0.06869173067134758
1.5955,0.040500484406948,-0.00030517578125,0.06887391245196639
1.596,0.040500421077013,0.00030517578125,0.06884134017271779
1.5964999999999998,0.0405006632208824,0.0,0.06896478614198415
1.597,0.0405006408691406,0.00030517578125,0.06895231137312642
1.5975,0.0405004173517227,0.0006103515625,0.0688373398601729
1.598,0.0405006743967533,0.0,0.06896850460626604
1.5985,0.0405001826584339,0.0006103515625,0.06871688780526922
1.5990000000000002,0.0405004955828189,0.0,0.06887791560104659
1.5995,0.0405005179345607,-0.00030517578125,0.06888902582858324
1.6,0.0405004359781742,0.0,0.06884686286078755
1.6004999999999998,0.0405003204941749,-0.0006103515625,0.06878818675410914
1.601,0.0405005104839801,0.00030517578125,0.06888561925006763
1.6015,0.0405005402863025,0.00030517578125,0.06890044275463462
1.602,0.0405003912746906,0.0006103515625,0.06882394704980498
1.6025,0.0405004546046257,0.00030517578125,0.06885643382885924
1.6030000000000002,0.0405002646148204,0.00030517578125,0.06875970964481765
1.6035,0.040500521659851,0.00030517578125,0.06889162835352108
1.604,0.040500521659851,0.00030517578125,0.06889123442615976
1.6044999999999998,0.0405002608895301,0.0,0.06875810491555787
1.605,0.040500272065401,0.0,0.06876519874284923
1.6055,0.0405005253851413,0.00030517578125,0.06889516629049496
1.606,0.0405004769563674,0.00030517578125,0.06886997271812796
1.6065,0.0405006408691406,0.00030517578125,0.06895330408352877
1.6070000000000002,0.0405003577470779,-0.00030517578125,0.06880799297901849
1.6075,0.0405003949999809,-0.00030517578125,0.06882746512358988
1.608,0.0405005812644958,0.0,0.06892258277176937
1.6084999999999998,0.0405005104839801,0.00030517578125,0.06888577155644557
1.609,0.0405005514621734,0.00091552734375,0.06890627172186976
1.6095000000000002,0.0405004806816577,0.00030517578125,0.06886961743706535
1.61,0.0405003987252712,-0.00030517578125,0.06882765775453879
1.6105,0.0405002608895301,-0.00030517578125,0.06875805620092863
1.6110000000000002,0.040500171482563,0.00030517578125,0.06871407841026214
1.6115,0.0405006185173988,0.00030517578125,0.06894330713160124
1.612,0.0405001528561115,0.0006103515625,0.06870519955211121
1.6124999999999998,0.040500484406948,0.0006103515625,0.06887582777238017
1.613,0.0405002608895301,0.0006103515625,0.06876185518717472
1.6135000000000002,0.0405003502964973,-0.0006103515625,0.06880863035307037
1.614,0.0405004173517227,0.00030517578125,0.06884326317212555
1.6145,0.0405005700886249,0.0,0.06892112006527469
1.6150000000000002,0.0405005104839801,0.0006103515625,0.06889003032583657
1.6155,0.0405003689229488,0.0,0.06881747149660397
1.616,0.040500421077013,0.0,0.06884438333016164
1.6164999999999998,0.0405004248023033,0.00030517578125,0.06884629121780221
1.617,0.0405002981424331,0.00030517578125,0.06878192231081906
1.6175000000000002,0.0405004285275936,0.00030517578125,0.06884915328285475
1.618,0.0405004024505615,0.00091552734375,0.06883584330962524
1.6185,0.040500346571207,-0.00030517578125,0.06880763621784647
1.6190000000000002,0.0405002981424331,0.0,0.06878359383534265
1.6195,0.0405005775392055,0.0,0.06892653574053885
1.62,0.0405004620552063,0.0,0.06886697316810182
1.6204999999999998,0.0405001752078533,0.00030517578125,0.06872106349824471
1.621,0.0405002944171428,0.0,0.06878360488832294
1.6215000000000002,0.0405005700886249,0.0,0.06892466910152006
1.622,0.0405004695057868,0.0,0.06887261934929045
1.6225,0.0405005738139152,0.00030517578125,0.06892550521883327
1.6230000000000002,0.0405005887150764,0.00030517578125,0.06893237952898083
1.6235,0.0405002906918525,0.0,0.06877975456093112
1.624,0.0405002795159816,0.00030517578125,0.06877506206852255
1.6244999999999998,0.0405006892979145,0.0,0.06898459239050965
1.625,0.0405003242194652,0.0006103515625,0.06879722600276682
1.6255000000000002,0.0405003428459167,0.00030517578125,0.06880743551203321
1.626,0.0405005514621734,0.00030517578125,0.06891408762025712
1.6265,0.0405007749795913,0.0,0.06902745602039011
1.6269999999999998,0.0405005402863025,0.00030517578125,0.06890604140735987
1.6275,0.0405005104839801,-0.00030517578125,0.06889024732962469
1.628,0.0405005179345607,0.00091552734375,0.06889359633590272
1.6284999999999998,0.040500558912754,0.00030517578125,0.06891403175903735
1.629,0.0405003726482391,0.00030517578125,0.06881840371474536
1.6295000000000002,0.0405005142092704,0.0006103515625,0.06889076063818482
1.63,0.0405004359781742,0.00030517578125,0.06885042872250702
1.6305,0.0405005365610122,0.00030517578125,0.06890162107780613
1.6309999999999998,0.0405004769563674,0.0006103515625,0.06887065781624087
1.6315,0.0405006632208824,0.0006103515625,0.06896537827692081
1.632,0.0405004136264324,0.0,0.06883698441230121
1.6324999999999998,0.0405004806816577,0.0006103515625,0.06887119066349981
1.633,0.0405004881322383,0.0,0.06887469794410037
1.6335000000000002,0.0405006669461727,0.00030517578125,0.06896557661428793
1.634,0.0405005551874637,0.00030517578125,0.06890748125059723
1.6345,0.0405003204941749,-0.00030517578125,0.06878734254036832
1.6349999999999998,0.0405003540217876,0.0006103515625,0.06880525633662264
1.6355,0.0405006185173988,0.0,0.0689404329708165
1.636,0.040500458329916,0.00030517578125,0.06885786566795203
1.6364999999999998,0.0405004695057868,0.00030517578125,0.06886341771004242
1.637,0.0405003912746906,0.0006103515625,0.06882341303359224
1.6375000000000002,0.0405003055930137,0.0,0.06878030625066786
1.638,0.0405003502964973,0.00030517578125,0.06880405381830622
1.6385,0.0405005104839801,0.0006103515625,0.0688860800505646
1.6389999999999998,0.0405004173517227,0.00030517578125,0.06883820248005719
1.6395,0.0405004881322383,0.00030517578125,0.06887430854619457
1.64,0.0405004806816577,0.00030517578125,0.06887023970862875
1.6404999999999998,0.0405003540217876,-0.00030517578125,0.06880549232198716
1.641,0.0405003987252712,0.00030517578125,0.06882882390138644
1.6415000000000002,0.0405004434287548,-0.00030517578125,0.06885177998102299
1.642,0.0405003391206264,0.00091552734375,0.06879874799419719
1.6425,0.0405002534389495,0.00030517578125,0.0687560248496667
1.6429999999999998,0.0405007191002368,0.0,0.06899434738225667
1.6435,0.040500234812498,0.0,0.06874622135407613
1.644,0.0405005328357219,0.00030517578125,0.06889921443961503
1.6445,0.0405005253851413,0.00030517578125,0.06889491556391909
1.645,0.0405006036162376,0.0,0.06893435655692352
1.6455000000000002,0.0405004099011421,0.00030517578125,0.06883476841367771
1.646,0.0405005365610122,-0.0006103515625,0.06889939631133828
1.6465,0.0405005142092704,0.00030517578125,0.06888750096220835
1.6469999999999998,0.0405003689229488,0.0006103515625,0.06881300572787566
1.6475,0.0405005551874637,0.0006103515625,0.06890818871099959
1.648,0.0405006110668182,0.0,0.0689360767157607
1.6485,0.0405006520450115,-0.00030517578125,0.06895613232270127
1.649,0.0405004173517227,-0.00030517578125,0.06883556188299818
1.6495000000000002,0.0405001416802406,0.0,0.06869581754583218
1.65,0.0405008047819137,0.00030517578125,0.06903537747909679
1.6505,0.0405002273619174,0.00030517578125,0.06873941973343242
1.6509999999999998,0.0405003726482391,0.0006103515625,0.06881486252997512
1.6515,0.0405006818473339,0.00030517578125,0.06897277059489068
1.652,0.0405005291104316,0.00030517578125,0.06889373841198576
1.6525,0.0405002832412719,0.0,0.06876801400162885
1.653,0.0405008196830749,0.001220703125,0.06904227043538981
1.6535000000000002,0.0405006967484951,-0.00030517578125,0.0689777588270531
1.654,0.0405004918575286,-0.00030517578125,0.06887198466763399
1.6545,0.0405006483197212,0.00030517578125,0.06895148002506252
1.6549999999999998,0.0405004806816577,0.0006103515625,0.06886499281276587
1.6555,0.0405005365610122,0.00030517578125,0.06889328534645099
1.656,0.0405002124607563,0.0,0.06872774687912998
1.6565,0.0405008196830749,0.00030517578125,0.06903832156902404
1.657,0.0405004732310771,0.00030517578125,0.06885984047926508
1.6575000000000002,0.0405004620552063,0.00030517578125,0.06885397633688436
1.658,0.0405003242194652,0.00030517578125,0.06878384095753645
1.6585,0.0405003651976585,0.0,0.06880566718144111
1.6589999999999998,0.0405004732310771,0.00030517578125,0.06886123183563152
1.6595,0.0405003391206264,-0.0006103515625,0.06879283951654502
1.66,0.0405006520450115,0.0,0.06895288300732753
1.6605,0.04050038382411,0.0,0.06881520477543837
1.661,0.0405004024505615,0.0,0.06882518148729917
1.6615000000000002,0.0405003018677234,-0.00030517578125,0.06877449170654684
1.662,0.0405003987252712,0.0006103515625,0.06882484863591001
1.6625,0.0405004546046257,0.00030517578125,0.06885354296071883
1.6629999999999998,0.0405004993081092,0.0006103515625,0.06887624723916995
1.6635,0.0405004248023033,0.00030517578125,0.06883796481473939
1.664,0.0405005291104316,0.0006103515625,0.06889114897216936
1.6645,0.040500670671463,0.0,0.06896288536333935
1.665,0.0405006557703018,0.0006103515625,0.06895418420591506
1.6655000000000002,0.04050063341856,0.0006103515625,0.06894174607400949
1.666,0.0405007265508174,0.00030517578125,0.06898839770789666
1.6665,0.0405003204941749,0.00091552734375,0.0687801337837416
1.6669999999999998,0.0405004993081092,0.00030517578125,0.0688720188532969
1.6675,0.0405004248023033,0.0,0.06883381793154529
1.668,0.0405003875494003,0.00030517578125,0.06881518387582042
1.6685,0.0405001565814018,0.0006103515625,0.06869850479730734
1.669,0.0405007749795913,0.00030517578125,0.06901521248307453
1.6695000000000002,0.040500421077013,0.00030517578125,0.06883325030797312
1.67,0.0405003428459167,0.00030517578125,0.06879361237905963
1.6705,0.0405005887150764,0.00030517578125,0.06891938537516709
1.6709999999999998,0.0405003391206264,0.0,0.06879161162668666
1.6715,0.0405001416802406,0.0,0.06869241078139682
1.6720000000000002,0.0405003949999809,0.0006103515625,0.06882363906969263
1.6725,0.0405003614723682,0.00030517578125,0.06880699832158002
1.673,0.0405005067586898,0.00030517578125,0.068881423140431
1.6735000000000002,0.0405004434287548,0.00030517578125,0.06884880577581386
1.674,0.0405004061758518,0.0,0.06882986284561228
1.6745,0.0405002310872077,0.00030517578125,0.06874129775606064
1.6749999999999998,0.0405003949999809,0.00030517578125,0.06882624626419587
1.6755,0.0405005253851413,0.0006103515625,0.0688928560914567
1.6760000000000002,0.0405006967484951,0.0,0.06897979101757046
1.6765,0.0405006594955921,0.0,0.06895954769163638
1.677,0.0405004993081092,0.0006103515625,0.06887674810091238
1.6775000000000002,0.0405006557703018,0.00030517578125,0.06895621372615901
1.678,0.04050038382411,0.0006103515625,0.06881657358436997
1.6785,0.0405003800988197,0.00030517578125,0.06881511175880975
1.6789999999999998,0.0405005626380443,0.0006103515625,0.0689084367764672
1.6795,0.0405005440115928,0.0006103515625,0.0688983581185336
1.6800000000000002,0.0405004173517227,0.00030517578125,0.0688332526725648
1.6805,0.0405005514621734,0.00030517578125,0.06890169765887261
1.681,0.0405003540217876,0.00030517578125,0.06880066631906327
1.6815000000000002,0.0405001156032085,0.00030517578125,0.06868056521626176
1.682,0.0405002012848854,0.0,0.068726943222871
1.6825,0.0405002869665622,-0.00030517578125,0.06877246556975569
1.6829999999999998,0.0405005700886249,0.0,0.06891752311445183
1.6835,0.0405004955828189,0.0,0.06887887391495312
1.6840000000000002,0.0405004806816577,0.0006103515625,0.06887094768289771
1.6845,0.0405004359781742,0.0,0.06884789628379094
1.685,0.0405005440115928,0.0006103515625,0.06890294900523809
1.6855000000000002,0.0405003689229488,0.00030517578125,0.06881317857294691
1.686,0.0405005440115928,0.00030517578125,0.06890274623728641
1.6865,0.0405002832412719,0.00030517578125,0.06876935656750997
1.6869999999999998,0.0405006520450115,0.0,0.06895807617156097
1.6875,0.0405005514621734,0.0,0.06890576257847943
1.6880000000000002,0.0405004136264324,0.00030517578125,0.06883487181293577
1.6885,0.0405006110668182,0.0006103515625,0.06893559195594917
1.689,0.0405003763735294,0.00030517578125,0.06881507586677031
1.6894999999999998,0.0405005477368831,0.0006103515625,0.06890264965676388
1.69,0.0405004769563674,0.0,0.06886603021094459
1.6905,0.040500458329916,0.00030517578125,0.06885630365838258
1.6909999999999998,0.0405006296932697,0.00030517578125,0.06894358124006245
1.6915,0.0405004620552063,-0.00030517578125,0.06885719508654603
1.6920000000000002,0.040500596165657,-0.00030517578125,0.06892545968317319
1.6925,0.0405003130435943,0.00030517578125,0.0687804995909459
1.693,0.0405003316700458,0.00030517578125,0.06879095716678876
1.6934999999999998,0.0405006110668182,0.0006103515625,0.0689338472517094
1.694,0.0405005030333995,0.00030517578125,0.06887792601751784
1.6945,0.0405005402863025,0.00030517578125,0.06889658517439956
1.6949999999999998,0.0405005067586898,0.00030517578125,0.06887901975975577
1.6955,0.0405003502964973,0.0006103515625,0.06879898963673087
1.6960000000000002,0.0405004732310771,0.00091552734375,0.0688621629363552
1.6965,0.0405005291104316,0.00091552734375,0.06889048713062254
1.697,0.0405004099011421,-0.00030517578125,0.06882927445038772
1.6974999999999998,0.0405004806816577,0.0,0.06886545683346679
1.698,0.0405005067586898,0.0,0.06887852938427264
1.6985,0.0405005775392055,0.0006103515625,0.06891429677132163
1.6989999999999998,0.0405003949999809,0.00091552734375,0.06882054290386791
1.6995,0.0405006594955921,0.0006103515625,0.06895556961380814
1.7000000000000002,0.0405004695057868,0.00030517578125,0.06885769557898279
1.7005,0.0405003651976585,-0.00030517578125,0.06880449116326841
1.701,0.0405004881322383,0.0,0.06886759169116646
1.7014999999999998,0.0405004918575286,0.00030517578125,0.06886927056171809
1.702,0.0405005179345607,0.0006103515625,0.0688823277636626
1.7025,0.0405004695057868,0.00030517578125,0.06885728128991457
1.7029999999999998,0.0405004993081092,0.00030517578125,0.068872351836354
1.7035,0.0405003912746906,0.0,0.06881705172402816
1.7040000000000002,0.0405004546046257,0.0,0.06884974752263723
1.7045,0.040500208735466,0.0006103515625,0.06872492149884912
1.705,0.0405005030333995,0.00091552734375,0.06887640346507669
1.7054999999999998,0.0405004397034645,0.0,0.06884383516442052
1.706,0.0405006408691406,0.00030517578125,0.06894641097357786
1.7065,0.0405003614723682,0.00030517578125,0.06880315149569534
1.707,0.0405001528561115,0.00030517578125,0.06869804274631398
1.7075,0.0405002757906913,0.0,0.06876293771825363
1.7080000000000002,0.0405005291104316,0.00030517578125,0.06889302453314772
1.7085,0.0405003391206264,0.0006103515625,0.06879582437748531
1.709,0.0405003502964973,0.0006103515625,0.06880230899931797
1.7094999999999998,0.0405004024505615,0.00030517578125,0.06882954058702899
1.71,0.0405001901090145,0.00030517578125,0.06872199580787099
1.7105,0.0405004732310771,0.00030517578125,0.06886775045904527
1.711,0.040500707924366,0.0,0.0689872360320198
1.7115,0.04050063341856,0.00091552734375,0.06894793878655965
1.7120000000000002,0.0405003540217876,0.00030517578125,0.06880453507342064
1.7125,0.0405004620552063,0.0,0.06886001633854123
1.713,0.0405005365610122,0.00091552734375,0.06889786357551121
1.7134999999999998,0.0405004620552063,0.0,0.06885938396576383
1.714,0.0405004806816577,0.0006103515625,0.06886869448388577
1.7145,0.0405005887150764,0.00030517578125,0.06892355655871572
1.715,0.0405002310872077,0.00030517578125,0.06874061450450705
1.7155,0.0405004657804966,0.0,0.06886148615718346
1.7160000000000002,0.0405002981424331,-0.00030517578125,0.06877606684601688
1.7165,0.0405004695057868,-0.00030517578125,0.06886420014489972
1.717,0.0405004620552063,0.0,0.06886024796000084
1.7174999999999998,0.0405003689229488,0.0006103515625,0.06881263304823478
1.718,0.0405007265508174,0.0006103515625,0.06899527352634303
1.7185,0.0405006036162376,0.0,0.06893120240114488
1.719,0.0405004657804966,0.0,0.0688600452091929
1.7195,0.0405007675290107,0.00030517578125,0.06901374772653782
1.7200000000000002,0.0405006147921085,0.00030517578125,0.06893431049633844
1.7205,0.0405003316700458,0.00030517578125,0.06878919264423729
1.721,0.0405005626380443,0.0,0.06890742940942854
1.7214999999999998,0.0405005514621734,-0.00030517578125,0.06890118434276266
1.722,0.040500171482563,-0.00030517578125,0.06870733749221997
1.7225,0.0405003502964973,0.00030517578125,0.06880043203973056
1.723,0.0405002683401107,0.00030517578125,0.06875960071643072
1.7235,0.040500458329916,0.00030517578125,0.0688574723053593
1.7240000000000002,0.0405005253851413,0.0,0.06889154190799475
1.7245,0.0405005030333995,0.0,0.06887969343353122
1.725,0.0405006110668182,0.0,0.06893442931492727
1.7254999999999998,0.0405006222426891,0.00030517578125,0.0689392998914681
1.726,0.0405004732310771,0.0006103515625,0.0688623979540049
1.7265,0.0405006483197212,0.00091552734375,0.06895147972243765
1.727,0.0405004620552063,0.0,0.06885563713812347
1.7275,0.0405001267790794,0.0,0.06868534813434381
1.7280000000000002,0.0405005775392055,0.0006103515625,0.06891697666839583
1.7285,0.0405003614723682,0.0,0.06880627068697717
1.729,0.0405003353953361,0.0006103515625,0.06879378052158809
1.7294999999999998,0.0405001156032085,0.0,0.06868323399524108
1.73,0.0405003949999809,0.0,0.06882787851079167
1.7305,0.0405002832412719,0.0,0.06877147148594184
1.731,0.0405005738139152,0.00030517578125,0.06892028384018226
1.7315,0.04050063341856,0.0006103515625,0.06894998466178108
1.7320000000000002,0.040500558912754,0.00030517578125,0.06891099461070828
1.7325,0.0405005663633346,0.0006103515625,0.06891416032932449
1.733,0.0405005253851413,0.00030517578125,0.06889262663883897
1.7334999999999998,0.0405004434287548,0.00030517578125,0.06885037624040331
1.734,0.0405006520450115,0.00030517578125,0.06895667494223193
1.7345000000000002,0.0405005812644958,0.00030517578125,0.06891957290148117
1.735,0.0405002534389495,0.0006103515625,0.06875189800183093
1.7355,0.0405002869665622,0.0,0.0687704725512857
1.7360000000000002,0.0405005738139152,0.00030517578125,0.06891744065335649
1.7365,0.0405005849897861,0.0006103515625,0.06892248689542015
1.737,0.0405003651976585,0.0006103515625,0.06880971451990807
1.7374999999999998,0.040500458329916,0.00030517578125,0.06885754827194128
1.738,0.0405005067586898,0.00030517578125,0.06888209893736058
1.7385000000000002,0.0405005775392055,-0.00030517578125,0.06891780419650048
1.739,0.0405007489025592,0.00030517578125,0.06900460053029656
1.7395,0.0405003055930137,0.00030517578125,0.0687771470427845
1.7400000000000002,0.0405007675290107,0.0006103515625,0.069013342712604
1.7405,0.0405003726482391,-0.00030517578125,0.0688105155998266
1.741,0.0405004285275936,0.0,0.06883942868176639
1.7414999999999998,0.0405004322528839,0.0,0.06884139302641896
1.742,0.0405004099011421,0.00091552734375,0.06883004050025983
1.7425000000000002,0.0405005402863025,0.0006103515625,0.06889660892472926
1.743,0.0405005067586898,0.00030517578125,0.06887903163227284
1.7435,0.0405004695057868,0.00030517578125,0.06885971163938662
1.7440000000000002,0.0405004434287548,-0.00030517578125,0.06884631267898564
1.7445,0.0405003279447555,0.0006103515625,0.06878763151704775
1.745,0.04050063341856,0.00030517578125,0.06894389874405195
1.7454999999999998,0.0405005812644958,0.0,0.06891638638471621
1.746,0.0405006557703018,0.00030517578125,0.06895373150239889
1.7465000000000002,0.0405004695057868,0.00030517578125,0.0688577504238015
1.747,0.0405005626380443,0.0,0.06890511192922434
1.7475,0.0405002981424331,0.00030517578125,0.06876984612100766
1.7480000000000002,0.0405003763735294,0.0,0.06881084152179752
1.7485,0.0405003689229488,0.00030517578125,0.06880767628882908
1.749,0.0405002944171428,0.0,0.06877052092057998
1.7494999999999998,0.0405003577470779,0.00030517578125,0.06880389715961499
1.75,0.0405006632208824,0.00030517578125,0.06896002837180643
1.7505000000000002,0.0405005775392055,0.0006103515625,0.06891529456662689
1.751,0.0405003577470779,-0.00030517578125,0.06880262484665449
1.7515,0.0405003949999809,0.0,0.06882221435481546
1.7519999999999998,0.0405004955828189,0.00030517578125,0.06887373634336667
1.7525,0.0405002795159816,0.0006103515625,0.06876361393769147
1.753,0.0405002571642398,0.0,0.06875366086890182
1.7534999999999998,0.0405004173517227,0.0006103515625,0.06883650222059547
1.754,0.0405005291104316,0.0,0.06889355524010052
1.7545000000000002,0.040500484406948,0.00030517578125,0.06887029492888962
1.755,0.0405006408691406,-0.00030517578125,0.06894985692733091
1.7555,0.0405003540217876,0.0,0.06880272402928461
1.7559999999999998,0.0405003726482391,0.00030517578125,0.06881283061593063
1.7565,0.0405005142092704,-0.00030517578125,0.0688852461386235
1.757,0.040500596165657,0.00030517578125,0.0689266838037603
1.7574999999999998,0.0405003577470779,0.00030517578125,0.06880443261265179
1.758,0.0405004769563674,-0.00030517578125,0.06886563090575701
1.7585000000000002,0.0405004546046257,0.0006103515625,0.06885405154632389
1.759,0.0405003316700458,0.0,0.06879150348112299
1.7595,0.0405002646148204,0.00030517578125,0.06875842949666894
1.7599999999999998,0.0405003055930137,0.0,0.06878062763452203
1.7605,0.0405006296932697,0.0,0.06894641255316278
1.761,0.04050038382411,0.00030517578125,0.06882007460843924
1.7614999999999998,0.0405006594955921,0.0,0.06896078989228584
1.762,0.0405005775392055,0.00030517578125,0.06891791456256237
1.7625000000000002,0.0405005812644958,0.0,0.06891911439164176
1.763,0.0405005626380443,0.00030517578125,0.06890891693393524
1.7635,0.0405005365610122,0.0006103515625,0.06889500847599445
1.7639999999999998,0.0405005700886249,0.00030517578125,0.06891164830916298
1.7645,0.0405003651976585,0.00030517578125,0.06880663441877699
1.765,0.0405004136264324,0.00030517578125,0.06883181209151826
1.7654999999999998,0.0405005663633346,0.0,0.0689097710508114
1.766,0.0405005067586898,0.00030517578125,0.06887884323895653
1.7665000000000002,0.0405002050101757,0.001220703125,0.06872515224012041
1.767,0.0405003726482391,0.00030517578125,0.06881224732476073
1.7675,0.0405005030333995,0.0,0.06887900853999515
1.7679999999999998,0.0405004993081092,0.0,0.06887678703146435
1.7685,0.040500458329916,0.0,0.0688555788229497
1.769,0.0405005812644958,0.00030517578125,0.0689181825919885
1.7695,0.0405002161860466,0.00030517578125,0.06873165182024334
1.77,0.0405003540217876,0.00030517578125,0.06880349213567755
1.7705000000000002,0.0405005067586898,0.00030517578125,0.06888175993376659
1.771,0.0405003763735294,-0.00030517578125,0.0688150053061242
1.7715,0.0405003204941749,0.0,0.06878715645479903
1.7719999999999998,0.04050038382411,0.00030517578125,0.0688203469573271
1.7725,0.0405002757906913,0.00030517578125,0.0687659636461029
1.773,0.0405004397034645,0.00030517578125,0.06885057916487887
1.7735,0.0405002981424331,0.00030517578125,0.06877860994480559
1.774,0.0405006483197212,0.00030517578125,0.06895776855017932
1.7745000000000002,0.0405005030333995,0.0006103515625,0.06888264953027151
1.775,0.040500596165657,0.00030517578125,0.06892975699923158
1.7755,0.0405005738139152,0.00030517578125,0.06891757616034341
1.7759999999999998,0.040500421077013,0.0,0.06883901811588009
1.7765,0.0405004397034645,0.0,0.0688485356498686
1.777,0.040500421077013,0.0,0.06883891960341441
1.7775,0.0405007749795913,0.0,0.06901943950483827
1.778,0.0405002608895301,0.00030517578125,0.0687557457046866
1.7785000000000002,0.0405004918575286,0.00030517578125,0.0688744467746183
1.779,0.0405005812644958,0.0,0.0689197945154135
1.7795,0.0405003763735294,0.00030517578125,0.06881468682132069
1.7799999999999998,0.040500458329916,0.0,0.0688567775126056
1.7805,0.0405005142092704,0.00030517578125,0.06888513424905655
1.781,0.0405005291104316,0.00030517578125,0.0688923746167455
1.7815,0.0405003018677234,0.0,0.06877618925927086
1.782,0.0405004993081092,-0.00030517578125,0.06887768145738266
1.7825000000000002,0.0405001826584339,0.0,0.06871648407472998
1.783,0.0405003428459167,0.00030517578125,0.0687999356458784
1.7835,0.0405004993081092,0.0006103515625,0.06888016066215262
1.7839999999999998,0.0405003316700458,0.0,0.06879441281638468
1.7845,0.0405004508793354,0.0,0.06885574309805043
1.785,0.0405005514621734,0.00030517578125,0.06890694646755179
1.7855,0.0405002757906913,0.00030517578125,0.06876595993950674
1.786,0.0405004322528839,0.0006103515625,0.06884673623619063
1.7865000000000002,0.040500346571207,0.0006103515625,0.06880326238569828
1.787,0.0405001677572727,0.0,0.06871320639072469
1.7875,0.0405004248023033,-0.00030517578125,0.06884590019708407
1.7879999999999998,0.0405003204941749,0.0,0.06879290479584156
1.7885,0.040500458329916,0.0,0.06886370669861683
1.789,0.0405007898807525,0.0006103515625,0.06903269720139192
1.7895,0.0405004061758518,0.0,0.06883529509252845
1.79,0.0405006743967533,0.0006103515625,0.06897212916680787
1.7905000000000002,0.0405004881322383,-0.00030517578125,0.06887599691281034
1.791,0.0405003540217876,0.0006103515625,0.06880738341192062
1.7915,0.0405003242194652,0.0,0.06879289250721536
1.7919999999999998,0.0405003987252712,-0.00030517578125,0.06883160412601025
1.7925,0.0405004099011421,0.0,0.06883747882377089
1.793,0.040500458329916,0.00030517578125,0.06886220736779218
1.7935,0.040500484406948,-0.0006103515625,0.06887532369296165
1.794,0.0405004508793354,0.0,0.06885791321402568
1.7945000000000002,0.0405005291104316,0.0,0.0688976709386655
1.795,0.040500208735466,0.00030517578125,0.06873395585998117
1.7955,0.0405007824301719,0.00030517578125,0.06902736231928669
1.7959999999999998,0.0405006073415279,-0.00030517578125,0.06893640394382228
1.7965,0.0405002981424331,-0.00030517578125,0.06877800299418937
1.7970000000000002,0.0405004695057868,0.00091552734375,0.06886614928354466
1.7975,0.0405003912746906,0.0006103515625,0.06882607882376716
1.798,0.0405005551874637,0.00030517578125,0.06890981408392938
1.7985000000000002,0.0405003949999809,0.00030517578125,0.06882756082786384
1.799,0.0405005365610122,0.00030517578125,0.06889988680155897
1.7995,0.0405002832412719,0.00091552734375,0.06877035120618616
1.7999999999999998,0.0405004546046257,0.00030517578125,0.06885872981412483
1.8005,0.0405001156032085,0.00030517578125,0.06868651158115827
1.8010000000000002,0.04050063341856,0.0006103515625,0.06895219466329605
1.8015,0.0405005142092704,0.0,0.0688904445575958
1.802,0.0405005700886249,0.0,0.068918459531281
1.8025,0.0405006781220436,0.00030517578125,0.06897286742083243
1.803,0.0405004881322383,0.0,0.06887476498359192
1.8035,0.0405005738139152,0.0,0.06891815142411027
1.804,0.040500346571207,-0.00030517578125,0.06880174335820799
1.8045,0.0405001901090145,0.0006103515625,0.0687231238091851
1.805,0.0405003987252712,0.00030517578125,0.06883114191970229
1.8055,0.0405003353953361,0.0006103515625,0.06879925624676098
1.806,0.0405004024505615,0.0006103515625,0.06883412019407709
1.8065,0.0405002571642398,0.0,0.06876059900115208
1.807,0.04050038382411,-0.00030517578125,0.06882626932993889
1.8075,0.0405006892979145,-0.00030517578125,0.06898215574825603
1.808,0.0405007824301719,0.00030517578125,0.06902846945031292
1.8085,0.0405002646148204,0.0,0.06876287678536631
1.809,0.0405003912746906,0.00030517578125,0.0688285174886621
1.8095,0.0405004769563674,0.0006103515625,0.06887234242847179
1.81,0.0405003540217876,0.0006103515625,0.06880944777687245
1.8105,0.0405003726482391,0.0006103515625,0.06881949471661107
1.811,0.0405003428459167,0.00030517578125,0.0688047217940354
1.8115,0.0405005365610122,0.0,0.06890383286640937
1.812,0.0405000746250152,-0.00030517578125,0.06866835454506409
1.8125,0.0405004024505615,0.00030517578125,0.06883764937510416
1.813,0.0405005626380443,0.00030517578125,0.06891940908878523
1.8135,0.0405004695057868,0.0,0.06887125816475236
1.814,0.0405002161860466,0.0,0.06874218682085487
1.8145,0.0405003763735294,0.0,0.06882519909011084
1.815,0.0405004732310771,0.00030517578125,0.06887487990482648
1.8155,0.0405001007020473,0.0,0.06868533954091473
1.816,0.0405006594955921,0.0006103515625,0.06897189348224447
1.8165,0.0405004024505615,0.0006103515625,0.0688397111897766
1.817,0.0405004024505615,0.0,0.06883979002971638
1.8175,0.0405002981424331,0.00030517578125,0.06878691751252727
1.818,0.0405004732310771,0.0,0.06887682133567322
1.8185,0.0405003204941749,0.00030517578125,0.06879874974862824
1.819,0.0405003167688846,0.00030517578125,0.0687974930554561
1.8195,0.0405008755624294,0.0,0.06908288082314544
1.82,0.0405005253851413,0.0,0.06890200447927326
1.8205,0.0405006147921085,0.0,0.06894701871337855
1.821,0.0405005626380443,0.00030517578125,0.06891949247501167
1.8215,0.0405003353953361,0.00030517578125,0.06880302093721974
1.822,0.0405003204941749,0.00030517578125,0.06879615577755264
1.8225,0.04050038382411,0.0,0.06882910491391722
1.823,0.0405004955828189,-0.0006103515625,0.06888635641631394
1.8235,0.0404999963939189,0.00030517578125,0.06863244236465296
1.824,0.0405005030333995,0.0,0.06889325545492563
1.8245,0.0405004359781742,0.0006103515625,0.06885865511820742
1.825,0.0405005998909473,-0.00030517578125,0.06894207051022068
1.8255,0.0405005700886249,0.00030517578125,0.06892597434604146
1.826,0.0405004732310771,0.0,0.06887585961113023
1.8265,0.0405002608895301,0.0,0.06876754628296648
1.827,0.0405003689229488,0.00030517578125,0.06882374770988715
1.8275,0.0405002795159816,-0.00030517578125,0.06877872899957913
1.828,0.0405005440115928,0.00030517578125,0.06891415641071597
1.8285,0.0405006594955921,0.0,0.06897243374829792
1.829,0.0405002608895301,0.0,0.06876806936451624
1.8295,0.0405004248023033,0.0006103515625,0.06885254099502111
1.83,0.0405002795159816,0.00030517578125,0.0687785502208483
1.8305,0.0405005775392055,0.0,0.06893101526871472
1.831,0.0405004806816577,0.00030517578125,0.06888079855410448
1.8315,0.0405006036162376,0.0006103515625,0.0689431393298652
1.832,0.0405002683401107,0.0,0.06877135358306476
1.8325,0.0405004285275936,0.00030517578125,0.06885384723681717
1.833,0.0405006855726242,0.00030517578125,0.06898486787595642
1.8335,0.0405004806816577,-0.00030517578125,0.0688791203850627
1.834,0.0405002497136592,0.00030517578125,0.0687612436465701
1.8345,0.0405003577470779,0.001220703125,0.06881752202109441
1.835,0.0405001454055309,0.00030517578125,0.0687102596754718
1.8355,0.0405002981424331,0.00030517578125,0.06879009718605562
1.836,0.0405002199113369,0.00030517578125,0.06875131746118714
1.8365,0.0405004471540451,0.0006103515625,0.0688682587240562
1.837,0.0405003167688846,0.0,0.06880158793652909
1.8375,0.0405005365610122,0.0,0.06891396648876269
1.838,0.0405005142092704,0.0006103515625,0.06890189948923957
1.8385,0.0405006185173988,0.0,0.06895454254216998
1.839,0.0405004806816577,-0.0006103515625,0.0688832714933155
1.8395,0.0405002459883689,0.00030517578125,0.06876346823576335
1.84,0.0405004397034645,0.0006103515625,0.06886324179043743
1.8405,0.0405002683401107,0.0006103515625,0.06877595005525201
1.841,0.0405004695057868,0.0,0.06887926661023618
1.8415,0.0405003353953361,-0.00030517578125,0.0688106787325606
1.842,0.0405001491308212,0.0006103515625,0.06871674756070609
1.8425,0.0405003242194652,0.00030517578125,0.06880771569118992
1.843,0.0405007638037204,0.00091552734375,0.06903225490904893
1.8435,0.040500558912754,-0.00030517578125,0.06892603815628125
1.844,0.0405003763735294,0.0,0.06883218497460807
1.8445,0.0405004471540451,0.0006103515625,0.068868336592869
1.845,0.0405004508793354,-0.00030517578125,0.0688700547351025
1.8455,0.0405002273619174,-0.00030517578125,0.06875619505028102
1.846,0.0405003130435943,0.0006103515625,0.06880121261297795
1.8465,0.0405003316700458,0.0,0.06881141776347348
1.847,0.0405003987252712,0.0006103515625,0.06884600610110612
1.8475,0.0405004285275936,0.00030517578125,0.06886118568357581
1.848,0.0405002385377883,0.0006103515625,0.06876433569176663
1.8485,0.0405005551874637,0.0006103515625,0.0689264574989545
1.849,0.0405005365610122,0.00030517578125,0.06891623560068615
1.8495,0.0405003726482391,-0.00030517578125,0.06883198593202576
1.85,0.0405006855726242,0.0006103515625,0.06899160103400727
1.8505,0.040500808507204,0.00030517578125,0.06905300929666482
1.851,0.0405002385377883,0.00030517578125,0.06876042321298421
1.8515,0.0405005253851413,0.00030517578125,0.06890743857561644
1.852,0.0405004732310771,0.00030517578125,0.06888035119249224
1.8525,0.0405001528561115,0.0,0.06871718520251051
1.853,0.0405003316700458,0.0,0.06881002904889348
1.8535,0.0405007116496562,-0.00030517578125,0.06900410004985266
1.854,0.0405003502964973,0.0006103515625,0.06881847935307753
1.8545,0.0405001379549503,0.00030517578125,0.06871120681290818
1.855,0.0405003949999809,0.0006103515625,0.06884393821808718
1.8555,0.0405005700886249,0.00030517578125,0.0689332264994778
1.856,0.0405003204941749,0.00030517578125,0.06880517183808325
1.8565,0.0405004173517227,0.0006103515625,0.06885495166115323
1.857,0.0405006371438503,0.0,0.06896691191628856
1.8575,0.0405006259679794,0.00030517578125,0.06896010977014452
1.858,0.0405002199113369,-0.00030517578125,0.06875209985305915
1.8585,0.0405003949999809,0.0,0.06884247520504315
1.859,0.0405005998909473,0.0006103515625,0.06894700872311108
1.8595,0.0405003353953361,0.00030517578125,0.06881124505823688
1.86,0.0405005626380443,0.00030517578125,0.06892740477454211
1.8605,0.0405003651976585,0.0006103515625,0.06882601265126347
1.861,0.0405004434287548,0.00030517578125,0.0688660849326962
1.8615,0.0405002795159816,0.00030517578125,0.06878246706455156
1.862,0.0405006781220436,0.00030517578125,0.06898628791162
1.8625,0.040500521659851,0.00030517578125,0.06890519982447138
1.863,0.0405005365610122,0.0,0.06891222133067483
1.8635,0.0405004620552063,0.0,0.06887359573807515
1.864,0.0405005253851413,0.00091552734375,0.06890560586435299
1.8645,0.0405004322528839,0.0,0.06885757197208031
1.865,0.0405002906918525,0.00030517578125,0.06878549214988755
1.8655,0.0405002757906913,0.00030517578125,0.06877894514163434
1.866,0.0405004136264324,0.0,0.06885006215503806
1.8665,0.0405003800988197,0.0006103515625,0.06883290263529836
1.867,0.0405006557703018,0.0,0.06897358390420043
1.8675,0.0405004136264324,0.00030517578125,0.06884895683081711
1.868,0.0405003167688846,0.0,0.06879962509434578
1.8685,0.0405004769563674,0.00030517578125,0.06888167438704339
1.869,0.0405007153749465,0.0,0.06900290451102599
1.8695,0.0405007898807525,0.00030517578125,0.06903944180780369
1.87,0.0405008196830749,0.00030517578125,0.06905290831626806
1.8705,0.0405003428459167,0.00030517578125,0.0688078492376718
1.871,0.0405005291104316,0.0006103515625,0.06890308273637628
1.8715,0.0405006557703018,0.0,0.0689671363682683
1.872,0.0405004471540451,0.00030517578125,0.06885961301334959
1.8725,0.0405004173517227,0.00091552734375,0.06884428978491701
1.873,0.0405002124607563,0.00030517578125,0.06874019958854445
1.8735,0.0405005440115928,0.00091552734375,0.0689102875079385
1.874,0.0405004546046257,0.0,0.06886415560093323
1.8745,0.0405002608895301,-0.00030517578125,0.0687654987027013
1.875,0.0405004136264324,0.00030517578125,0.06884438666293309
1.8755,0.0405004024505615,0.00030517578125,0.0688386901740277
1.876,0.0405005477368831,0.00030517578125,0.06891279363253447
1.8765,0.0405004918575286,0.00030517578125,0.06888367854957828
1.877,0.0405004024505615,0.00030517578125,0.06883777424467388
1.8775,0.0405003055930137,0.00030517578125,0.06878869479572247
1.878,0.0405005700886249,0.00030517578125,0.06892409423585295
1.8785,0.0405002832412719,0.0,0.06877720921501955
1.879,0.0405006036162376,0.0,0.06894117577958345
1.8795,0.0405003689229488,0.0006103515625,0.0688207042961987
1.88,0.0405003055930137,0.00030517578125,0.06878886228542706
1.8805,0.0405005663633346,0.0,0.0689222341464053
1.881,0.0405007600784301,-0.00030517578125,0.06902038255429298
1.8815,0.0405003577470779,0.00030517578125,0.06881369842169172
1.882,0.0405001901090145,0.00030517578125,0.06872910954664947
1.8825,0.0405003987252712,0.00091552734375,0.0688369627447939
1.883,0.0405002869665622,0.0,0.06878034940626836
1.8835,0.0405004099011421,0.00030517578125,0.06884384180910808
1.884,0.0405002869665622,0.00030517578125,0.06878135152568887
1.8845,0.040500558912754,0.00030517578125,0.06892050011435688
1.885,0.040500484406948,0.0006103515625,0.06888182339812673
1.8855,0.0405003987252712,0.0006103515625,0.06883778184367212
1.886,0.0405005179345607,0.00030517578125,0.06889859796156841
1.8865,0.0405004732310771,0.0,0.06887529809149372
1.887,0.0405005328357219,0.00030517578125,0.0689053797725918
1.8875,0.0405005142092704,0.0006103515625,0.0688953264634678
1.888,0.0405003130435943,0.0006103515625,0.06879230180506861
1.8885,0.0405004769563674,0.00030517578125,0.06887638756286647
1.889,0.0405003316700458,0.0006103515625,0.06880198042399176
1.8895,0.0405006818473339,0.0006103515625,0.0689808754772276
1.89,0.040500272065401,0.00030517578125,0.06877075190868645
1.8905,0.0405004024505615,0.0,0.06883817218224647
1.891,0.0405002459883689,0.00030517578125,0.06875891138918377
1.8915,0.0405002869665622,0.00030517578125,0.06878113315275705
1.892,0.0405006967484951,0.00030517578125,0.06899066203279602
1.8925,0.0405006818473339,-0.00030517578125,0.0689817363796622
1.893,0.0405004508793354,-0.00030517578125,0.06886269526013188
1.8935,0.0405003391206264,0.0,0.06880558077851305
1.894,0.0405006520450115,0.00030517578125,0.06896551404187717
1.8945,0.0405003689229488,0.0006103515625,0.06882009656447709
1.895,0.0405004471540451,0.00091552734375,0.06886015728126768
1.8955,0.0405006967484951,0.00030517578125,0.06898727144578415
1.896,0.0405005142092704,0.00030517578125,0.06889287543788021
1.8965,0.0405003204941749,0.0,0.06879372758988671
1.897,0.0405004397034645,0.00030517578125,0.06885509208233423
1.8975,0.0405004918575286,0.00030517578125,0.06888158874680761
1.898,0.0405002869665622,-0.00030517578125,0.06877685396978048
1.8985,0.0405005291104316,0.0,0.06890092448484475
1.899,0.0405004695057868,0.00030517578125,0.06886999700651411
1.8995,0.0405005514621734,0.0,0.06891153413766464
1.9,0.0405003316700458,0.00030517578125,0.06879877895406904
1.9005,0.0405008420348167,0.0,0.0690594200866905
1.901,0.0405004359781742,0.00030517578125,0.06885031851886239
1.9015,0.040500484406948,0.0006103515625,0.06887490928213189
1.902,0.04050038382411,-0.00030517578125,0.06882335153671064
1.9025,0.0405004508793354,0.00091552734375,0.06885771315507484
1.903,0.0405005849897861,0.0,0.06892599245681189
1.9035,0.04050038382411,0.00091552734375,0.06882268812689302
1.904,0.0405006185173988,0.0006103515625,0.06894250618297115
1.9045,0.0405006036162376,0.0006103515625,0.06893402612607698
1.905,0.0405003130435943,0.0,0.06878510817330281
1.9055,0.0405004099011421,0.00030517578125,0.06883523216522279
1.906,0.0405005365610122,0.0006103515625,0.06889987501530782
1.9065,0.0405005626380443,0.00030517578125,0.06891265411010435
1.907,0.0405004955828189,-0.00030517578125,0.06887778297107756
1.9075,0.0405006892979145,0.0006103515625,0.0689762347000663
1.908,0.0405005253851413,0.0006103515625,0.06889142246480368
1.9085,0.0405004918575286,0.0006103515625,0.06887387827167604
1.909,0.0405004322528839,0.0,0.0688432293945405
1.9095,0.0405003726482391,0.00030517578125,0.06881299833585247
1.91,0.0405003204941749,0.00030517578125,0.0687871048602557
1.9105,0.0405002832412719,0.0,0.06876921348646152
1.911,0.0405004136264324,0.0,0.06883668943326197
1.9115,0.0405004732310771,0.00030517578125,0.06886712628873429
1.912,0.0405006110668182,0.00030517578125,0.06893722347494652
1.9125,0.0405002981424331,0.00030517578125,0.06877693955150635
1.913,0.0405004732310771,0.0006103515625,0.06886697418556803
1.9135,0.0405005030333995,0.00091552734375,0.0688819476741098
1.914,0.0405006259679794,0.00030517578125,0.06894426346840682
1.9145,0.0405006222426891,0.0,0.06894145856042173
1.915,0.0405003242194652,0.0006103515625,0.06878863389409849
1.9155,0.0405004806816577,0.0,0.06886897946419575
1.916,0.0405004769563674,-0.00030517578125,0.06886682688845032
1.9165,0.0405006110668182,0.00030517578125,0.06893498200365995
1.917,0.0405004471540451,-0.00030517578125,0.0688505166531055
1.9175,0.0405007228255271,0.0,0.06899099499194493
1.918,0.0405005440115928,0.0,0.06889846313726526
1.9185,0.0405003651976585,0.00030517578125,0.06880685312490822
1.919,0.0405003912746906,0.0,0.06882081305196922
1.9195,0.040500171482563,0.0006103515625,0.06870978205854109
1.92,0.0405002944171428,0.00030517578125,0.06877449393598803
1.9205,0.040500421077013,-0.00030517578125,0.06883999945048999
1.921,0.0405003875494003,0.0,0.06882301525743884
1.9215,0.0405004620552063,0.0,0.06886119983331725
1.922,0.0405002981424331,0.0006103515625,0.06877761306596436
1.9225,0.0405005477368831,0.00030517578125,0.06890546436744271
1.923,0.0405004695057868,0.0,0.0688649639564862
1.9235,0.0405007265508174,0.0,0.0689958468601303
1.924,0.0405003130435943,0.0,0.068783689323889
1.9245,0.0405003689229488,-0.00030517578125,0.068813020577434
1.925,0.0405006445944309,0.0006103515625,0.06895385543177524
1.9255,0.0405006296932697,0.0,0.06894527375251924
1.926,0.0405003130435943,0.0,0.06878286076795512
1.9265,0.0405006110668182,0.00030517578125,0.06893529605867384
1.927,0.0405002832412719,0.0,0.06876750275393509
1.9275,0.040500208735466,0.0006103515625,0.06873100621873614
1.928,0.0405006520450115,0.00030517578125,0.06895812452266639
1.9285,0.0405006632208824,0.0,0.06896281608765353
1.929,0.0405003279447555,0.00030517578125,0.06879091161884883
1.9295,0.0405001863837242,0.00030517578125,0.0687200114658225
1.93,0.0405005551874637,0.00030517578125,0.068909474087481
1.9305,0.040500309318304,0.00030517578125,0.06878361864694894
1.931,0.0405006296932697,0.0006103515625,0.0689475325094819
1.9315,0.0405003875494003,-0.00030517578125,0.0688231816545069
1.932,0.0405004248023033,-0.00030517578125,0.06884232625493818
1.9325,0.0405009165406227,0.0006103515625,0.06909317066189757
1.933,0.0405003614723682,0.00030517578125,0.06880769351705349
1.9335,0.040500771254301,0.0,0.06901690178546348
1.934,0.0405005924403667,-0.00030517578125,0.06892408622206672
1.9345,0.0405006781220436,0.00030517578125,0.06896699995295662
1.935,0.040500808507204,0.00030517578125,0.06903243717274798
1.9355,0.0405004620552063,0.00030517578125,0.06885404340050402
1.936,0.0405003167688846,0.0006103515625,0.06878012516806771
1.9365,0.0405003204941749,0.00030517578125,0.06878310686917008
1.937,0.0405005626380443,0.0,0.06890716261425037
1.9375,0.0405005142092704,0.0006103515625,0.06888188137299861
1.938,0.0405007191002368,0.00030517578125,0.06898603408650283
1.9385,0.0405005253851413,0.00030517578125,0.06888597249203318
1.939,0.040500272065401,0.0006103515625,0.06875661040852615
1.9395,0.0405004769563674,0.00030517578125,0.06886208716230435
1.94,0.0405004397034645,0.00030517578125,0.06884299666457752
1.9405,0.0405002944171428,0.0,0.06876931481681363
1.941,0.0405003279447555,0.0006103515625,0.06878765565754963
1.9415,0.040500346571207,0.00030517578125,0.06879810274909871
1.942,0.0405004434287548,-0.00030517578125,0.06884805205804312
1.9425,0.040500521659851,0.00030517578125,0.06888791245519038
1.943,0.040500208735466,0.0006103515625,0.06872828181114872
1.9435,0.040500458329916,0.0006103515625,0.06885693556609847
1.944,0.0405002459883689,0.00030517578125,0.06874901152777012
1.9445,0.0405002273619174,0.00030517578125,0.06874121731271683
1.945,0.0405005142092704,0.00030517578125,0.0688886819499935
1.9455,0.0405003391206264,0.0,0.06879910520488468
1.946,0.0405004173517227,0.00030517578125,0.06883950902379979
1.9465,0.0405007638037204,0.0006103515625,0.06901619930282803
1.947,0.040500670671463,0.00030517578125,0.06896715601972898
1.9475,0.0405001677572727,0.00030517578125,0.06870985879588747
1.948,0.040500421077013,0.0,0.06884067434619669
1.9485,0.040500670671463,0.00030517578125,0.06896800022122108
1.949,0.040500272065401,0.0,0.06876373317962328
1.9495,0.0405003502964973,0.00030517578125,0.06880479109955515
1.95,0.0405004285275936,0.0006103515625,0.06884523846838395
1.9505,0.0405003167688846,0.0,0.06878850918019647
1.951,0.0405004285275936,0.0,0.06884616607250886
1.9515,0.0405005924403667,0.00030517578125,0.06892969935733372
1.952,0.0405005663633346,0.00030517578125,0.06891564391186834
1.9525,0.0405002683401107,0.00030517578125,0.0687631682213012
1.953,0.0405004918575286,-0.00030517578125,0.06887802417142011
1.9535,0.0405005626380443,0.00030517578125,0.06891381011690444
1.954,0.0405004471540451,0.0006103515625,0.06885428057191167
1.9545,0.0405004546046257,-0.00030517578125,0.06885795793693579
1.955,0.0405005179345607,0.0,0.06889012271688776
1.9555,0.0405003763735294,0.0,0.06881757245406815
1.956,0.0405004248023033,0.00030517578125,0.06884258988899752
1.9565,0.0405004434287548,0.0,0.06885209650191275
1.957,0.0405003689229488,0.00030517578125,0.06881419468545583
1.9575,0.0405002422630786,0.00030517578125,0.06875040465058817
1.958,0.0405007638037204,0.00030517578125,0.06901721939314269
1.9585,0.0405006669461727,0.00030517578125,0.0689662480378723
1.959,0.0405004732310771,0.0006103515625,0.06886630144217401
1.9595,0.0405005402863025,0.0006103515625,0.06890026811297141
1.96,0.0405003204941749,0.0,0.06878766679018967
1.9605,0.0405006594955921,0.00030517578125,0.06896093482329942
1.961,0.0405006818473339,0.00030517578125,0.06897128201549715
1.9615,0.0405005551874637,-0.00030517578125,0.06890551239135528
1.962,0.0405005328357219,0.0006103515625,0.06889353154536586
1.9625,0.0405004993081092,0.0006103515625,0.06887599208017678
1.963,0.0405002757906913,0.0,0.06876193069925544
1.9635,0.0405004769563674,0.00030517578125,0.06886544347192647
1.964,0.0405002906918525,0.0,0.06877052081942152
1.9645,0.0405004248023033,-0.00030517578125,0.06883982054190597
1.965,0.0405004918575286,0.00030517578125,0.06887396364807867
1.9655,0.04050088301301,0.0006103515625,0.06907322167051808
1.966,0.0405003614723682,-0.00030517578125,0.06880517368685035
1.9665,0.0405003689229488,-0.00030517578125,0.06880955058080487
1.967,0.0405006594955921,-0.00030517578125,0.06895803061015375
1.9675,0.0405005663633346,0.00030517578125,0.06890951337789832
1.968,0.04050038382411,0.0,0.06881580357680486
1.9685,0.0405006036162376,0.0006103515625,0.06892807717881742
1.969,0.0405003949999809,0.0006103515625,0.06882090682219687
1.9695,0.0405006743967533,0.00030517578125,0.0689635191070245
1.97,0.0405005812644958,-0.00030517578125,0.0689149485560622
1.9705,0.0405004024505615,0.0006103515625,0.06882316039245483
1.971,0.0405004434287548,0.00030517578125,0.06884429415103817
1.9715,0.040500484406948,0.00030517578125,0.06886518436852372
1.972,0.0405003055930137,0.0006103515625,0.06877398159526915
1.9725,0.0405005291104316,0.0,0.06888864401779886
1.973,0.0405004695057868,0.0,0.06885789519080643
1.9735,0.0405003391206264,0.0006103515625,0.06879144095251508
1.974,0.0405006483197212,0.00030517578125,0.06894961041307615
1.9745,0.0405003167688846,0.0006103515625,0.06877971459269801
1.975,0.0405005253851413,0.00030517578125,0.06888674443726418
1.9755,0.0405005179345607,0.0006103515625,0.06888255116552722
1.976,0.0405006185173988,0.00030517578125,0.06893350169644141
1.9765,0.0405004397034645,0.0006103515625,0.06884151520716546
1.977,0.0405005887150764,0.0006103515625,0.06891745933879893
1.9775,0.0405006892979145,0.0006103515625,0.06896808580374647
1.978,0.0405004769563674,0.00030517578125,0.06885864555720118
1.9785,0.0405005812644958,0.0006103515625,0.06891162444145169
1.979,0.0405008941888809,0.00030517578125,0.06907070672303144
1.9795,0.0405005142092704,0.00030517578125,0.06887484079964108
1.98,0.0405002795159816,0.0006103515625,0.06875509555968541
1.9805,0.0405005253851413,-0.00030517578125,0.06888141897155867
1.981,0.0405004285275936,-0.00030517578125,0.06883168361471413
1.9815,0.0405005887150764,0.00030517578125,0.06891344394516594
1.982,0.0405003242194652,0.0006103515625,0.0687780128032251
1.9825,0.0405004732310771,0.0006103515625,0.06885477165183594
1.983,0.0405002944171428,-0.00030517578125,0.06876385172612025
1.9835,0.040500346571207,0.0,0.06879169743278278
1.984,0.0405004955828189,-0.00030517578125,0.06886830358730096
1.9845,0.0405004061758518,0.0006103515625,0.06882249174478546
1.985,0.0405007936060428,-0.00030517578125,0.06902028610033072
1.9855,0.0405005291104316,-0.0006103515625,0.06888378253819531
1.986,0.0405006408691406,0.00030517578125,0.06894041053071237
1.9865,0.0405004322528839,0.00030517578125,0.06883318504101942
1.987,0.0405004955828189,0.00030517578125,0.06886554960764224
1.9875,0.0405004322528839,0.0006103515625,0.06883311510253746
1.988,0.0405002646148204,0.0006103515625,0.06874817587006929
1.9885,0.0405004993081092,0.0,0.06886892093610933
1.989,0.0405006781220436,0.00030517578125,0.06895991421738755
1.9895,0.0405004806816577,0.00030517578125,0.0688581942623876
1.99,0.0405004471540451,0.0006103515625,0.06884093914023184
1.9905,0.0405005440115928,0.00030517578125,0.06889030836701716
1.991,0.0405006483197212,0.0,0.06894310898169798
1.9915,0.0405002832412719,-0.0006103515625,0.06875624304420656
1.992,0.0405003614723682,0.0,0.06879753811985534
1.9925,0.0405002236366272,0.0006103515625,0.06872846746458108
1.993,0.040500484406948,0.00030517578125,0.06886285526366576
1.9935,0.0405004806816577,0.00030517578125,0.06886079688631892
1.994,0.040500558912754,0.00030517578125,0.06890051899928
1.9945,0.0405005067586898,0.00030517578125,0.0688734011922347
1.995,0.040500596165657,0.00030517578125,0.06891869886750115
1.9955,0.0405005738139152,0.0006103515625,0.06890662900804322
1.996,0.040500346571207,0.0,0.06879015774280672
1.9965,0.0405006930232048,0.0,0.06896722016270182
1.997,0.0405005626380443,0.00030517578125,0.06889958276058476
1.9975,0.0405006036162376,-0.00030517578125,0.06891996453351433
1.998,0.0405003204941749,0.00030517578125,0.06877502179792795
1.9985,0.0405003651976585,0.00030517578125,0.0687988951864252
1.999,0.0405004024505615,0.0,0.06881855899262987
1.9995,0.0405005253851413,-0.00030517578125,0.0688814630971681
2.0,0.0405002497136592,-0.00091552734375,0.0687409071527393
2.0005,0.0405003577470779,0.0,0.06879749526919915
2.001,0.0405004657804966,0.00030517578125,0.06885318610202674
2.0015,0.0405003949999809,0.00030517578125,0.0688170975527028
2.002,0.040500484406948,-0.00030517578125,0.06886295387826055
2.0025,0.0405004099011421,0.00030517578125,0.06882485781154674
2.003,0.0405002646148204,0.0006103515625,0.06875149404776876
2.0035,0.0405002757906913,0.0,0.06875879319441237
2.004,0.0405004359781742,0.0,0.06884156960228835
2.0045,0.0405005626380443,-0.00030517578125,0.06890618409986868
2.005,0.0405002497136592,0.0,0.06874630820874991
2.0055,0.0405002981424331,0.0,0.06877256630287328
2.006,0.0405004434287548,0.0,0.06884764498887846
2.0065,0.0405002497136592,0.0,0.0687493353918868
2.007,0.0405003502964973,0.0006103515625,0.06880204314053164
2.0075,0.0405003763735294,0.0,0.068815998861681
2.008,0.0405005551874637,-0.00030517578125,0.06890744951031148
2.0085,0.040500272065401,0.00030517578125,0.06876266353313758
2.009,0.040500484406948,0.0006103515625,0.06887187820146819
2.0095,0.0405003875494003,0.0,0.06882228772528713
2.01,0.0405004620552063,0.0,0.06886046538150188
2.0105,0.0405005179345607,0.00030517578125,0.06888879852722798
2.011,0.0405003949999809,0.0,0.06882575466282918
2.0115,0.0405003391206264,0.0,0.06879772101070393
2.012,0.0405003316700458,0.00030517578125,0.06879470075140275
2.0125,0.040500484406948,0.0006103515625,0.06887310419337529
2.013,0.0405002497136592,-0.00030517578125,0.06875332797321776
2.0135,0.0405007004737854,-0.00030517578125,0.06898390556146031
2.014,0.0405002869665622,0.0,0.06877189829787059
2.0145,0.0405003279447555,-0.00030517578125,0.068793914792607
2.015,0.0405004322528839,0.0,0.06884772837854064
2.0155,0.0405005253851413,-0.00030517578125,0.06889517470827346
2.016,0.0405003540217876,0.0,0.06880737095379137
2.0165,0.0405004173517227,0.0006103515625,0.06884011690457639
2.017,0.0405004322528839,0.0,0.06884779958548198
2.0175,0.0405003130435943,-0.00030517578125,0.06878718652303364
2.018,0.0405007116496562,0.0,0.0689909298832625
2.0185,0.0405007638037204,0.0006103515625,0.06901620607377786
2.019,0.0405005514621734,0.0,0.0689062923551221
2.0195,0.0405005291104316,0.00030517578125,0.06889429104550795
2.02,0.040500596165657,0.0,0.0689280025262853
2.0205,0.0405006185173988,0.00030517578125,0.06893861638151083
2.021,0.0405005998909473,-0.00030517578125,0.06892820978324345
2.0215,0.0405006855726242,-0.00030517578125,0.06897113460796468
2.022,0.0405003987252712,0.00030517578125,0.0688236692241939
2.0225,0.0405006036162376,0.00030517578125,0.06892825210950665
2.023,0.0405006147921085,0.00030517578125,0.06893321341293818
2.0235,0.04050038382411,0.0,0.06881466960518108
2.024,0.0405005365610122,0.0,0.06889278792727802
2.0245,0.0405005477368831,0.0,0.0688980174204169
2.025,0.0405007377266883,0.0,0.0689944670308474
2.0255,0.0405003875494003,0.0,0.06881456804584045
2.026,0.0405005738139152,0.0,0.06890976488201499
2.0265,0.0405006185173988,0.00030517578125,0.06893193689307828
2.027,0.0405007749795913,0.0006103515625,0.06901096090468035
2.0275,0.0405005849897861,0.0,0.06891251720761028
2.028,0.0405006632208824,0.0,0.06895178465287888
2.0285,0.0405005253851413,0.00030517578125,0.06888050295718263
2.029,0.0405006408691406,0.00030517578125,0.0689390436888823
2.0295,0.040500558912754,0.0,0.06889639424219964
2.03,0.0405003949999809,0.00030517578125,0.068812321831678
2.0305,0.0405005142092704,0.00030517578125,0.06887342977005102
2.031,0.0404999554157257,0.00030517578125,0.06858925631155807
2.0315,0.0405007489025592,0.00091552734375,0.0689963498824724
2.032,0.0405006855726242,0.0006103515625,0.06896274397027219
2.0325,0.0405002795159816,0.00030517578125,0.06875473112786111
2.033,0.0405007004737854,0.0006103515625,0.06897019668214413
2.0335,0.0405004769563674,0.0006103515625,0.0688551237634008
2.034,0.0405002608895301,0.0006103515625,0.06874524421794065
2.0345,0.0405004173517227,-0.00030517578125,0.06882628940555599
2.035,0.0405007824301719,0.00030517578125,0.0690126820624686
2.0355,0.040500458329916,-0.00030517578125,0.06884590877393411
2.036,0.0405003279447555,0.00030517578125,0.06877949263404369
2.0365,0.0405005663633346,0.00030517578125,0.06890207110136541
2.037,0.0404976867139339,0.00030517578125,0.06744495374211763
2.0375,0.0405023358762264,0.00030517578125,0.06982673162023156
2.038,0.040493544191122,0.0006103515625,0.06539410055266884
2.0385,0.0405093096196651,0.0,0.07349697003589692
2.039,0.0404834225773811,0.0006103515625,0.06048408110590991
2.0395,0.0405246391892433,0.00030517578125,0.08186593665461493
2.04,0.0404596664011478,0.00030517578125,0.049701584359900096
2.0405,0.0405648984014987,0.0,0.10584707250377691
2.041,0.0403696075081825,0.00030517578125,0.01838236386324875
