Time [s],Lmtc [m],STIM [ ],Fsee [N],Gamma [ ],Lcerel [ ],q [ ]
0.0,0.0186391435372587,1.0,8.967365212957713,0.24784658986139935,1.116684473868217,0.7287802226596913
0.001,0.0186353935372587,1.0,9.298906100810113,0.26138456132288906,1.115984257974033,0.7604753669330836
0.002,0.0186316435372587,1.0,9.645276549524077,0.27467886202152486,1.115273000372003,0.7876317523742074
0.003,0.0186278935372587,1.0,9.987638021833265,0.2877338809016208,1.1145744727180364,0.8109300450884666
0.004,0.0186241435372587,1.0,10.315419319639343,0.30055392257442476,1.113900828796665,0.8309629767527886
0.005,0.0186203935372587,1.0,10.622696540223279,0.3131432132923029,1.1132579616367952,0.8482377696721625
0.006,0.018616643537258698,1.0,10.906501292666198,0.3255059185832959,1.1126480408085735,0.8631833856329112
0.007,0.0186128935372587,1.0,11.166221437587932,0.3376461026096042,1.1120704997583506,0.8761597106348048
0.008,0.0186091435372587,1.0,11.402180417136725,0.349567767221244,1.111523841221066,0.8874679341489023
0.009000000000000001,0.0186053935372587,1.0,11.615483566263078,0.3612748767933477,1.1110058484564005,0.8973595589610358
0.01,0.0186016435372587,1.0,11.807686513713644,0.37277125740582406,1.110513973102396,0.9060445108723999
0.011,0.0185978935372587,1.0,11.98036701888169,0.3840606493549582,1.1100458057784743,0.91369832346609
0.012,0.0185941435372587,1.0,12.135565976855599,0.39514689468230074,1.1095985557133168,0.9204679408064337
0.013000000000000001,0.0185903935372587,1.0,12.275065794647459,0.40603369111374116,1.1091698431089345,0.9264767371109964
0.014,0.0185866435372587,1.0,12.400223943654405,0.4167245209243623,1.1087578527007218,0.9318285866833819
0.015,0.0185828935372587,1.0,12.512460964019938,0.42722286638924695,1.1083607692240731,0.9366111632942798
0.016,0.0185791435372587,1.0,12.61325098321519,0.43753220978347807,1.1079767774143823,0.9408986987660983
0.017,0.0185753935372587,1.0,12.704024427675272,0.447655989672589,1.107604159047784,0.9447542550039651
0.018000000000000002,0.018571643537258698,1.0,12.785983443869592,0.457597605798984,1.1072414842730802,0.9482316279708917
0.019,0.0185678935372587,1.0,12.860062616173225,0.4673603226180146,1.1068876435682395,0.9513768404323408
0.02,0.0185641435372587,1.0,12.927040625748862,0.47694729394579544,1.1065417180054797,0.9542293833830907
0.021,0.0185603935372587,1.0,12.987711680277863,0.486361673598441,1.1062027886570185,0.9568232534753797
0.022,0.0185566435372587,1.0,13.042838433484519,0.49560657094352856,1.1058699848798113,0.9591878094075833
0.023,0.0185528935372587,1.0,13.093109073891968,0.5046851019404556,1.1055425278591569,0.9613485053534598
0.024,0.0185491435372587,1.0,13.139080922211429,0.5136003074727469,1.1052197885873654,0.9633274699298099
0.025,0.0185453935372587,1.0,13.181143075288428,0.522355038524376,1.1049013253263786,0.965143982317155
0.026000000000000002,0.0185416435372587,1.0,13.219689205586487,0.5309521460793163,1.1045866963381392,0.9668149018094346
0.027,0.0185378935372587,1.0,13.255116969562375,0.5393944811215409,1.104275459884589,0.9683550135351091
0.028,0.0185341435372587,1.0,13.287788672473399,0.5476848186819294,1.1039672156506797,0.9697773118262761
0.029,0.0185303935372587,1.0,13.318029806043798,0.5558259973952021,1.1036616055742297,0.9710932711554652
0.03,0.018526643537258698,1.0,13.346089869884443,0.5638207325266331,1.1033583549567252,0.9723130262013493
0.031,0.0185228935372587,1.0,13.372147855447215,0.5716715678802582,1.1030572659107374,0.973445544178685
0.032,0.0185191435372587,1.0,13.396383971877102,0.5793810472601125,1.1027581405488371,0.9744987949012062
0.033,0.0185153935372587,1.0,13.418979511205501,0.5869517144702314,1.102460780983595,0.9754798783296871
0.034,0.0185116435372587,1.0,13.44011672647443,0.5943861133146504,1.1021649893275818,0.9763951338911667
0.035,0.0185078935372587,1.0,13.459936143191062,0.601686653079102,1.1018706128505358,0.977250222923873
0.036000000000000004,0.0185041435372587,1.0,13.47857973394392,0.6088559058557885,1.1015774979644628,0.9780502417144382
0.037,0.0185003935372587,1.0,13.496136234677401,0.6158961570295207,1.101285548071079,0.9787997437146803
0.038,0.0184966435372587,1.0,13.512689335531308,0.6228096650234848,1.1009946723146822,0.9795028284296912
0.039,0.0184928935372587,1.0,13.528323058048947,0.6295986882608664,1.1007047798395704,0.9801631960099967
0.04,0.0184891435372587,1.0,13.54312172430992,0.6362654851648518,1.1004157797900411,0.980784192384862
0.041,0.0184853935372587,1.0,13.557164321615451,0.6428122662914528,1.1001275872356358,0.9813688447735405
0.042,0.0184816435372587,1.0,13.570516968396293,0.6492412422037553,1.0998401310872494,0.9819199017225526
0.043000000000000003,0.018477893537258698,1.0,13.583237010541174,0.6555545830355144,1.0995533497174663,0.9824398593223904
0.044,0.0184741435372587,1.0,13.595366290380005,0.661754293844988,1.0992671980248852,0.9829309786071778
0.045,0.0184703935372587,1.0,13.606946767749657,0.6678423796904335,1.098981630908105,0.9833953227440984
0.046,0.0184666435372587,1.0,13.618020510953128,0.6738208456301088,1.098696603265725,0.983834777258277
0.047,0.0184628935372587,1.0,13.628629688386633,0.6796916967222715,1.0984120699963433,0.9842510679220674
0.048,0.0184591435372587,1.0,13.638806549954852,0.685456774974016,1.0981279965456106,0.9846457657989808
0.049,0.0184553935372587,1.0,13.64859167961225,0.6911182197266733,1.0978443396566815,0.985020333283826
0.05,0.0184516435372587,1.0,13.658009594844966,0.696677854913332,1.0975610730692031,0.9853760943812451
0.051000000000000004,0.0184478935372587,1.0,13.667081258283215,0.7021374316555699,1.0972781743170277,0.9857142638359057
0.052000000000000005,0.0184441435372587,1.0,13.675827674867815,0.7074987010749643,1.0969956209340073,0.9860359618665447
0.053,0.0184403935372587,1.0,13.684269889204684,0.712763414293093,1.096713390453994,0.9863422228260412
0.054,0.0184366435372587,1.0,13.692428983085529,0.7179333224315337,1.0964314604108398,0.9866340029625015
0.055,0.018432893537258698,1.0,13.700326073174429,0.7230101766118641,1.0961498083383971,0.9869121873852179
0.056,0.0184291435372587,1.0,13.707977669280458,0.727995589379695,1.0958684166462416,0.9871775888862637
0.057,0.0184253935372587,1.0,13.715401350773611,0.7328913705890231,1.095587266647275,0.9874309724325254
0.058,0.0184216435372587,1.0,13.72260991870568,0.7376991177253021,1.0953063446998743,0.9876730374858526
0.059000000000000004,0.0184178935372587,1.0,13.729614110230742,0.7424203429189641,1.095025639349614,0.9879044303947611
0.06,0.0184141435372587,1.0,13.736424678451122,0.7470565583004416,1.0947451391420682,0.988125753147297
0.061,0.0184103935372587,1.0,13.743052391618825,0.7516092760001668,1.0944648326228112,0.9883375669931893
0.062,0.0184066435372587,1.0,13.749508032381224,0.756080008148572,1.0941847083374179,0.988540395730384
0.063,0.0184028935372587,1.0,13.75580239707096,0.7604702668760895,1.093904754831462,0.9887347286906898
0.064,0.0183991435372587,1.0,13.761944402358415,0.7647814570428317,1.0936249626356247,0.9889210186328196
0.065,0.0183953935372587,1.0,13.767943227921554,0.7690151238367158,1.0933453220160598,0.9890996957353119
0.066,0.0183916435372587,1.0,13.773806108395108,0.7731726682771282,1.0930658252890444,0.9892711567582623
0.067,0.018387893537258698,1.0,13.779538984300995,0.7772553961206043,1.0927864661360684,0.9894357698280135
0.068,0.0183841435372587,1.0,13.785147803111762,0.7812646131236799,1.0925072382386223,0.9895938806351015
0.069,0.0183803935372587,1.0,13.790638518969358,0.7852016250428899,1.0922281352781957,0.9897458140821722
0.07,0.0183766435372587,1.0,13.79601709241937,0.7890677376347701,1.0919491509362789,0.9898918757946267
0.07100000000000001,0.0183728935372587,1.0,13.801289490154863,0.7928642566558557,1.0916702788943622,0.9900323535067922
0.07200000000000001,0.0183691435372587,1.0,13.80646086083353,0.7965924060473379,1.091391513696722,0.9901675151719571
0.073,0.0183653935372587,1.0,13.811536345658014,0.8002535035255139,1.0911128499007519,0.9902976171233178
0.074,0.0183616435372587,1.0,13.81652028274491,0.8038487787388198,1.0908342829095896,0.9904228979861596
0.075,0.0183578935372587,1.0,13.821416172426842,0.8073793592355762,1.0905558090074974,0.9905435794320547
0.076,0.0183541435372587,1.0,13.82622751843347,0.8108463725641042,1.090277424478737,0.9906598710769874
0.077,0.0183503935372587,1.0,13.830957827779649,0.8142509462727243,1.089999125607571,0.9907719712846788
0.078,0.0183466435372587,1.0,13.83561061065888,0.8175942079097576,1.089720908678261,0.9908800679093791
0.079,0.0183428935372587,1.0,13.840189380339014,0.8208772850235244,1.08944276997507,0.9909843389832447
0.08,0.018339143537258698,1.0,13.844697278419353,0.8241012440254134,1.0891647061740253,0.9910849512704397
0.081,0.0183353935372587,1.0,13.849137356094605,0.8272672071629269,1.0888867140484386,0.9911820649529585
0.082,0.0183316435372587,1.0,13.85351234508716,0.8303762545269139,1.0886087907082025,0.9912758307749203
0.083,0.0183278935372587,1.0,13.857824417308429,0.8334293597791413,1.088330933850654,0.9913663885444073
0.084,0.0183241435372587,1.0,13.862075746489204,0.8364274965813766,1.0880531411731296,0.9914538712630391
0.085,0.0183203935372587,1.0,13.866268508129608,0.8393716385953867,1.0877754103729667,0.9915384055407159
0.08600000000000001,0.0183166435372587,1.0,13.870404879452122,0.8422627594829387,1.0874977391475016,0.9916201119819441
0.08700000000000001,0.0183128935372587,1.0,13.874487039353848,0.8451018329057999,1.0872201251940716,0.9916991055459322
0.088,0.0183091435372587,1.0,13.878516891927847,0.8478897575139653,1.0869425664987291,0.9917754935834044
0.089,0.0183053935372587,1.0,13.88249641346701,0.8506275043616176,1.086665060973623,0.9918493807600477
0.09,0.0183016435372587,1.0,13.886427589081862,0.8533160811354202,1.086387606523193,0.9919208681367381
0.091,0.0182978935372587,1.0,13.890311764465224,0.8559563140987662,1.0861102017208797,0.991990046925282
0.092,0.018294143537258698,1.0,13.894150286323157,0.8585490295150484,1.0858328451401238,0.9920570043575919
0.093,0.0182903935372587,1.0,13.897944502352395,0.8610950536476598,1.0855555353543658,0.9921218239085368
0.094,0.0182866435372587,1.0,13.901695761217127,0.8635952127599933,1.0852782709370459,0.9921845855048838
0.095,0.0182828935372587,1.0,13.905405412527626,0.8660503331154418,1.0850010504616048,0.9922453657213104
0.096,0.0182791435372587,1.0,13.909074806819104,0.8684612409773982,1.0847238725014832,0.9923042379643844
0.097,0.0182753935372587,1.0,13.912705295532065,0.8708287626092556,1.0844467356301213,0.9923612726453431
0.098,0.0182716435372587,1.0,13.91629796605299,0.8731536144684938,1.084169638697291,0.9924165343226812
0.099,0.0182678935372587,1.0,13.919854089811576,0.8754366833553637,1.083892580361593,0.9924700896379157
0.1,0.0182641435372587,1.0,13.923374654254644,0.8776787327734522,1.083615559578591,0.9925219993009061
0.101,0.0182603935372587,1.0,13.926860501045702,0.8798804554753923,1.083338575456519,0.9925723197871833
0.10200000000000001,0.0182566435372587,1.0,13.930312472410835,0.8820425442138168,1.0830616271036124,0.9926211054204188
0.10300000000000001,0.0182528935372587,1.0,13.933731411129862,0.8841656917413587,1.0827847136281057,0.9926684084824351
0.10400000000000001,0.018249143537258698,1.0,13.937118160524724,0.8862505908106509,1.0825078341382337,0.9927142793170538
0.105,0.0182453935372587,1.0,13.940473564449817,0.8882979341743266,1.0822309877422314,0.9927587664281662
0.106,0.0182416435372587,1.0,13.943798467281882,0.8903084145850183,1.0819541735483331,0.9928019165723893
0.107,0.0182378935372587,1.0,13.947093713910624,0.8922827247953593,1.0816773906647739,0.9928437748466454
0.108,0.0182341435372587,1.0,13.95035995672636,0.8942214290963465,1.0814006384008448,0.9928843815291291
0.109,0.0182303935372587,1.0,13.953598043214836,0.89612532760587,1.081123915863046,0.9929237814093416
0.11,0.0182266435372587,1.0,13.956808529854097,0.8979950070376214,1.0808472224614658,0.9929620124621256
0.111,0.0182228935372587,1.0,13.959991965993888,0.8998310482066463,1.0805705576139764,0.9929991112384239
0.112,0.0182191435372587,1.0,13.963148901320935,0.9016340319279905,1.0802939207384494,0.9930351130757493
0.113,0.0182153935372587,1.0,13.96627988585302,0.9034045390167001,1.080017311252757,0.9930700521555095
0.114,0.0182116435372587,1.0,13.969385469934887,0.905143150287821,1.0797407285747702,0.9931039615574317
0.115,0.0182078935372587,1.0,13.97246620423144,0.9068504465563987,1.0794641721223615,0.9931368733112566
0.116,0.0182041435372587,1.0,13.975522639723502,0.9085270086374794,1.0791876413134023,0.9931688184458509
0.117,0.018200393537258698,1.0,13.978555302471761,0.9101733846419293,1.0789111355920218,0.9931998262600195
0.11800000000000001,0.0181966435372587,1.0,13.981564687162484,0.9117901141543914,1.0786346544353038,0.9932299249616204
0.11900000000000001,0.0181928935372587,1.0,13.984551275194864,0.9133778113399178,1.0783581973344436,0.9932591436634682
0.12,0.0181891435372587,1.0,13.98751543813304,0.9149369631632656,1.0780817638951816,0.9932875076675247
0.121,0.0181853935372587,1.0,13.990457547757389,0.9164680565891915,1.0778053537232584,0.9933150415357306
0.122,0.0181816435372587,1.0,13.99337797606208,0.9179715785824526,1.077528966424414,0.9933417691227733
0.123,0.0181778935372587,1.0,13.996277095251576,0.9194480161078057,1.0772526016043897,0.9933677136073461
0.124,0.0181741435372587,1.0,13.999155277738174,0.9208978561300075,1.0769762588689258,0.9933928975219756
0.125,0.0181703935372587,1.0,14.002012896139584,0.9223215856138153,1.0766999378237623,0.9934173427814913
0.126,0.0181666435372587,1.0,14.004850323274752,0.9237196915239857,1.0764236380746401,0.9934410707102078
0.127,0.0181628935372587,1.0,14.007667909365463,0.9250926057700003,1.076147359250999,0.9934641008318705
0.128,0.0181591435372587,1.0,14.010466013209255,0.9264408341339285,1.0758711009735586,0.9934864538055128
0.129,0.018155393537258698,1.0,14.01324492364877,0.9277648424480777,1.075594862935945,0.9935081488783557
0.13,0.0181516435372587,1.0,14.01600490012454,0.9290650389915996,1.0753186448625054,0.9935292035385357
0.131,0.0181478935372587,1.0,14.018746202221656,0.9303418320436468,1.075042446477586,0.9935496348327759
0.132,0.0181441435372587,1.0,14.02146908966773,0.9315956298833712,1.074766267505534,0.9935694593848777
0.133,0.0181403935372587,1.0,14.024173822331587,0.932826840789925,1.0744901076706956,0.9935886934134367
0.134,0.0181366435372587,1.0,14.026860660220192,0.9340358730424602,1.074213966697418,0.9936073527488243
0.135,0.0181328935372587,1.0,14.029529863478238,0.935223134920129,1.0739378443100478,0.9936254528494636
0.136,0.0181291435372587,1.0,14.03218169238621,0.9363890347020836,1.0736617402329314,0.9936430088174366
0.137,0.0181253935372587,1.0,14.034816353097412,0.9375338576578227,1.0733856542467701,0.9936600327697637
0.138,0.0181216435372587,1.0,14.037434160285502,0.9386581452828868,1.0731095860196842,0.9936765420224768
0.139,0.0181178935372587,1.0,14.040035305699835,0.9397622584904141,1.0728335353475942,0.993692549683712
0.14,0.0181141435372587,1.0,14.042619967116956,0.9408465310022661,1.0725575020410367,0.9937080679983675
0.14100000000000001,0.0181103935372587,1.0,14.045188322410182,0.9419112965403047,1.0722814859105483,0.9937231089457134
0.14200000000000002,0.0181066435372587,1.0,14.047740549549765,0.9429568888263918,1.0720054867666655,0.9937376842499793
0.14300000000000002,0.0181028935372587,1.0,14.050276826599733,0.943983641582389,1.071729504419925,0.9937518053905438
0.14400000000000002,0.0180991435372587,1.0,14.05279733171989,0.9449918885301583,1.0714535386808632,0.9937654836117372
0.145,0.0180953935372587,1.0,14.05530224316172,0.9459819633915613,1.0711775893600168,0.9937787299322797
0.146,0.0180916435372587,1.0,14.057791739269302,0.9469541998884599,1.0709016562679223,0.9937915551543633
0.147,0.0180878935372587,1.0,14.060265998477687,0.9479089317427158,1.0706257392151164,0.9938039698723997
0.148,0.0180841435372587,1.0,14.06272519931188,0.9488464926761909,1.0703498380121352,0.9938159844814396
0.149,0.0180803935372587,1.0,14.065169543709116,0.9497671203042494,1.0700739524453182,0.9938276071981291
0.15,0.0180766435372587,1.0,14.06759918596541,0.9506712241575007,1.0697980823505264,0.9938388496225836
0.151,0.0180728935372587,1.0,14.070014244383703,0.9515591066852673,1.0695222276010372,0.9938497209609258
0.152,0.0180691435372587,1.0,14.072414840934544,0.952431035854698,1.069246388066392,0.993860229550015
0.153,0.0180653935372587,1.0,14.074801097654088,0.9532872796329421,1.0689705636161326,0.9938703835782342
0.154,0.018061643537258698,1.0,14.077173136644202,0.9541281059871486,1.0686947541198002,0.9938801910912092
0.155,0.0180578935372587,1.0,14.07953108007155,0.9549537828844665,1.0684189594469364,0.9938896599973334
0.156,0.0180541435372587,1.0,14.08187505016623,0.9557645782920452,1.0681431794670826,0.9938987980731079
0.157,0.0180503935372587,1.0,14.084205169222233,0.9565607601770335,1.0678674140497804,0.9939076129683003
0.158,0.0180466435372587,1.0,14.086521559596326,0.9573425965065807,1.067591663064571,0.993916112210932
0.159,0.0180428935372587,1.0,14.088824343707184,0.9581103552478359,1.0673159263809961,0.9939243032120976
0.16,0.0180391435372587,1.0,14.091113644034893,0.9588643043679481,1.0670402038685975,0.9939321932706239
0.161,0.0180353935372587,1.0,14.09338962691384,0.9596046421135654,1.0667644953515283,0.9939397881758013
0.162,0.0180316435372587,1.0,14.095652392335895,0.960331683477154,1.0664888007227722,0.9939470959669328
0.163,0.0180278935372587,1.0,14.097902010887818,0.9610456820395021,1.0662131199058387,0.99395412334833
0.164,0.0180241435372587,1.0,14.10013856886554,0.9617468529689914,1.065937452808004,0.9939608761634345
0.165,0.0180203935372587,1.0,14.10236215261102,0.9624354114340038,1.0656617993365451,0.9939673601717461
0.166,0.018016643537258698,1.0,14.10457284851328,0.9631115726029212,1.065386159398739,0.9939735810520203
0.167,0.0180128935372587,1.0,14.106770743008244,0.9637755516441256,1.0651105329018622,0.9939795444053707
0.168,0.0180091435372587,1.0,14.108955922576373,0.9644275637259988,1.0648349197531914,0.9939852557582752
0.169,0.0180053935372587,1.0,14.111128473745053,0.9650678240169226,1.0645593198600034,0.9939907205654926
0.17,0.0180016435372587,1.0,14.113288483085501,0.9656965476852789,1.0642837331295751,0.9939959442128907
0.171,0.0179978935372587,1.0,14.115436037214577,0.9663139498994496,1.064008159469183,0.9940009320201895
0.17200000000000001,0.0179941435372587,1.0,14.117571222792646,0.9669202458278167,1.0637325987861042,0.9940056892436197
0.17300000000000001,0.0179903935372587,1.0,14.119694162900604,0.967515600722244,1.063457050949949,0.9940102200944665
0.17400000000000002,0.0179866435372587,1.0,14.121804936064807,0.9681002559381723,1.0631815158765152,0.9940145302288056
0.17500000000000002,0.0179828935372587,1.0,14.123903585647689,0.9686744240731696,1.062905993518048,0.9940186246798879
0.176,0.0179791435372587,1.0,14.125990174208017,0.969238277900028,1.0626304838069507,0.9940225076456181
0.177,0.0179753935372587,1.0,14.128064764340367,0.9697919901915398,1.0623549866756261,0.9940261832763487
0.178,0.0179716435372587,1.0,14.130127418673498,0.9703357337204971,1.0620795020564775,0.9940296556767231
0.179,0.0179678935372587,1.0,14.132178199871406,0.9708696812596921,1.0618040298819083,0.9940329289074655
0.18,0.0179641435372587,1.0,14.134217170631969,0.9713940055819168,1.061528570084321,0.9940360069871266
0.181,0.0179603935372587,1.0,14.136244393687004,0.9719088794599636,1.0612531225961197,0.9940388938937769
0.182,0.0179566435372587,1.0,14.138259931802757,0.9724144756666245,1.060977687349707,0.9940415935666569
0.183,0.0179528935372587,1.0,14.140263847778511,0.9729109669746918,1.0607022642774862,0.9940441099077806
0.184,0.0179491435372587,1.0,14.142256204447289,0.9733985261569575,1.0604268533118604,0.9940464467834954
0.185,0.0179453935372587,1.0,14.144237078172297,0.9738772611100021,1.0601514543712685,0.9940486067644001
0.186,0.0179416435372587,1.0,14.146206546194051,0.9743473784985398,1.0598760673732799,0.9940505943110615
0.187,0.0179378935372587,1.0,14.148164648261165,0.9748090858995488,1.059600692274284,0.9940524138691909
0.188,0.0179341435372587,1.0,14.150111428472465,0.9752625177764052,1.059325329026197,0.9940540684343417
0.189,0.0179303935372587,1.0,14.15204693095341,0.975707808592485,1.0590499775809354,0.9940555609757006
0.19,0.0179266435372587,1.0,14.15397119985576,0.9761450928111645,1.0587746378904157,0.9940568944371413
0.191,0.017922893537258698,1.0,14.155884279358387,0.9765745048958195,1.058499309906554,0.9940580717382563
0.192,0.0179191435372587,1.0,14.157786213665974,0.9769961793098264,1.0582239935812667,0.9940590957753626
0.193,0.0179153935372587,1.0,14.159677047008476,0.9774102505165612,1.0579486888664704,0.9940599694224809
0.194,0.0179116435372587,1.0,14.161556823642753,0.9778168529794,1.0576733957140814,0.9940606955322955
0.195,0.0179078935372587,1.0,14.163425587850696,0.9782161211617189,1.057398114076016,0.994061276937085
0.196,0.0179041435372587,1.0,14.165283383940118,0.9786081895268939,1.0571228439041904,0.994061716449635
0.197,0.0179003935372587,1.0,14.167130256243246,0.9789931925383013,1.0568475851505215,0.9940620168641251
0.198,0.0178966435372587,1.0,14.168966249118247,0.979371264659317,1.0565723377669252,0.9940621809569962
0.199,0.0178928935372587,1.0,14.170791406947943,0.9797425403533173,1.056297101705318,0.9940622114877953
0.2,0.0178891435372587,1.0,14.1726058270339,0.9801071052334586,1.0560218768629486,0.9940621102570663
0.201,0.0178853935372587,1.0,14.174409560527657,0.9804651063319882,1.0557466631847996,0.9940618802359298
0.202,0.0178816435372587,1.0,14.17620259143022,0.9808167033965791,1.055471460685273,0.9940615246272916
0.203,0.017877893537258698,1.0,14.17798495130594,0.9811619987819359,1.0551962693296322,0.9940610455132494
0.20400000000000001,0.017874143537258698,1.0,14.179756671739346,0.9815010948427634,1.05492108908314,0.994060444963501
0.20500000000000002,0.0178703935372587,1.0,14.18151778433696,0.9818340939337661,1.054645919911059,0.9940597250359077
0.20600000000000002,0.0178666435372587,1.0,14.183268320724121,0.9821610984096488,1.0543707617786524,0.9940588877770461
0.20700000000000002,0.0178628935372587,1.0,14.185008312547799,0.9824822106251161,1.054095614651183,0.9940579352227497
0.20800000000000002,0.0178591435372587,1.0,14.186737791474862,0.9827975329348727,1.0538204784939138,0.9940568693986357
0.209,0.0178553935372587,1.0,14.188456789192454,0.9831071676936233,1.0535453532721075,0.9940556923206226
0.21,0.0178516435372587,1.0,14.190165337407377,0.9834112172560725,1.0532702389510273,0.9940544059954358
0.211,0.0178478935372587,1.0,14.191863467846934,0.983709783976925,1.0529951354959357,0.9940530124211021
0.212,0.0178441435372587,1.0,14.1935512122576,0.9840029702108855,1.052720042872096,0.9940515135874338
0.213,0.0178403935372587,1.0,14.19522860240585,0.9842908783126586,1.0524449610447708,0.9940499114765003
0.214,0.0178366435372587,1.0,14.196895670077577,0.984573610636949,1.0521698899792231,0.9940482080630925
0.215,0.0178328935372587,1.0,14.198552500311571,0.9848512338873202,1.0518948295857478,0.9940464046281338
0.216,0.0178291435372587,1.0,14.200199134550141,0.9851238568261533,1.0516197798196871,0.9940445032560906
0.217,0.0178253935372587,1.0,14.201835541942524,0.9853916032244018,1.0513447407110443,0.9940425063160208
0.218,0.0178216435372587,1.0,14.203461745588369,0.9856545509953669,1.0510697122341297,0.9940404152880139
0.219,0.0178178935372587,1.0,14.205077768603138,0.9859127780523503,1.050794694363254,0.9940382316468321
0.22,0.0178141435372587,1.0,14.206683634119726,0.9861663623086536,1.0505196870727278,0.9940359568622195
0.221,0.0178103935372587,1.0,14.208279365287398,0.9864153816775783,1.0502446903368619,0.9940335923992067
0.222,0.0178066435372587,1.0,14.209864985272313,0.9866599140724258,1.0499697041299665,0.9940311397184094
0.223,0.0178028935372587,1.0,14.211440517257191,0.9869000374064977,1.0496947284263525,0.9940286002763211
0.224,0.0177991435372587,1.0,14.213005984440963,0.9871358295930956,1.0494197632003304,0.9940259755255997
0.225,0.0177953935372587,1.0,14.21456141003907,0.987367368545521,1.049144808426211,0.9940232669153491
0.226,0.0177916435372587,1.0,14.21610681728336,0.9875947321770754,1.0488698640783045,0.9940204758913951
0.227,0.0177878935372587,1.0,14.217642229421637,0.9878179984010603,1.048594930130922,0.9940176038965559
0.228,0.017784143537258698,1.0,14.219167669718072,0.9880372451307774,1.048320006558374,0.9940146523709065
0.229,0.0177803935372587,1.0,14.220683161453215,0.9882525502795281,1.0480450933349708,0.9940116227520382
0.23,0.0177766435372587,1.0,14.222188758655825,0.9884639460064006,1.0477701904033145,0.9940085155922512
0.231,0.0177728935372587,1.0,14.22368449962309,0.9886715206896816,1.0474952977222616,0.9940053325255311
0.232,0.0177691435372587,1.0,14.225170369091009,0.9888753961102754,1.0472204153059415,0.9940020758302492
0.233,0.0177653935372587,1.0,14.226646383202775,0.9890756295012051,1.0469455431360932,0.9939987465376918
0.234,0.0177616435372587,1.0,14.228112558116287,0.9892722780954936,1.0466706811944553,0.9939953456773173
0.23500000000000001,0.0177578935372587,1.0,14.22956891000335,0.9894653991261634,1.0463958294627662,0.993991874276924
0.23600000000000002,0.0177541435372587,1.0,14.231015455049604,0.9896550498262376,1.0461209879227646,0.9939883333628166
0.23700000000000002,0.0177503935372587,1.0,14.232452209454479,0.989841287428739,1.0458461565561894,0.9939847239599674
0.23800000000000002,0.0177466435372587,1.0,14.23387918943124,0.9900241691666903,1.045571335344779,0.9939810470921776
0.23900000000000002,0.0177428935372587,1.0,14.235296411207674,0.9902037522731145,1.045296524270272,0.9939773037822339
0.24,0.017739143537258698,1.0,14.236703891024177,0.9903800939810343,1.0450217233144072,0.993973495052063
0.241,0.0177353935372587,1.0,14.238101645135918,0.9905532515234725,1.044746932458923,0.9939696219228834
0.242,0.0177316435372587,1.0,14.239489689810304,0.990723282133452,1.0444721516855582,0.9939656854153557
0.243,0.0177278935372587,1.0,14.24086804132951,0.9908902430439956,1.0441973809760512,0.9939616865497266
0.244,0.0177241435372587,1.0,14.242236715988449,0.9910541914881261,1.043922620312141,0.9939576263459762
0.245,0.0177203935372587,1.0,14.243595730096311,0.9912151846988664,1.0436478696755658,0.9939535058239566
0.246,0.0177166435372587,1.0,14.244945099974414,0.9913732799092392,1.0433731290480646,0.9939493260035327
0.247,0.0177128935372587,1.0,14.24628484195835,0.9915285343522674,1.0430983984113757,0.993945087904717
0.248,0.0177091435372587,1.0,14.24761498099654,0.9916810003441038,1.042823677738373,0.993940792452009
0.249,0.0177053935372587,1.0,14.248935653677547,0.9918306766604056,1.042548966886872,0.9939364395258949
0.25,0.0177016435372587,1.0,14.250246751107628,0.991977688199903,1.0422742659677444,0.9939320314655151
0.251,0.0176978935372587,1.0,14.25154828508959,0.9921220759402969,1.0419995749674553,0.9939275689765403
0.252,0.0176941435372587,1.0,14.252840267438526,0.9922638808592892,1.041724893872469,0.9939230527646862
0.253,0.0176903935372587,1.0,14.254122709981269,0.9924031439345808,1.0414502226692506,0.993918483535799
0.254,0.0176866435372587,1.0,14.255395624556353,0.9925399061438734,1.0411755613442646,0.9939138619959412
0.255,0.0176828935372587,1.0,14.256659023014944,0.9926742084648684,1.040900909883976,0.9939091888514748
0.256,0.0176791435372587,1.0,14.257912917220189,0.9928060918752669,1.0406262682748497,0.9939044648091443
0.257,0.0176753935372587,1.0,14.259157319046686,0.9929355973527706,1.0403516365033503,0.9938996905761586
0.258,0.0176716435372587,1.0,14.260392240381401,0.9930627658750807,1.0400770145559426,0.9938948668602698
0.259,0.0176678935372587,1.0,14.261617693123037,0.9931876384198985,1.0398024024190913,0.9938899943698545
0.26,0.0176641435372587,1.0,14.262833689182091,0.9933102559649255,1.0395278000792612,0.9938850738139887
0.261,0.0176603935372587,1.0,14.26404024048058,0.9934306594878631,1.039253207522917,0.9938801059025265
0.262,0.0176566435372587,1.0,14.265237358952108,0.9935488899664128,1.038978624736524,0.9938750913461749
0.263,0.0176528935372587,1.0,14.266425056542813,0.9936649883782757,1.0387040517065464,0.9938700308565674
0.264,0.0176491435372587,1.0,14.267603345209725,0.9937789957011532,1.0384294884194492,0.9938649251463375
0.265,0.017645393537258698,1.0,14.268772236921581,0.993890952912747,1.0381549348616972,0.9938597749291904
0.266,0.0176416435372587,1.0,14.269931743659022,0.9940009009907581,1.037880391019755,0.9938545809199731
0.267,0.0176378935372587,1.0,14.27108196043928,0.994108846788387,1.0376058567945745,0.9938493431609239
0.268,0.0176341435372587,1.0,14.27222285847719,0.9942148538871936,1.0373313322146396,0.9938440628141471
0.269,0.0176303935372587,1.0,14.273354406093114,0.9943189708146885,1.0370568173114199,0.9938387407477974
0.27,0.0176266435372587,1.0,14.274476612006241,0.9944212269100877,1.0367823120747852,0.9938333774523139
0.271,0.0176228935372587,1.0,14.27558948494658,0.9945216515126071,1.0365078164946055,0.993827973418903
0.272,0.0176191435372587,1.0,14.276693033655286,0.9946202739614625,1.0362333305607507,0.9938225291395837
0.273,0.0176153935372587,1.0,14.277787266884005,0.9947171235958695,1.0359588542630904,0.9938170451072319
0.274,0.0176116435372587,1.0,14.278872193395237,0.9948122297550444,1.0356843875914945,0.9938115218156252
0.275,0.0176078935372587,1.0,14.279947821961782,0.9949056217782026,1.035409930535833,0.9938059597594845
0.276,0.0176041435372587,1.0,14.281014161367464,0.9949973290045603,1.0351354830859758,0.9938003594345192
0.277,0.017600393537258698,1.0,14.28207122040673,0.995087380773333,1.0348610452317926,0.9937947213374674
0.278,0.017596643537258698,1.0,14.28311900788436,0.9951758064237369,1.0345866169631532,0.9937890459661377
0.279,0.0175928935372587,1.0,14.28415753261631,0.9952626352949878,1.0343121982699275,0.993783333819452
0.28,0.0175891435372587,1.0,14.285186803427822,0.9953478967263013,1.0340377891419854,0.9937775853974843
0.281,0.0175853935372587,1.0,14.286206829155612,0.9954316200568936,1.0337633895691969,0.993771801201501
0.28200000000000003,0.0175816435372587,1.0,14.287217618646983,0.9955138346259802,1.0334889995414316,0.9937659817340007
0.28300000000000003,0.0175778935372587,1.0,14.288219180759041,0.995594569772777,1.0332146190485594,0.9937601274987526
0.28400000000000003,0.0175741435372587,1.0,14.28921152435954,0.9956738548365002,1.0329402480804502,0.993754239000835
0.28500000000000003,0.0175703935372587,1.0,14.290194677433837,0.9957516983049793,1.0326658866073075,0.9937483163297991
0.28600000000000003,0.0175666435372587,1.0,14.291168684563507,0.9958281065511608,1.0323915345822667,0.993742359532398
0.28700000000000003,0.0175628935372587,1.0,14.292133504335391,0.9959031632390121,1.0321171920469843,0.9937363702035551
0.28800000000000003,0.0175591435372587,1.0,14.293089142616086,0.9959768882658165,1.0318428589944615,0.9937303486655498
0.289,0.0175553935372587,1.0,14.29403560528165,0.996049301528858,1.0315685354177002,0.9937242952414914
0.29,0.0175516435372587,1.0,14.294972898218424,0.9961204229254198,1.0312942213097018,0.9937182102553427
0.291,0.0175478935372587,1.0,14.29590102732192,0.9961902723527856,1.031019916663468,0.993712094031941
0.292,0.0175441435372587,1.0,14.29681999849753,0.9962588697082388,1.0307456214720003,0.9937059468970233
0.293,0.0175403935372587,1.0,14.297729817660997,0.9963262348890631,1.0304713357283004,0.9936997691772465
0.294,0.0175366435372587,1.0,14.298630490737285,0.996392387792542,1.0301970594253695,0.99369356120021
0.295,0.0175328935372587,1.0,14.29952202366093,0.9964573483159591,1.0299227925562098,0.9936873232944785
0.296,0.0175291435372587,1.0,14.300404422376381,0.9965211363565979,1.0296485351138225,0.9936810557896019
0.297,0.0175253935372587,1.0,14.30127769283786,0.9965837718117418,1.029374287091209,0.9936747590161382
0.298,0.0175216435372587,1.0,14.302141841008726,0.9966452745786747,1.0291000484813715,0.9936684333056739
0.299,0.0175178935372587,1.0,14.302996872862431,0.9967056645546799,1.028825819277311,0.9936620789908447
0.3,0.0175141435372587,1.0,14.30384279438189,0.996764961637041,1.0285515994720293,0.9936556964053566
0.301,0.0175103935372587,1.0,14.304679611559331,0.9968231857230414,1.0282773890585282,0.9936492858840058
0.302,0.017506643537258698,1.0,14.305507330396898,0.996880356709965,1.0280031880298088,0.9936428477626994
0.303,0.0175028935372587,1.0,14.306325956906122,0.996936494495095,1.0277289963788732,0.9936363823784746
0.304,0.0174991435372587,1.0,14.307135497107664,0.9969916189757152,1.0274548140987225,0.9936298900695191
0.305,0.0174953935372587,1.0,14.307935957032033,0.997045750049109,1.0271806411823587,0.9936233711751898
0.306,0.0174916435372587,1.0,14.308727342719433,0.99709890761256,1.0269064776227832,0.9936168260360325
0.307,0.0174878935372587,1.0,14.309509660218882,0.9971511115633519,1.0266323234129975,0.9936102549938004
0.308,0.0174841435372587,1.0,14.31028291558943,0.997202381798768,1.0263581785460032,0.9936036583914731
0.309,0.0174803935372587,1.0,14.311047214859341,0.9972527043524193,1.026084042911991,0.9935970358790374
0.31,0.0174766435372587,1.0,14.311802506591409,0.9973021227802381,1.025809916563124,0.9935903882850816
0.311,0.0174728935372587,1.0,14.312548752746263,0.9973506659204633,1.0255357995377894,0.9935837161399128
0.312,0.0174691435372587,1.0,14.3132859577745,0.9973983467402613,1.0252616918306807,0.9935770196496503
0.313,0.0174653935372587,1.0,14.31401412613647,0.997445178206799,1.024987593436491,0.993570299021165
0.314,0.017461643537258698,1.0,14.314733262301525,0.997491173287243,1.0247135043499132,0.9935635544620917
0.315,0.017457893537258698,1.0,14.31544337074861,0.9975363449487601,1.0244394245656403,0.9935567861808382
0.316,0.0174541435372587,1.0,14.316144455965027,0.9975807061585169,1.024165354078366,0.9935499943865974
0.317,0.0174503935372587,1.0,14.316836522447021,0.9976242698836801,1.023891292882783,0.9935431792893573
0.318,0.0174466435372587,1.0,14.317519574700759,0.9976670490914165,1.0236172409735844,0.9935363410999114
0.319,0.0174428935372587,1.0,14.31819361724071,0.9977090567488927,1.0233431983454637,0.99352948002987
0.32,0.0174391435372587,1.0,14.318858654590978,0.9977503058232753,1.0230691649931136,0.9935225962916692
0.321,0.0174353935372587,1.0,14.319514691284432,0.9977908092817311,1.0227951409112273,0.9935156900985824
0.322,0.0174316435372587,1.0,14.3201617318622,0.997830580091427,1.0225211260944982,0.9935087616647302
0.323,0.0174278935372587,1.0,14.320799780875728,0.9978696312195293,1.0222471205376191,0.9935018112050896
0.324,0.0174241435372587,1.0,14.321428842884442,0.9979079756332051,1.0219731242352832,0.9934948389355054
0.325,0.0174203935372587,1.0,14.322048922456956,0.9979456262996208,1.0216991371821837,0.9934878450726985
0.326,0.0174166435372587,1.0,14.322660024171057,0.9979825961859431,1.0214251593730137,0.9934808298342771
0.327,0.0174128935372587,1.0,14.323262152613442,0.9980188982593389,1.0211511908024662,0.9934737934387455
0.328,0.0174091435372587,1.0,14.323855312378596,0.9980545454869747,1.0208772314652346,0.9934667361055143
0.329,0.0174053935372587,1.0,14.324439508071604,0.9980895508360174,1.0206032813560117,0.9934596580549088
0.33,0.0174016435372587,1.0,14.32501474430518,0.9981239272736334,1.0203293404694909,0.9934525595081797
0.331,0.0173978935372587,1.0,14.325581025701629,0.9981576877669897,1.020055408800365,0.9934454406875112
0.332,0.0173941435372587,1.0,14.326138370103429,0.9981908378048289,1.0197814863297459,0.9934383016593494
0.333,0.0173903935372587,1.0,14.326686859981208,0.9982233528063686,1.0195075729723206,0.9934311418594381
0.334,0.0173866435372587,1.0,14.32722640898471,0.9982552980706263,1.0192336688163286,0.9934239626085152
0.335,0.0173828935372587,1.0,14.32775702009392,0.9982866815795083,1.0189597738581866,0.9934167640285967
0.336,0.0173791435372587,1.0,14.328278696297469,0.9983175113149205,1.0186858880943117,0.9934095462422391
0.337,0.0173753935372587,1.0,14.328791440592987,0.9983477952587693,1.0184120115211206,0.993402309372544
0.338,0.0173716435372587,1.0,14.329295255985864,0.9983775413929606,1.018138144135031,0.9933950535431629
0.339,0.017367893537258698,1.0,14.329790145491083,0.9984067576994009,1.0178642859324594,0.9933877788783034
0.34,0.0173641435372587,1.0,14.330276112131868,0.9984354521599961,1.0175904369098228,0.9933804855027324
0.341,0.0173603935372587,1.0,14.330753158939155,0.9984636327566523,1.0173165970635387,0.9933731735417829
0.342,0.0173566435372587,1.0,14.331221288953818,0.9984913074712758,1.0170427663900237,0.993365843121358
0.343,0.0173528935372587,1.0,14.33168050522456,0.9985184842857727,1.016768944885695,0.9933584943679359
0.34400000000000003,0.0173491435372587,1.0,14.332130810808763,0.9985451711820493,1.0164951325469695,0.9933511274085752
0.34500000000000003,0.0173453935372587,1.0,14.332572208772351,0.9985713761420115,1.0162213293702644,0.9933437423709195
0.34600000000000003,0.0173416435372587,1.0,14.333004702189907,0.9985971071475657,1.0159475353519967,0.9933363393832015
0.34700000000000003,0.0173378935372587,1.0,14.333428294144417,0.9986223721806178,1.0156737504885833,0.99332891857425
0.34800000000000003,0.0173341435372587,1.0,14.333842987727499,0.9986471792230741,1.0153999747764413,0.9933214800734916
0.34900000000000003,0.0173303935372587,1.0,14.334248786038781,0.9986715362568407,1.0151262082119878,0.9933140240109586
0.35000000000000003,0.0173266435372587,1.0,14.334645692187118,0.9986954512638239,1.0148524507916399,0.9933065505172906
0.35100000000000003,0.0173228935372587,1.0,14.335033709289483,0.9987189322259296,1.0145787025118143,0.993299059723742
0.352,0.0173191435372587,1.0,14.335412840471555,0.9987419871250641,1.0143049633689283,0.9932915517621849
0.353,0.0173153935372587,1.0,14.335783088866497,0.9987646239431336,1.014031233359399,0.9932840267651138
0.354,0.0173116435372587,1.0,14.336144457617262,0.9987868506620442,1.0137575124796432,0.9932764848656511
0.355,0.0173078935372587,1.0,14.336496949874512,0.9988086752637021,1.013483800726078,0.9932689261975506
0.356,0.0173041435372587,1.0,14.336840568797571,0.9988301057300133,1.0132100980951204,0.9932613508952025
0.357,0.0173003935372587,1.0,14.33717531755382,0.998851150042884,1.0129364045831877,0.993253759093638
0.358,0.0172966435372587,1.0,14.337501199319773,0.9988718161842206,1.0126627201866965,0.9932461509285334
0.359,0.0172928935372587,1.0,14.33781821727948,0.998892112135929,1.012389044902064,0.9932385265362146
0.36,0.0172891435372587,1.0,14.338126374625622,0.9989120458799153,1.0121153787257076,0.9932308860536612
0.361,0.0172853935372587,1.0,14.338425681304727,0.9989316237886233,1.0118417216471132,0.993223229583601
0.362,0.0172816435372587,1.0,14.338716271340683,0.9989508243175119,1.0115680735282833,0.9932155566228436
0.363,0.0172778935372587,1.0,14.338998005891353,0.9989696885089653,1.0112944345116075,0.9932078680269124
0.364,0.0172741435372587,1.0,14.33927088731239,0.9989882210696307,1.0110208045943976,0.9932001638647446
0.365,0.0172703935372587,1.0,14.339534917967379,0.9990064267061551,1.0107471837739646,0.9931924442056388
0.366,0.0172666435372587,1.0,14.339790100228935,0.9990243101251858,1.0104735720476197,0.9931847091192568
0.367,0.0172628935372587,1.0,14.340036436477849,0.9990418760333698,1.010199969412674,0.9931769586756276
0.368,0.0172591435372587,1.0,14.34027392910257,0.9990591291373544,1.0099263758664392,0.9931691929451476
0.369,0.0172553935372587,1.0,14.340502580500688,0.9990760741437866,1.009652791406226,0.993161411998585
0.37,0.0172516435372587,1.0,14.340722393077069,0.9990927157593137,1.0093792160293464,0.9931536159070803
0.371,0.0172478935372587,1.0,14.340933369245823,0.9991090586905826,1.009105649733111,0.9931458047421501
0.372,0.0172441435372587,1.0,14.34113551142844,0.9991251076442408,1.0088320925148315,0.9931379785756883
0.373,0.0172403935372587,1.0,14.341328822055647,0.9991408673269351,1.0085585443718188,0.9931301374799688
0.374,0.0172366435372587,1.0,14.34151330356541,0.9991563424453127,1.0082850053013843,0.9931222815276476
0.375,0.0172328935372587,1.0,14.34168895840417,0.999171537706021,1.0080114753008396,0.9931144107917658
0.376,0.017229143537258698,1.0,14.341855789027198,0.9991864578157069,1.0077379543674954,0.9931065253457502
0.377,0.0172253935372587,1.0,14.342013797897481,0.9992011074810175,1.0074644424986632,0.9930986252634171
0.378,0.0172216435372587,1.0,14.342162987485839,0.9992154914086002,1.0071909396916543,0.9930907106189741
0.379,0.0172178935372587,1.0,14.342303360271778,0.9992296143051019,1.0069174459437802,0.9930827814870218
0.38,0.0172141435372587,1.0,14.342434918743107,0.99924348087717,1.0066439612523517,0.9930748379425561
0.381,0.0172103935372587,1.0,14.342557665395688,0.9992570958314513,1.0063704856146802,0.9930668800609718
0.382,0.0172066435372587,1.0,14.342671602733313,0.9992704638745932,1.0060970190280771,0.9930589079180621
0.383,0.0172028935372587,1.0,14.342776733267801,0.9992835897132427,1.0058235614898539,0.9930509215900232
0.384,0.0171991435372587,1.0,14.342873059519992,0.9992964780540471,1.0055501129973212,0.993042921153455
0.385,0.0171953935372587,1.0,14.342960584018005,0.9993091336036534,1.0052766735477907,0.9930349066853645
0.386,0.0171916435372587,1.0,14.343039309298094,0.9993215610687088,1.0050032431385738,0.9930268782631665
0.387,0.0171878935372587,1.0,14.343109237905509,0.9993337651558605,1.0047298217669813,0.9930188359646865
0.388,0.0171841435372587,1.0,14.343170372392875,0.9993457505717555,1.0044564094303248,0.9930107798681631
0.389,0.017180393537258698,1.0,14.343222715320564,0.9993575220230411,1.0041830061259156,0.9930027100522494
0.39,0.0171766435372587,1.0,14.343266269258645,0.9993690842163643,1.0039096118510646,0.9929946265960149
0.391,0.0171728935372587,1.0,14.343300925476596,0.999380405027798,1.0036362267174352,0.9929865287610697
0.392,0.0171691435372587,1.0,14.34332686573043,0.9993915294153163,1.0033628505382661,0.9929784175175844
0.393,0.0171653935372587,1.0,14.343344086236346,0.999402461383751,1.0030894833174204,0.992970292930654
0.394,0.0171616435372587,1.0,14.343352577695521,0.9994132034746314,1.002816125064435,0.9929621550331574
0.395,0.0171578935372587,1.0,14.343352330818316,0.9994237582294864,1.0025427757888457,0.9929540038581829
0.396,0.0171541435372587,1.0,14.34334333632246,0.9994341281898451,1.002269435500189,0.9929458394390283
0.397,0.0171503935372587,1.0,14.343325584933813,0.9994443158972366,1.0019961042080014,0.9929376618092022
0.398,0.0171466435372587,1.0,14.34329906738627,0.9994543238931899,1.001722781921819,0.9929294710024252
0.399,0.0171428935372587,1.0,14.343263774421548,0.9994641547192342,1.0014494686511786,0.9929212670526307
0.4,0.0171391435372587,1.0,14.343219696789822,0.9994738109168984,1.001176164405616,0.9929130499939662
0.401,0.017135393537258698,1.0,14.343166825248899,0.9994832950277115,1.0009028691946682,0.9929048198607945
0.402,0.0171316435372587,1.0,14.343105150565966,0.9994926095932027,1.0006295830278709,0.9928965766876935
0.403,0.0171278935372587,1.0,14.34303466351467,0.9995017571549011,1.0003563059147607,0.9928883205094589
0.404,0.0171241435372587,1.0,14.342955354877967,0.9995107402543356,1.000083037864874,0.9928800513611042
0.405,0.0171203935372587,1.0,14.342867215446562,0.9995195614330353,0.9998097788877471,0.9928717692778621
0.406,0.0171166435372587,1.0,14.34277023601991,0.9995282232325293,0.9995365289929165,0.9928634742951856
0.40700000000000003,0.0171128935372587,1.0,14.342664407405396,0.9995367281943467,0.9992632881899184,0.9928551664487479
0.40800000000000003,0.0171091435372587,1.0,14.342549720418846,0.9995450788600164,0.9989900564882891,0.9928468457744455
0.40900000000000003,0.0171053935372587,1.0,14.342426165884316,0.9995532777710676,0.998716833897565,0.9928385123083971
0.41000000000000003,0.0171016435372587,1.0,14.342293734634362,0.9995613274690293,0.9984436204272826,0.9928301660869462
0.41100000000000003,0.0170978935372587,1.0,14.342152417509944,0.9995692304954304,0.9981704160869782,0.992821807146661
0.41200000000000003,0.0170941435372587,1.0,14.342002205360592,0.9995769893918004,0.9978972208861879,0.992813435524336
0.41300000000000003,0.017090393537258698,1.0,14.341843089043795,0.9995846066996679,0.9976240348344484,0.9928050512569929
0.41400000000000003,0.0170866435372587,1.0,14.34167505942641,0.9995920849605621,0.9973508579412959,0.9927966543818814
0.41500000000000004,0.0170828935372587,1.0,14.341498107382701,0.9995994267160121,0.9970776902162666,0.9927882449364808
0.41600000000000004,0.0170791435372587,1.0,14.341312223796225,0.999606634507547,0.996804531668897,0.9927798229584995
0.417,0.0170753935372587,1.0,14.34111739955912,0.9996137108766958,0.9965313823087236,0.9927713884858784
0.418,0.0170716435372587,1.0,14.340913625571886,0.9996206583649875,0.9962582421452826,0.9927629415567897
0.419,0.0170678935372587,1.0,14.340700892743907,0.9996274795139513,0.9959851111881102,0.9927544822096387
0.42,0.0170641435372587,1.0,14.340479191992747,0.999634176865116,0.995711989446743,0.9927460104830649
0.421,0.0170603935372587,1.0,14.340248514245395,0.9996407529600109,0.9954388769307172,0.9927375264159429
0.422,0.0170566435372587,1.0,14.340008850436837,0.9996472103401649,0.9951657736495693,0.9927290300473832
0.423,0.0170528935372587,1.0,14.339760191511424,0.9996535515471072,0.9948926796128355,0.9927205214167336
0.424,0.0170491435372587,1.0,14.339502528421674,0.9996597791223668,0.9946195948300522,0.9927120005635797
0.425,0.0170453935372587,1.0,14.339235852129661,0.9996658956074728,0.9943465193107558,0.9927034675277462
0.426,0.017041643537258698,1.0,14.33896015360568,0.9996719035439541,0.9940734530644826,0.9926949223492971
0.427,0.0170378935372587,1.0,14.338675423829391,0.9996778054733398,0.993800396100769,0.9926863650685382
0.428,0.0170341435372587,1.0,14.338381715534362,0.9996835984149314,0.9935273483657052,0.9926777955954974
0.429,0.0170303935372587,1.0,14.33807919344567,0.9996892763327864,0.9932543096903126,0.992669213764992
0.43,0.0170266435372587,1.0,14.337767727469886,0.9996948563283998,0.9929812802085562,0.9926606199604432
0.431,0.0170228935372587,1.0,14.33744731858988,0.9997003396833852,0.9927082599197259,0.9926520141934048
0.432,0.0170191435372587,1.0,14.337117967797122,0.9997057276793561,0.9924352488231107,0.9926433964755379
0.433,0.0170153935372587,1.0,14.336779676091536,0.9997110215979261,0.9921622469180001,0.9926347668186127
0.434,0.0170116435372587,1.0,14.336432444480897,0.9997162227207088,0.9918892542036837,0.9926261252345076
0.435,0.0170078935372587,1.0,14.336076273982176,0.9997213323293177,0.9916162706794505,0.9926174717352101
0.436,0.0170041435372587,1.0,14.335711165619696,0.9997263517053665,0.9913432963445901,0.9926088063328179
0.437,0.0170003935372587,1.0,14.33533712042685,0.9997312821304687,0.9910703311983917,0.9926001290395385
0.438,0.0169966435372587,1.0,14.334954139445117,0.9997361248862379,0.990797375240145,0.9925914398676899
0.439,0.0169928935372587,1.0,14.334562223723928,0.9997408812542875,0.9905244284691391,0.9925827388297012
0.44,0.0169891435372587,1.0,14.334161374321784,0.9997455525162313,0.9902514908846635,0.992574025938113
0.441,0.0169853935372587,1.0,14.33375159230477,0.9997501399536828,0.9899785624860075,0.9925653012055773
0.442,0.0169816435372587,1.0,14.333332878748033,0.9997546448482556,0.9897056432724605,0.9925565646448593
0.443,0.0169778935372587,1.0,14.332905234734293,0.9997590684815632,0.9894327332433119,0.9925478162688361
0.444,0.0169741435372587,1.0,14.332468661354964,0.9997634121352192,0.9891598323978512,0.992539056090499
0.445,0.0169703935372587,1.0,14.33202315971002,0.9997676770908372,0.9888869407353675,0.9925302841229516
0.446,0.0169666435372587,1.0,14.331568730907254,0.9997718646300308,0.9886140582551505,0.992521500379413
0.447,0.0169628935372587,1.0,14.331105376063135,0.9997759760344135,0.9883411849564893,0.9925127048732163
0.448,0.0169591435372587,1.0,14.33063309630208,0.9997800125855989,0.9880683208386735,0.9925038976178092
0.449,0.0169553935372587,1.0,14.330151892757296,0.9997839755652006,0.9877954659009922,0.9924950786267559
0.45,0.016951643537258698,1.0,14.329661766569812,0.9997878662548322,0.9875226201427351,0.9924862479137351
0.451,0.0169478935372587,1.0,14.329162718889439,0.9997916859361072,0.9872497835631914,0.9924774054925434
0.452,0.0169441435372587,1.0,14.32865475087368,0.9997954358906392,0.9869769561616504,0.9924685513770931
0.453,0.0169403935372587,1.0,14.328137863688951,0.9997991174000418,0.9867041379374016,0.9924596855814138
0.454,0.0169366435372587,1.0,14.327612058509345,0.9998027317459285,0.9864313288897345,0.9924508081196535
0.455,0.0169328935372587,1.0,14.327077336517991,0.999806280209913,0.9861585290179382,0.9924419190060773
0.456,0.0169291435372587,1.0,14.32653369890569,0.9998097640736088,0.9858857383213023,0.9924330182550699
0.457,0.0169253935372587,1.0,14.325981146871904,0.9998131846186294,0.9856129567991161,0.9924241058811345
0.458,0.0169216435372587,1.0,14.325419681624133,0.9998165431265885,0.985340184450669,0.9924151818988936
0.459,0.0169178935372587,1.0,14.324849304378166,0.9998198408790996,0.9850674212752504,0.9924062463230897
0.46,0.0169141435372587,1.0,14.324270016358316,0.9998230791577764,0.9847946672721495,0.9923972991685861
0.461,0.0169103935372587,1.0,14.323681818797056,0.9998262592442322,0.9845219224406558,0.9923883404503663
0.462,0.0169066435372587,1.0,14.323084712935138,0.9998293824200808,0.9842491867800588,0.9923793701835354
0.463,0.016902893537258698,1.0,14.322478700021342,0.9998324499669358,0.9839764602896477,0.9923703883833199
0.464,0.0168991435372587,1.0,14.32186378131334,0.9998354631664106,0.983703742968712,0.9923613950650685
0.465,0.0168953935372587,1.0,14.32123995807621,0.999838423300119,0.983431034816541,0.9923523902442526
0.466,0.0168916435372587,1.0,14.320607275258743,0.9998413179993081,0.983158335787519,0.9923433736029994
0.467,0.0168878935372587,1.0,14.319965725077942,0.9998441540033488,0.9828856458902528,0.9923343452890548
0.468,0.0168841435372587,1.0,14.319315276701719,0.9998469426454122,0.9826129651570584,0.9923253055636797
0.46900000000000003,0.0168803935372587,1.0,14.318655931140576,0.9998496844821526,0.9823402935875213,0.992316254425313
0.47000000000000003,0.0168766435372587,1.0,14.317987689412814,0.9998523800702246,0.982067631181227,0.9923071918724368
0.47100000000000003,0.0168728935372587,1.0,14.3173105525455,0.9998550299662828,0.9817949779377612,0.9922981179035756
0.47200000000000003,0.0168691435372587,1.0,14.316624521574118,0.9998576347269816,0.9815223338567091,0.992289032517297
0.47300000000000003,0.0168653935372587,1.0,14.315929597541556,0.9998601949089758,0.9812496989376566,0.9922799357122122
0.47400000000000003,0.0168616435372587,1.0,14.315225781500097,0.9998627110689196,0.980977073180189,0.9922708274869746
0.47500000000000003,0.016857893537258698,1.0,14.31451307450943,0.9998651837634677,0.9807044565838919,0.9922617078402818
0.47600000000000003,0.016854143537258698,1.0,14.313791477638027,0.9998676135492747,0.980431849148351,0.992252576770875
0.47700000000000004,0.0168503935372587,1.0,14.313060991962498,0.9998700009829948,0.9801592508731517,0.9922434342775387
0.47800000000000004,0.0168466435372587,1.0,14.31232161856761,0.9998723466212829,0.9798866617578794,0.9922342803591018
0.47900000000000004,0.0168428935372587,1.0,14.311573358546278,0.9998746510207934,0.97961408180212,0.9922251150144374
0.48,0.0168391435372587,1.0,14.310816213000052,0.9998769147381807,0.9793415110054587,0.9922159382424628
0.481,0.0168353935372587,1.0,14.31005018303864,0.9998791383300996,0.9790689493674812,0.9922067500421399
0.482,0.0168316435372587,1.0,14.309275269780004,0.9998813223532044,0.9787963968877731,0.9921975504124746
0.483,0.0168278935372587,1.0,14.308491474350264,0.9998834673641497,0.9785238535659198,0.9921883393525189
0.484,0.0168241435372587,1.0,14.307698797883917,0.9998855739195899,0.9782513194015069,0.9921791168613685
0.485,0.0168203935372587,1.0,14.306897241523608,0.9998876425761798,0.9779787943941199,0.9921698829381653
0.486,0.0168166435372587,1.0,14.306086806420366,0.9998896738905737,0.9777062785433445,0.9921606375820963
0.487,0.016812893537258698,1.0,14.305267493733485,0.9998916684194262,0.977433771848766,0.9921513807923936
0.488,0.0168091435372587,1.0,14.30443930463076,0.9998936267193919,0.9771612743099701,0.9921421125683358
0.489,0.0168053935372587,1.0,14.303602240287391,0.9998955493471252,0.9768887859265423,0.9921328329092468
0.49,0.0168016435372587,1.0,14.302756301887571,0.9998974368592807,0.9766163066980682,0.992123541814497
0.491,0.0167978935372587,1.0,14.301901490623875,0.999899289812513,0.9763438366241332,0.9921142392835025
0.492,0.0167941435372587,1.0,14.301037807696392,0.9999011087634764,0.976071375704323,0.9921049253157266
0.493,0.0167903935372587,1.0,14.300165254314454,0.9999028942688256,0.975798923938223,0.9920955999106784
0.494,0.0167866435372587,1.0,14.299283831694657,0.9999046468852152,0.9755264813254189,0.9920862630679148
0.495,0.0167828935372587,1.0,14.29839354106259,0.9999063671692996,0.975254047865496,0.9920769147870389
0.496,0.0167791435372587,1.0,14.297494383651603,0.9999080556777333,0.9749816235580401,0.9920675550677008
0.497,0.0167753935372587,1.0,14.296586360703664,0.9999097129671709,0.9747092084026366,0.9920581839095988
0.498,0.0167716435372587,1.0,14.295669473468738,0.9999113395942669,0.9744368023988711,0.9920488013124781
0.499,0.0167678935372587,1.0,14.294743723205286,0.9999129361156759,0.974164405546329,0.9920394072761314
0.5,0.016764143537258698,1.0,14.293809111179405,0.9999145030880524,0.9738920178445961,0.9920300018003999
0.501,0.0167603935372587,1.0,14.292865638666658,0.9999160410680509,0.9736196392932577,0.9920205848851725
0.502,0.0167566435372587,1.0,14.291913306949256,0.9999175506123258,0.9733472698918995,0.9920111565303862
0.503,0.0167528935372587,1.0,14.290952117318882,0.9999190322775319,0.9730749096401069,0.9920017167360264
0.504,0.0167491435372587,1.0,14.289982071074972,0.9999204866203234,0.9728025585374656,0.9919922655021279
0.505,0.0167453935372587,1.0,14.289003169525193,0.9999219141973551,0.972530216583561,0.9919828028287729
0.506,0.0167416435372587,1.0,14.288015413985702,0.9999233155652815,0.9722578837779787,0.9919733287160937
0.507,0.0167378935372587,1.0,14.287018805780646,0.999924691280757,0.9719855601203042,0.9919638431642712
0.508,0.0167341435372587,1.0,14.286013346242527,0.9999260419004362,0.9717132456101232,0.9919543461735355
0.509,0.0167303935372587,1.0,14.28499903671209,0.9999273679809737,0.971440940247021,0.9919448377441665
0.51,0.0167266435372587,1.0,14.283975878538058,0.9999286700790239,0.9711686440305832,0.9919353178764939
0.511,0.0167228935372587,1.0,14.28294387307776,0.9999299487512413,0.9708963569603956,0.9919257865708966
0.512,0.016719143537258698,1.0,14.281903021696634,0.9999312045542806,0.9706240790360434,0.9919162438278042
0.513,0.0167153935372587,1.0,14.280853325768339,0.9999324380447963,0.9703518102571124,0.9919066896476961
0.514,0.0167116435372587,1.0,14.27979478667453,0.9999336497794427,0.9700795506231878,0.991897124031102
0.515,0.0167078935372587,1.0,14.278727405805322,0.9999348403148746,0.9698073001338556,0.9918875469786028
0.516,0.0167041435372587,1.0,14.277651184559062,0.9999360102077463,0.969535058788701,0.9918779584908297
0.517,0.0167003935372587,1.0,14.276566124342324,0.9999371600147126,0.9692628265873097,0.9918683585684647
0.518,0.0166966435372587,1.0,14.275472226569773,0.9999382902924278,0.9689906035292671,0.991858747212241
0.519,0.0166928935372587,1.0,14.274369546002424,0.9999393872313644,0.9687183895592295,0.9918491240492867
0.52,0.0166891435372587,1.0,14.273258033928059,0.9999404650292872,0.9684461847284175,0.9918394894343199
0.521,0.0166853935372587,1.0,14.272137685692192,0.9999415253838255,0.9681739890426923,0.9918298433979741
0.522,0.0166816435372587,1.0,14.271008502168709,0.9999425684832053,0.9679018025022307,0.9918201859316802
0.523,0.0166778935372587,1.0,14.269870484240052,0.9999435945156527,0.9676296251072094,0.991810517026877
0.524,0.016674143537258698,1.0,14.26872363279637,0.9999446036693938,0.9673574568578054,0.9918008366750103
0.525,0.0166703935372587,1.0,14.267567948737101,0.9999455961326545,0.9670852977541953,0.9917911448675336
0.526,0.0166666435372587,1.0,14.266403432968408,0.9999465720936611,0.966813147796556,0.9917814415959076
0.527,0.0166628935372587,1.0,14.265230086406245,0.9999475317406397,0.9665410069850643,0.9917717268516014
0.528,0.0166591435372587,1.0,14.264047909974508,0.9999484752618161,0.9662688753198969,0.9917620006260905
0.529,0.0166553935372587,1.0,14.262856904605044,0.9999494028454166,0.9659967528012307,0.9917522629108594
0.53,0.0166516435372587,1.0,14.261657071238268,0.9999503146796672,0.9657246394292424,0.9917425136973993
0.531,0.0166478935372587,1.0,14.260448410822907,0.999951210952794,0.9654525352041089,0.9917327529772101
0.532,0.0166441435372587,1.0,14.259230924316252,0.9999520918530231,0.9651804401260068,0.9917229807417991
0.533,0.0166403935372587,1.0,14.258004612683308,0.9999529575685805,0.9649083541951131,0.9917131969826811
0.534,0.0166366435372587,1.0,14.256769476897759,0.9999538082876923,0.9646362774116046,0.9917034016913799
0.535,0.0166328935372587,1.0,14.255525517941859,0.9999546441985846,0.964364209775658,0.9916935948594265
0.536,0.0166291435372587,1.0,14.25427273680569,0.9999554654894836,0.96409215128745,0.99168377647836
0.537,0.016625393537258698,1.0,14.253011134488025,0.9999562723486151,0.9638201019471575,0.991673946539728
0.538,0.0166216435372587,1.0,14.251740711995955,0.9999570649642053,0.9635480617549574,0.991664105035086
0.539,0.0166178935372587,1.0,14.250461470344415,0.9999578435244804,0.9632760307110263,0.9916542519559975
0.54,0.0166141435372587,1.0,14.249173410557013,0.9999586082176662,0.9630040088155412,0.991644387294035
0.541,0.0166103935372587,1.0,14.247876533665814,0.9999593592319891,0.9627319960686787,0.9916345110407787
0.542,0.0166066435372587,1.0,14.246570840711085,0.9999600967556749,0.9624599924706156,0.9916246231878176
0.543,0.0166028935372587,1.0,14.245256332741418,0.9999608209769498,0.9621879980215289,0.9916147237267484
0.544,0.0165991435372587,1.0,14.243933010813723,0.9999615320840399,0.9619160127215951,0.9916048126491772
0.545,0.0165953935372587,1.0,14.242600875992995,0.9999622302651713,0.9616440365709913,0.9915948899467181
0.546,0.0165916435372587,1.0,14.24125992935317,0.99996291570857,0.9613720695698941,0.9915849556109938
0.547,0.0165878935372587,1.0,14.239910171975893,0.999963588602462,0.9611001117184802,0.9915750096336357
0.548,0.0165841435372587,1.0,14.238551604951265,0.9999642491350736,0.9608281630169266,0.991565052006284
0.549,0.016580393537258698,1.0,14.237184229377958,0.9999648974946307,0.9605562234654101,0.9915550827205876
0.55,0.016576643537258698,1.0,14.235808046362843,0.9999655338693594,0.9602842930641075,0.9915451017682042
0.551,0.0165728935372587,1.0,14.234423057021372,0.9999661584474857,0.9600123718131953,0.9915351091408005
0.552,0.0165691435372587,1.0,14.233029262476473,0.9999667714172359,0.9597404597128506,0.9915251048300516
0.553,0.0165653935372587,1.0,14.231626663860247,0.9999673729668359,0.9594685567632502,0.9915150888276419
0.554,0.0165616435372587,1.0,14.230215262313017,0.9999679632845118,0.9591966629645706,0.9915050611252653
0.555,0.0165578935372587,1.0,14.228795058983062,0.9999685425584897,0.958924778316989,0.9914950217146238
0.556,0.0165541435372587,1.0,14.227366055027364,0.9999691109769957,0.9586529028206818,0.9914849705874291
0.557,0.0165503935372587,1.0,14.225928251611233,0.9999696687282558,0.9583810364758261,0.9914749077354021
0.558,0.0165466435372587,1.0,14.224481649907947,0.9999702160004961,0.9581091792825984,0.9914648331502729
0.559,0.0165428935372587,1.0,14.223026251099487,0.9999707529819427,0.9578373312411758,0.9914547468237808
0.56,0.0165391435372587,1.0,14.221562056375792,0.9999712798608217,0.9575654923517349,0.9914446487476742
0.561,0.016535393537258698,1.0,14.220089066935634,0.9999717968253592,0.9572936626144526,0.9914345389137111
0.562,0.0165316435372587,1.0,14.218607283986115,0.9999723040637811,0.9570218420295056,0.9914244173136593
0.5630000000000001,0.016527893537258698,1.0,14.21711670874145,0.9999728017643137,0.9567500305970708,0.9914142839392959
0.5640000000000001,0.0165241435372587,1.0,14.21561734242627,0.9999732901151829,0.9564782283173248,0.991404138782407
0.5650000000000001,0.0165203935372587,1.0,14.214109186271703,0.9999737693046148,0.9562064351904446,0.9913939818347889
0.5660000000000001,0.0165166435372587,1.0,14.212592241518076,0.9999742395208356,0.9559346512166069,0.9913838130882475
0.5670000000000001,0.0165128935372587,1.0,14.211066509414051,0.9999747009520713,0.9556628763959886,0.9913736325345985
0.5680000000000001,0.0165091435372587,1.0,14.209531991216384,0.9999751537865479,0.9553911107287663,0.991363440165667
0.5690000000000001,0.0165053935372587,1.0,14.207988688190413,0.9999755982124916,0.9551193542151168,0.9913532359732885
0.5700000000000001,0.0165016435372587,1.0,14.206436601609452,0.9999760344181284,0.9548476068552172,0.9913430199493075
0.5710000000000001,0.0164978935372587,1.0,14.20487573275539,0.9999764625916844,0.954575868649244,0.9913327920855793
0.5720000000000001,0.0164941435372587,1.0,14.203306082918832,0.9999768829213856,0.954304139597374,0.9913225523739692
0.5730000000000001,0.0164903935372587,1.0,14.201727653397866,0.9999772955954582,0.9540324196997843,0.9913123008063518
0.5740000000000001,0.016486643537258698,1.0,14.200140445499772,0.9999777008021283,0.9537607089566512,0.9913020373746123
0.5750000000000001,0.0164828935372587,1.0,14.19854446053969,0.9999780987296218,0.9534890073681519,0.9912917620706463
0.5760000000000001,0.0164791435372587,1.0,14.196939699840849,0.9999784895661649,0.953217314934463,0.9912814748863594
0.577,0.0164753935372587,1.0,14.195326164735445,0.9999788734999836,0.9529456316557615,0.9912711758136672
0.578,0.0164716435372587,1.0,14.193703856564,0.999979250719304,0.9526739575322238,0.9912608648444958
0.579,0.0164678935372587,1.0,14.192072776674658,0.9999796214123523,0.9524022925640271,0.9912505419707819
0.58,0.0164641435372587,1.0,14.190432926424645,0.9999799857673545,0.952130636751348,0.9912402071844726
0.581,0.0164603935372587,1.0,14.188784307179152,0.9999803439725365,0.9518589900943634,0.9912298604775251
0.582,0.0164566435372587,1.0,14.18712692031209,0.9999806962161246,0.9515873525932498,0.991219501841908
0.583,0.0164528935372587,1.0,14.185460767205106,0.9999810426863448,0.9513157242481843,0.9912091312695996
0.584,0.0164491435372587,1.0,14.183785852205638,0.9999813835063848,0.9510441050562888,0.9911987487506568
0.585,0.0164453935372587,1.0,14.182102247518891,0.9999817169996514,0.9507724949445834,0.9911883542221441
0.586,0.0164416435372587,1.0,14.180409871004588,0.9999820448215677,0.9505008939995564,0.9911779477202437
0.587,0.0164378935372587,1.0,14.178708723762997,0.9999823670427891,0.9502293022217112,0.991167529233651
0.588,0.0164341435372587,1.0,14.176998806904283,0.9999826837339713,0.949957719611551,0.9911570987510581
0.589,0.0164303935372587,1.0,14.175280121546091,0.9999829949657699,0.949686146169579,0.9911466562611511
0.59,0.0164266435372587,1.0,14.173552668815113,0.9999833008088406,0.9494145818962987,0.9911362017526129
0.591,0.0164228935372587,1.0,14.171816449846133,0.9999836013338391,0.9491430267922132,0.9911257352141212
0.592,0.0164191435372587,1.0,14.17007146578262,0.9999838966114211,0.9488714808578257,0.9911152566343496
0.593,0.0164153935372587,1.0,14.168317717776253,0.9999841867122421,0.9485999440936397,0.9911047660019667
0.594,0.0164116435372587,1.0,14.166555206987402,0.9999844717069579,0.9483284165001582,0.9910942633056369
0.595,0.0164078935372587,1.0,14.164783934584658,0.999984751666224,0.9480568980778846,0.9910837485340204
0.596,0.0164041435372587,1.0,14.163003901745178,0.9999850266606963,0.9477853888273223,0.9910732216757723
0.597,0.0164003935372587,1.0,14.161215109654583,0.9999852967610303,0.9475138887489745,0.9910626827195442
0.598,0.0163966435372587,1.0,14.159417559507194,0.9999855620378816,0.9472423978433442,0.9910521316539824
0.599,0.0163928935372587,1.0,14.157611252505307,0.999985822561906,0.9469709161109351,0.9910415684677293
0.6,0.0163891435372587,1.0,14.155796189859913,0.9999860784037591,0.9466994435522501,0.9910309931494227
0.601,0.0163853935372587,1.0,14.15397237279036,0.9999863296340965,0.9464279801677928,0.991020405687696
0.602,0.0163816435372587,1.0,14.152139802524811,0.9999865763235739,0.9461565259580662,0.9910098060711787
0.603,0.0163778935372587,1.0,14.15029848029942,0.9999868185428471,0.9458850809235738,0.9909991942884955
0.604,0.0163741435372587,1.0,14.148448407359409,0.9999870563625715,0.9456136450648186,0.9909885703282664
0.605,0.0163703935372587,1.0,14.146589584957743,0.9999872898534029,0.9453422183823041,0.9909779341791083
0.606,0.0163666435372587,1.0,14.144722014356343,0.999987519085997,0.9450708008765336,0.9909672858296324
0.607,0.0163628935372587,1.0,14.142845696825482,0.9999877441310094,0.9447993925480102,0.9909566252684464
0.608,0.0163591435372587,1.0,14.140960633644026,0.9999879650590957,0.9445279933972371,0.990945952484154
0.609,0.0163553935372587,1.0,14.13906682609895,0.9999881819409117,0.944256603424718,0.9909352674653538
0.61,0.0163516435372587,1.0,14.137164275486196,0.9999883948471129,0.9439852226309556,0.9909245702006407
0.611,0.016347893537258698,1.0,14.1352529831097,0.9999886038483551,0.9437138510164537,0.9909138606786053
0.612,0.0163441435372587,1.0,14.1333329502826,0.9999888090152939,0.9434424885817152,0.990903138887834
0.613,0.0163403935372587,1.0,14.131404178325303,0.9999890104185849,0.9431711353272435,0.9908924048169088
0.614,0.0163366435372587,1.0,14.129466668567915,0.9999892081288838,0.9428997912535418,0.990881658454408
0.615,0.0163328935372587,1.0,14.127520422348299,0.9999894022168463,0.9426284563611136,0.9908708997889049
0.616,0.0163291435372587,1.0,14.125565441013164,0.999989592753128,0.942357130650462,0.9908601288089696
0.617,0.0163253935372587,1.0,14.12360172591771,0.9999897798083847,0.9420858141220902,0.9908493455031673
0.618,0.0163216435372587,1.0,14.12162927842526,0.9999899634532718,0.9418145067765016,0.9908385498600595
0.619,0.0163178935372587,1.0,14.11964809990799,0.9999901437584452,0.9415432086141995,0.9908277418682033
0.62,0.0163141435372587,1.0,14.11765819174645,0.9999903207945604,0.941271919635687,0.9908169215161522
0.621,0.0163103935372587,1.0,14.115659555329563,0.9999904946322732,0.9410006398414675,0.9908060887924551
0.622,0.0163066435372587,1.0,14.113652192055106,0.9999906653422391,0.9407293692320443,0.990795243685657
0.623,0.0163028935372587,1.0,14.111636103329115,0.9999908329951138,0.9404581078079206,0.9907843861842989
0.624,0.016299143537258698,1.0,14.10961129056551,0.9999909976615531,0.9401868555695997,0.9907735162769179
0.625,0.0162953935372587,1.0,14.10757775518818,0.9999911594122125,0.9399156125175848,0.9907626339520466
0.626,0.0162916435372587,1.0,14.105535498628164,0.9999913183177478,0.9396443786523793,0.9907517391982139
0.627,0.0162878935372587,1.0,14.103484522325504,0.9999914744488144,0.9393731539744864,0.9907408320039455
0.628,0.0162841435372587,1.0,14.101424822774892,0.9999916274672526,0.9391019384895423,0.9907299123459526
0.629,0.0162803935372587,1.0,14.099356392550847,0.9999917769362103,0.9388307322072555,0.9907189801981486
0.63,0.0162766435372587,1.0,14.09727924364456,0.9999919239247788,0.938559535117225,0.990708035577928
0.631,0.0162728935372587,1.0,14.095193376920653,0.9999920684616079,0.9382883472205864,0.9906970784725951
0.632,0.0162691435372587,1.0,14.09309879325257,0.9999922105753475,0.9380171685184752,0.9906861088694452
0.633,0.0162653935372587,1.0,14.090995493522225,0.9999923502946475,0.937745999012027,0.9906751267557636
0.634,0.0162616435372587,1.0,14.08888347862059,0.9999924876481577,0.9374748387023776,0.9906641321188263
0.635,0.0162578935372587,1.0,14.086762749447223,0.999992622664528,0.9372036875906622,0.9906531249458995
0.636,0.0162541435372587,1.0,14.084633306910277,0.9999927553724084,0.9369325456780168,0.99064210522424
0.637,0.0162503935372587,1.0,14.08249515192638,0.9999928858004485,0.9366614129655767,0.9906310729410951
0.638,0.0162466435372587,1.0,14.080348285421358,0.9999930139772983,0.9363902894544777,0.9906200280837023
0.639,0.0162428935372587,1.0,14.078192708329519,0.9999931399316079,0.9361191751458552,0.9906089706392899
0.64,0.0162391435372587,1.0,14.076028421594017,0.9999932636920268,0.9358480700408449,0.9905979005950764
0.641,0.0162353935372587,1.0,14.073855426166617,0.999993385287205,0.9355769741405825,0.9905868179382704
0.642,0.0162316435372587,1.0,14.071673723007931,0.9999935047457925,0.9353058874462035,0.9905757226560719
0.643,0.0162278935372587,1.0,14.069483313087193,0.999993622096439,0.9350348099588434,0.9905646147356704
0.644,0.0162241435372587,1.0,14.067284197382373,0.9999937373677945,0.9347637416796378,0.9905534941642461
0.645,0.0162203935372587,1.0,14.065076376880183,0.9999938505885089,0.9344926826097225,0.9905423609289702
0.646,0.0162166435372587,1.0,14.062859852576445,0.9999939617872319,0.9342216327502328,0.9905312150170031
0.647,0.0162128935372587,1.0,14.060634625475004,0.9999940709926134,0.9339505921023047,0.9905200564154972
0.648,0.016209143537258698,1.0,14.058400696589185,0.9999941782333034,0.9336795606670734,0.9905088851115943
0.649,0.0162053935372587,1.0,14.056158066940709,0.9999942835379516,0.9334085384456746,0.9904977010924266
0.65,0.0162016435372587,1.0,14.053906737559933,0.999994386935208,0.933137525439244,0.9904865043451175
0.651,0.0161978935372587,1.0,14.051646709486095,0.9999944884537225,0.9328665216489171,0.99047529485678
0.652,0.0161941435372587,1.0,14.04937798376745,0.9999945881221449,0.9325955270758296,0.9904640726145181
0.653,0.0161903935372587,1.0,14.047100561460656,0.9999946859691251,0.932324541721117,0.9904528376054258
0.654,0.0161866435372587,1.0,14.044814443631507,0.9999947820233128,0.9320535655859149,0.9904415898165884
0.655,0.0161828935372587,1.0,14.042519631354455,0.9999948763133581,0.9317825986713588,0.9904303292350802
0.656,0.0161791435372587,1.0,14.040216125712249,0.999994968867911,0.9315116409785845,0.9904190558479674
0.657,0.0161753935372587,1.0,14.037903927797146,0.9999950597156209,0.9312406925087275,0.9904077696423058
0.658,0.0161716435372587,1.0,14.035583038709834,0.999995148885138,0.9309697532629234,0.990396470605142
0.659,0.0161678935372587,1.0,14.033253459559903,0.9999952364051121,0.9306988232423078,0.9903851587235125
0.66,0.016164143537258698,1.0,14.030915191465505,0.9999953223041931,0.9304279024480162,0.9903738339844452
0.661,0.016160393537258698,1.0,14.028568235553706,0.9999954066110308,0.9301569908811844,0.9903624963749573
0.662,0.0161566435372587,1.0,14.026212592960858,0.9999954893542752,0.9298860885429477,0.9903511458820577
0.663,0.0161528935372587,1.0,14.023848264831154,0.999995570562576,0.929615195434442,0.9903397824927443
0.664,0.0161491435372587,1.0,14.021475252318313,0.9999956502645833,0.9293443115568027,0.9903284061940071
0.665,0.0161453935372587,1.0,14.01909355658463,0.9999957284889467,0.9290734369111655,0.9903170169728248
0.666,0.0161416435372587,1.0,14.016703178801464,0.9999958052643162,0.9288025714986659,0.990305614816168
0.667,0.0161378935372587,1.0,14.014304120148617,0.9999958806193416,0.9285317153204395,0.9902941997109967
0.668,0.0161341435372587,1.0,14.011896381814836,0.999995954582673,0.928260868377622,0.9902827716442621
0.669,0.0161303935372587,1.0,14.009479964997947,0.99999602718296,0.9279900306713489,0.9902713306029053
0.67,0.0161266435372587,1.0,14.007054870904351,0.9999960984488526,0.9277192022027557,0.9902598765738584
0.671,0.0161228935372587,1.0,14.00462110074917,0.9999961684090006,0.9274483829729783,0.9902484095440434
0.672,0.0161191435372587,1.0,14.002178655756717,0.999996237092054,0.927177572983152,0.9902369295003729
0.673,0.0161153935372587,1.0,13.999727537159906,0.9999963045266625,0.9269067722344125,0.9902254364297504
0.674,0.016111643537258698,1.0,13.997267746200254,0.9999963707414762,0.9266359807278954,0.9902139303190689
0.675,0.0161078935372587,1.0,13.994799284128971,0.9999964357651447,0.9263651984647364,0.9902024111552129
0.676,0.0161041435372587,1.0,13.992322152205025,0.9999964996263181,0.9260944254460709,0.9901908789250567
0.677,0.0161003935372587,1.0,13.989836351697209,0.9999965623536462,0.9258236616730345,0.9901793336154651
0.678,0.0160966435372587,1.0,13.987341883882324,0.9999966239757787,0.925552907146763,0.9901677752132936
0.679,0.0160928935372587,1.0,13.98483875004664,0.9999966845213657,0.9252821618683919,0.9901562037053878
0.68,0.0160891435372587,1.0,13.982326951485161,0.999996744019057,0.9250114258390566,0.9901446190785843
0.681,0.0160853935372587,1.0,13.979806489501525,0.9999968024975024,0.924740699059893,0.9901330213197096
0.682,0.0160816435372587,1.0,13.977277365408604,0.9999968599853519,0.9244699815320364,0.9901214104155811
0.683,0.0160778935372587,1.0,13.974739574284504,0.9999969163251194,0.9241992732631208,0.9901097863474522
0.684,0.0160741435372587,1.0,13.972193118252136,0.9999969715929918,0.9239285742534586,0.9900981491035578
0.685,0.016070393537258698,1.0,13.969638001984748,0.9999970259188043,0.9236578845007163,0.990086498673701
0.686,0.0160666435372587,1.0,13.967074226422863,0.9999970793143642,0.9233872040064547,0.9900748350441455
0.687,0.0160628935372587,1.0,13.96450179251544,0.999997131791479,0.9231165327722347,0.9900631582011434
0.6880000000000001,0.0160591435372587,1.0,13.961920701220965,0.9999971833619561,0.9228458707996172,0.9900514681309347
0.6890000000000001,0.0160553935372587,1.0,13.959330953507106,0.9999972340376027,0.9225752180901631,0.9900397648197472
0.6900000000000001,0.0160516435372587,1.0,13.956732550350099,0.9999972838302263,0.9223045746454331,0.9900280482537973
0.6910000000000001,0.0160478935372587,1.0,13.954125492735484,0.9999973327516345,0.9220339404669885,0.9900163184192889
0.6920000000000001,0.0160441435372587,1.0,13.95150978165799,0.9999973808136343,0.9217633155563899,0.9900045753024141
0.6930000000000001,0.0160403935372587,1.0,13.948885418121174,0.9999974280280334,0.9214926999151983,0.9899928188893533
0.6940000000000001,0.0160366435372587,1.0,13.94625240313803,0.9999974744066391,0.9212220935449745,0.9899810491662747
0.6950000000000001,0.0160328935372587,1.0,13.943610737730037,0.9999975199612587,0.9209514964472796,0.9899692661193346
0.6960000000000001,0.0160291435372587,1.0,13.940960422928233,0.9999975647036997,0.9206809086236744,0.9899574697346769
0.6970000000000001,0.016025393537258698,1.0,13.93830145977275,0.9999976086457696,0.9204103300757196,0.9899456599984345
0.6980000000000001,0.016021643537258698,1.0,13.935633849312458,0.9999976517992755,0.9201397608049764,0.9899338368967269
0.6990000000000001,0.0160178935372587,1.0,13.932957592606167,0.9999976941760249,0.9198692008130055,0.9899220004156629
0.7000000000000001,0.0160141435372587,1.0,13.93027269072034,0.9999977357878254,0.9195986501013679,0.9899101505413386
0.7010000000000001,0.0160103935372587,1.0,13.927579144731762,0.9999977766464841,0.9193281086716245,0.9898982872598383
0.7020000000000001,0.0160066435372587,1.0,13.924876955726216,0.9999978167638086,0.919057576525336,0.9898864105572344
0.7030000000000001,0.0160028935372587,1.0,13.922166124797867,0.9999978561516061,0.9187870536640637,0.9898745204195865
0.704,0.0159991435372587,1.0,13.919446653050862,0.9999978948216842,0.9185165400893681,0.9898626168329432
0.705,0.0159953935372587,1.0,13.916718541597987,0.9999979327858501,0.9182460358028103,0.9898506997833405
0.706,0.0159916435372587,1.0,13.913981791561286,0.9999979700559114,0.9179755408059511,0.9898387692568027
0.707,0.0159878935372587,1.0,13.911236404071932,0.9999980066436753,0.9177050551003515,0.9898268252393414
0.708,0.0159841435372587,1.0,13.908482380270137,0.9999980425609493,0.9174345786875724,0.9898148677169568
0.709,0.0159803935372587,1.0,13.905719721305605,0.9999980778195406,0.9171641115691745,0.9898028966756371
0.71,0.0159766435372587,1.0,13.902948428336966,0.9999981124312569,0.9168936537467189,0.9897909121013578
0.711,0.0159728935372587,1.0,13.900168502531637,0.9999981464079055,0.9166232052217665,0.9897789139800826
0.712,0.0159691435372587,1.0,13.897379945066804,0.9999981797612936,0.9163527659958782,0.9897669022977633
0.713,0.0159653935372587,1.0,13.894582757128575,0.9999982125032287,0.9160823360706147,0.9897548770403398
0.714,0.0159616435372587,1.0,13.891776939912116,0.9999982446455183,0.9158119154475372,0.9897428381937391
0.715,0.0159578935372587,1.0,13.888962494622007,0.9999982761999697,0.9155415041282062,0.9897307857438771
0.716,0.0159541435372587,1.0,13.886139422471885,0.9999983071783903,0.9152711021141829,0.9897187196766568
0.717,0.0159503935372587,1.0,13.88330772468446,0.9999983375925875,0.9150007094070283,0.9897066399779698
0.718,0.0159466435372587,1.0,13.88046740249187,0.9999983674543687,0.914730326008303,0.9896945466336947
0.719,0.0159428935372587,1.0,13.877618457135089,0.9999983967755411,0.9144599519195681,0.9896824396296989
0.72,0.0159391435372587,1.0,13.874760889864891,0.9999984255679124,0.9141895871423843,0.9896703189518371
0.721,0.0159353935372587,1.0,13.87189470194066,0.9999984538432898,0.9139192316783127,0.989658184585952
0.722,0.015931643537258698,1.0,13.869019894631341,0.9999984816134807,0.9136488855289141,0.9896460365178745
0.723,0.0159278935372587,1.0,13.866136469215107,0.9999985088902926,0.9133785486957494,0.9896338747334227
0.724,0.0159241435372587,1.0,13.863244426978737,0.9999985356855329,0.9131082211803796,0.9896216992184032
0.725,0.0159203935372587,1.0,13.860343769219083,0.9999985620110088,0.9128379029843654,0.9896095099586097
0.726,0.0159166435372587,1.0,13.857434497241622,0.9999985878785278,0.9125675941092679,0.989597306939825
0.727,0.0159128935372587,1.0,13.854516609938713,0.9999986132722285,0.9122972945591805,0.98958509014702
0.728,0.0159091435372587,1.0,13.851590108638334,0.9999986382099412,0.912027004335661,0.9895728595661494
0.729,0.0159053935372587,1.0,13.84865499513367,0.9999986627078343,0.9117567234397902,0.989560615183078
0.73,0.0159016435372587,1.0,13.845711270473211,0.999998686772265,0.9114864518734375,0.9895483569833715
0.731,0.0158978935372587,1.0,13.84275893571447,0.9999987104095904,0.9112161896384722,0.9895360849525826
0.732,0.0158941435372587,1.0,13.839797991924708,0.9999987336261678,0.9109459367367637,0.9895237990762498
0.733,0.0158903935372587,1.0,13.836828440180229,0.9999987564283541,0.9106756931701816,0.9895114993399002
0.734,0.0158866435372587,1.0,13.833850281567084,0.9999987788225065,0.9104054589405951,0.9894991857290469
0.735,0.015882893537258698,1.0,13.8308635171799,0.9999988008149823,0.9101352340498736,0.9894868582291902
0.736,0.0158791435372587,1.0,13.827868148124395,0.9999988224121383,0.9098650184998865,0.9894745168258179
0.737,0.0158753935372587,1.0,13.82486417551378,0.999998843620332,0.9095948122925033,0.9894621615044037
0.738,0.0158716435372587,1.0,13.82185160047189,0.9999988644459203,0.9093246154295932,0.9894497922504096
0.739,0.0158678935372587,1.0,13.818830424131637,0.9999988848952605,0.9090544279130257,0.9894374090492835
0.74,0.0158641435372587,1.0,13.815800647635479,0.9999989049747096,0.9087842497446702,0.989425011886461
0.741,0.0158603935372587,1.0,13.812762272135078,0.9999989246906247,0.9085140809263961,0.9894126007473644
0.742,0.0158566435372587,1.0,13.809715298791902,0.9999989440493631,0.9082439214600727,0.9894001756174028
0.743,0.0158528935372587,1.0,13.806659728776518,0.9999989630572819,0.9079737713475695,0.9893877364819724
0.744,0.0158491435372587,1.0,13.80359556326918,0.9999989817207381,0.9077036305907559,0.9893752833264564
0.745,0.0158453935372587,1.0,13.800522803459494,0.999999000046089,0.9074334991915011,0.9893628161362247
0.746,0.0158416435372587,1.0,13.79744145054653,0.9999990180396916,0.9071633771516747,0.9893503348966344
0.747,0.0158378935372587,1.0,13.7943515057392,0.9999990357079032,0.906893264473146,0.9893378395930295
0.748,0.0158341435372587,1.0,13.79125297025517,0.9999990530570808,0.9066231611577844,0.9893253302107404
0.749,0.0158303935372587,1.0,13.78814584532196,0.9999990700935816,0.9063530672074593,0.9893128067350855
0.75,0.0158266435372587,1.0,13.785030132176816,0.9999990868237627,0.9060829826240401,0.9893002691513687
0.751,0.0158228935372587,1.0,13.781905832066249,0.9999991032539812,0.9058129074093961,0.9892877174448819
0.752,0.0158191435372587,1.0,13.77877294624639,0.9999991193905944,0.9055428415653969,0.9892751516009035
0.753,0.0158153935372587,1.0,13.775631475924138,0.9999991352396322,0.9052727850939729,0.9892625716046901
0.754,0.0158116435372587,1.0,13.772481421768617,0.9999991508043055,0.9050027379976292,0.989249977441417
0.755,0.0158078935372587,1.0,13.769322784804016,0.9999991660890751,0.9047327002785084,0.9892373690962701
0.756,0.0158041435372587,1.0,13.766155566183654,0.9999991810987705,0.9044626719386277,0.9892247465544304
0.757,0.0158003935372587,1.0,13.76297976707095,0.999999195838221,0.9041926529800043,0.9892121098010643
0.758,0.0157966435372587,1.0,13.759795388638196,0.9999992103122562,0.9039226434046554,0.9891994588213252
0.759,0.015792893537258698,1.0,13.756602432068018,0.9999992245257053,0.9036526432145983,0.9891867936003531
0.76,0.0157891435372587,1.0,13.75340089855074,0.9999992384833877,0.9033826524118519,0.9891741141232744
0.761,0.0157853935372587,1.0,13.75019078924461,0.9999992521898864,0.9031126709984784,0.9891614203751957
0.762,0.0157816435372587,0.0,13.745119144837878,0.9669136997199171,0.9028446435491937,0.9879301067814376
0.763,0.0157778935372587,0.0,13.735918482658594,0.9318594805538176,0.9025809515136622,0.9864211101512105
0.764,0.0157741435372587,0.0,13.72297104566581,0.8980761874550501,0.9023211977678938,0.9847266521706755
0.765,0.0157703935372587,0.0,13.70653448525001,0.865517427510796,0.9020651171069125,0.9828247071289117
0.766,0.0157666435372587,0.0,13.686681744940747,0.8341393482368223,0.901812639424699,0.9806909075046327
0.767,0.0157628935372587,0.0,13.663440491775892,0.803898795068046,0.9015637434417711,0.9782982257614508
0.768,0.0157591435372587,0.0,13.63671754141382,0.7747543971738086,0.901318536484285,0.9756168329827226
0.769,0.0157553935372587,0.0,13.606318318753466,0.746666829448747,0.9010772346427959,0.9726139423578624
0.77,0.0157516435372587,0.0,13.572013312094889,0.7195974822504859,0.9008400934109093,0.9692534851472929
0.771,0.015747893537258698,0.0,13.533487603124378,0.6935093863233421,0.9006074616470867,0.9654960233139008
0.772,0.015744143537258698,0.0,13.490348805958268,0.6683673073878007,0.9003797742907058,0.9612986484798466
0.773,0.0157403935372587,0.0,13.442178977548188,0.6441365851945074,0.9001574986142272,0.9566146903442269
0.774,0.0157366435372587,0.0,13.388471356662585,0.620784286614958,0.8999412026041831,0.9513938617846305
0.775,0.0157328935372587,0.0,13.32865720757316,0.5982787972679038,0.8997315284066835,0.9455822563219085
0.776,0.0157291435372587,0.0,13.262144264706379,0.5765890376330485,0.8995291534351691,0.9391222611856778
0.777,0.0157253935372587,0.0,13.188241603400577,0.555685641060063,0.8993348729341446,0.9319531372986569
0.778,0.0157216435372587,0.0,13.106209946871806,0.5355402394785098,0.8991495495852163,0.924011270514062
0.779,0.0157178935372587,0.0,13.015287506135879,0.5161249916130294,0.8989740892186505,0.9152305323542845
0.78,0.0157141435372587,0.0,12.914612688871754,0.4974136867737335,0.898809528230113,0.9055435702140444
0.781,0.0157103935372587,0.0,12.803292914451065,0.4793809441500068,0.8986569649350246,0.8948825659516804
0.782,0.0157066435372587,0.0,12.680434685018918,0.46200165650825764,0.8985175324768715,0.8831801224278737
0.783,0.0157028935372587,0.0,12.54505554353664,0.4452524434488207,0.8983925014792095,0.870371800856337
0.784,0.0156991435372587,0.0,12.396170034748396,0.42911068285908394,0.8982831948257263,0.8563975006062269
0.785,0.015695393537258698,0.0,12.232825156523951,0.4135541318674905,0.8981909569800862,0.8412032052431014
0.786,0.0156916435372587,0.0,12.054060558707922,0.39856130348712643,0.8981172074100094,0.8247436129009391
0.787,0.0156878935372587,0.0,11.858960306423569,0.38411219744465774,0.8980633940736876,0.8069856214141592
0.788,0.0156841435372587,0.0,11.646320809660738,0.3701870617997488,0.8980313835724192,0.7879100381950728
0.789,0.0156803935372587,0.0,11.41758405776306,0.35676654011565084,0.8980201157906248,0.7675116495801602
0.79,0.0156766435372587,0.0,11.17559032054652,0.34383257655942273,0.8980269117499696,0.7458034444384383
0.791,0.0156728935372587,0.0,10.92172350940875,0.3313676708924648,0.8980507324209316,0.7228203802355881
0.792,0.0156691435372587,0.0,10.65610014084136,0.31935459653842946,0.8980920364102539,0.6986207464747749
0.793,0.0156653935372587,0.0,10.376344201881057,0.3077771152282413,0.898154351797378,0.673290423537166
0.794,0.0156616435372587,0.0,10.080677959284564,0.2966192849739016,0.8982407133193354,0.6469387571493679
0.795,0.0156578935372587,0.0,9.767686030018,0.2858658507176286,0.8983539498478633,0.6196986666548838
0.796,0.015654143537258698,0.0,9.436536080808283,0.27550244705155225,0.8984964193682742,0.5917250694785289
0.797,0.0156503935372587,0.0,9.086642862703789,0.26551475531710195,0.8986704317879658,0.5631900751693626
0.798,0.0156466435372587,0.0,8.718206160670375,0.25588912055229207,0.8988775662177053,0.5342798284314473
0.799,0.0156428935372587,0.0,8.332263604261106,0.24661245040998742,0.8991185494868351,0.5051894277319368
0.8,0.015639143537258697,0.0,7.9306546796316955,0.23767210399174532,0.8993932233969966,0.476117362650098
0.801,0.015641643537258696,0.0,7.786766951407818,0.22905587891033774,0.8997751663003275,0.44734056269201705
0.802,0.0156441435372587,0.0,7.520564661459784,0.22075202789872667,0.9003318032223052,0.4191180486114769
0.803,0.015646643537258698,0.0,7.1603068376269166,0.21274922793407464,0.9010314430100961,0.3915855099282833
0.804,0.015649143537258697,0.0,6.74430052418385,0.20503655369245158,0.901827623298424,0.3648471386590392
0.805,0.015651643537258696,0.0,6.304530553950712,0.19760350802307794,0.9026798386605419,0.33899771821739466
0.806,0.015654143537258698,0.0,5.86269335865455,0.1904399276319554,0.9035591796551126,0.31412687990613647
0.807,0.015656643537258697,0.0,5.430574899251505,0.18353606901996022,0.9044490886079297,0.2903181817295445
0.808,0.015659143537258696,0.0,5.015012213772386,0.1768824899647769,0.9053389707854754,0.26764099856791007
0.809,0.0156616435372587,0.0,4.619683448578454,0.1704701621056259,0.9062221630631768,0.246148532514657
0.81,0.015664143537258698,0.0,4.246939387953438,0.16429024877475693,0.9070933489680981,0.2258751785530197
0.811,0.015666643537258697,0.0,3.897960643780053,0.15833442622385552,0.9079485861190363,0.20683876274321214
0.812,0.015669143537258696,0.0,3.573392874369565,0.15259458424969186,0.908784356129716,0.18904035281029494
0.8130000000000001,0.0156716435372587,0.0,3.273367545333204,0.14706269019612023,0.9095976650222356,0.17246590400826955
0.8140000000000001,0.015674143537258697,0.0,2.996946286400402,0.14173139762271597,0.910387465193151,0.15709103865636043
0.8150000000000001,0.015676643537258696,0.0,2.7430585474149507,0.1365934595821909,0.9111529469257597,0.1428800774864919
0.8160000000000001,0.015679143537258695,0.0,2.5103680359581544,0.13164180467033298,0.9118939406138526,0.1297886926109742
0.8170000000000001,0.015681643537258698,0.0,2.2969937714701927,0.1268695366906364,0.9126117945928056,0.11776630909725397
0.8180000000000001,0.015684143537258697,0.0,2.101131069046469,0.12227034191805605,0.9133080566031971,0.10675824222043624
0.8190000000000001,0.015686643537258696,0.0,1.9211246381541223,0.11783794255075074,0.9139842861490429,0.0967058909431792
0.8200000000000001,0.0156891435372587,0.0,1.7555038222512465,0.11356625500852179,0.9146419224737842,0.08754869426156991
0.8210000000000001,0.015691643537258698,0.0,1.6029894526804516,0.1094492954252215,0.9152822050477666,0.07922525986540996
0.8220000000000001,0.015694143537258697,0.0,1.4626707071788103,0.10548164805545936,0.9159055303035083,0.07167524631976865
0.8230000000000001,0.015696643537258696,0.0,1.3336937617787583,0.10165791131946027,0.9165122779741478,0.06483933877565717
0.8240000000000001,0.015699143537258698,0.0,1.2153048581504098,0.09797282040933754,0.9171026473698365,0.05866017925778873
0.8250000000000001,0.015701643537258697,0.0,1.1069186707575465,0.09442120220580774,0.9176763537284522,0.05308276589216108
0.8260000000000001,0.015704143537258696,0.0,1.0079252540965755,0.09099837182936214,0.9182332560419797,0.04805556624252652
0.8270000000000001,0.0157066435372587,0.0,0.9177331218437428,0.08769970357043241,0.9187732229848322,0.043529945675346814
0.8280000000000001,0.015709143537258698,0.0,0.8357639860402414,0.08452066923057164,0.9192961609669171,0.03946038400195431
0.8290000000000001,0.015711643537258697,0.0,0.7614383890675367,0.08145676674701838,0.9198020904770541,0.03580445655038177
0.8300000000000001,0.015714143537258696,0.0,0.6941664175651406,0.07850392280490877,0.9202912188864057,0.03252329159343066
0.8310000000000001,0.015716643537258698,0.0,0.633386290970405,0.07565820556988373,0.9207637950003377,0.029581056854086338
0.8320000000000001,0.015719143537258697,0.0,0.5785730275760904,0.07291568981652774,0.9212200684693673,0.026944719758359846
0.833,0.015721643537258696,0.0,0.5292142895469165,0.07027265855707036,0.9216604119529004,0.02458414578828296
0.834,0.015724143537258695,0.0,0.48481847791313093,0.06772525639102085,0.9220852959489266,0.022471630563409888
0.835,0.015726643537258698,0.0,0.44492624073441006,0.06527021636974989,0.9224952318086498,0.020582356394004978
0.836,0.015729143537258697,0.0,0.40911626169821586,0.06290427154462794,0.9228907308832737,0.018893674591586584
0.837,0.015731643537258696,0.0,0.3770027787589084,0.0606241549670254,0.923272304524002,0.017384978744052176
0.838,0.0157341435372587,0.0,0.3482296518366618,0.05842673418831173,0.9236404874050601,0.016037653953055033
0.839,0.015736643537258697,0.0,0.32246070976775637,0.056308844126237906,0.9239958924135505,0.014834821937390476
0.84,0.015739143537258696,0.0,0.2993954292618501,0.054267700790709306,0.9243390974575632,0.013761424511847064
0.841,0.015741643537258695,0.0,0.27876134769459665,0.052300618449685074,0.9246706764161162,0.012803891151811738
0.842,0.015744143537258698,0.0,0.26031116932129583,0.05040491137112435,0.9249912031682279,0.011949966056734361
0.843,0.015746643537258697,0.0,0.24382125902752405,0.04857797054265071,0.9253012465266366,0.011188633052874136
0.844,0.015749143537258696,0.0,0.22908611003560936,0.04681718382555414,0.9256013978218889,0.010509973242007494
0.845,0.0157516435372587,0.0,0.2159230422297347,0.045120152548611195,0.925892218899149,0.009905144541290139
0.846,0.015754143537258698,0.0,0.2041691539281099,0.04348467843783164,0.9261742480412664,0.009366260861670198
0.847,0.015756643537258697,0.0,0.19367662129194643,0.04190856321922523,0.9264480235310906,0.008886229817198856
0.848,0.015759143537258696,0.0,0.1843111831296443,0.04038960861880174,0.9267140836514711,0.008458682142294293
0.849,0.015761643537258698,0.0,0.1759537961646944,0.03892576657426893,0.9269729381644614,0.008077943306603327
0.85,0.015764143537258697,0.0,0.16849473538614823,0.03751486314317885,0.9272251085616208,0.007738894181259354
0.851,0.015766643537258696,0.0,0.16184120887703723,0.03615508594638131,0.9274710442909991,0.007437031667492464
0.852,0.015769143537258695,0.0,0.15590883439259107,0.034844653910673234,0.9277111890458989,0.007168322288078911
0.853,0.015771643537258698,0.0,0.15062012326331098,0.033581785962851544,0.9279459865196228,0.006929150728491954
0.854,0.015774143537258697,0.0,0.14590400229356734,0.03236471493344148,0.9281758769624853,0.006716282492013015
0.855,0.015776643537258696,0.0,0.1417004294004091,0.031191847884438854,0.9284012414558437,0.006526851220449422
0.856,0.0157791435372587,0.0,0.13794999080075296,0.03006132012236502,0.9286224997520804,0.00635825128656544
0.857,0.015781643537258697,0.0,0.13460801842892958,0.028971731413139308,0.9288399571589304,0.006208221118937873
0.858,0.015784143537258696,0.0,0.13163277612291746,0.02792168152268104,0.9290539189841287,0.006074734311006188
0.859,0.015786643537258695,0.0,0.12898509175213488,0.026909770216909542,0.9292646905354105,0.005955977006901624
0.86,0.015789143537258698,0.0,0.12662802013126143,0.025934597261744134,0.9294725771205107,0.005850327188393283
0.861,0.015791643537258697,0.0,0.12452669619588358,0.02499476851566246,0.9296778822887906,0.005756336327820537
0.862,0.015794143537258696,0.0,0.1226548117115194,0.02408902589612777,0.9298808327475461,0.0056727232843113715
0.863,0.0157966435372587,0.0,0.12098709159981338,0.023216022425721232,0.9300816571468332,0.0055983357263612145
0.864,0.015799143537258697,0.0,0.11950362905584501,0.02237465680801089,0.9302805354574,0.005532164726835934
0.865,0.015801643537258696,0.0,0.11818531248918113,0.021563827746564786,0.930477647649994,0.005473307693805947
0.866,0.015804143537258696,0.0,0.11701371519709804,0.020782433944950954,0.930673173695363,0.005420957881179074
0.867,0.015806643537258698,0.0,0.11597099573548589,0.02002937410673743,0.9308672935642548,0.005374394831550946
0.868,0.015809143537258697,0.0,0.11504357267602332,0.019303689766131924,0.9310601440523514,0.005332983502041388
0.869,0.015811643537258696,0.0,0.11421723470989348,0.01860419209706351,0.9312518733933177,0.005296144427608018
0.87,0.0158141435372587,0.0,0.11348252282517332,0.017930002976285414,0.9314425786528294,0.00526337689752858
0.871,0.015816643537258698,0.0,0.11283056755777568,0.017280267747420596,0.9316323526093833,0.005234234154644349
0.872,0.015819143537258697,0.0,0.11225268380145731,0.016654131754092,0.9318212880414757,0.00520831680862373
0.873,0.015821643537258696,0.0,0.11174034369176099,0.016050740339922567,0.9320094777276033,0.005185268110994823
0.874,0.015824143537258698,0.0,0.11128515233307201,0.015469238848535249,0.932197014446263,0.0051647696600896935
0.875,0.015826643537258697,0.0,0.11088019429857719,0.014908858915925503,0.9323839749919639,0.00514654020610842
0.876,0.015829143537258696,0.0,0.11052023930258174,0.014368740094959342,0.9325704174194334,0.0051303258963345385
0.877,0.015831643537258695,0.0,0.11020054635163218,0.013848123776430358,0.9327563947632698,0.005115903474633027
0.878,0.015834143537258698,0.0,0.10991743772988756,0.013346366295650577,0.9329419481592178,0.005103076633338246
0.879,0.015836643537258697,0.0,0.10966727278194169,0.012862823987932022,0.9331271187430226,0.0050916698314667115
0.88,0.015839143537258696,0.0,0.1094464424326898,0.012396853188586719,0.9333119476504286,0.00508152622635248
0.881,0.0158416435372587,0.0,0.10925136426569297,0.011947810232926692,0.9334964760171809,0.005072505793771909
0.882,0.015844143537258697,0.0,0.10907847816054737,0.011515051456263964,0.9336807449790242,0.005064483621624381
0.883,0.015846643537258696,0.0,0.10892514704780748,0.011098011631127742,0.9338647850076963,0.0050573496576158655
0.884,0.015849143537258695,0.0,0.10878950300372962,0.010696035955141793,0.9340486176545554,0.005051004246109566
0.885,0.015851643537258698,0.0,0.1086697438389535,0.010308580430669451,0.9342322638028129,0.005045360291113914
0.886,0.015854143537258697,0.0,0.10856440921380488,0.009935164125436614,0.9344157403888085,0.0050403408727676905
0.887,0.015856643537258696,0.0,0.10847204461908859,0.00957530610716918,0.9345990643488813,0.005035877222749524
0.888,0.0158591435372587,0.0,0.10839120047480165,0.009228525443593049,0.9347822526193711,0.0050319079098242025
0.889,0.015861643537258698,0.0,0.1083204313238179,0.008894341202434118,0.9349653221366171,0.005028378100061156
0.89,0.015864143537258697,0.0,0.1082582951202981,0.008572272451418287,0.9351482898369587,0.005025238885728832
0.891,0.015866643537258696,0.0,0.10820392488129126,0.008261956386953108,0.9353311658877149,0.005022447703735211
0.892,0.015869143537258698,0.0,0.10815636844851872,0.00796281709393555,0.9355139614847456,0.005019964732155486
0.893,0.015871643537258697,0.0,0.10811494204028504,0.007674450772069619,0.9356966846663304,0.005017755966116785
0.894,0.015874143537258696,0.0,0.10807912334693427,0.007396512325291536,0.9358793415724826,0.005015791452025476
0.895,0.0158766435372587,0.0,0.10804839086598833,0.007128656657537525,0.9360619383432162,0.0050140443911480545
0.896,0.015879143537258698,0.0,0.10802222377394098,0.0068705386727438075,0.9362444811185445,0.005012490826907396
0.897,0.015881643537258697,0.0,0.10800010181058861,0.006621813274846607,0.9364269760384815,0.00501110936056047
0.898,0.015884143537258696,0.0,0.10798150517573749,0.006382135367782147,0.9366094292430406,0.005009880893002387
0.899,0.015886643537258698,0.0,0.10796591443840496,0.00615115985548665,0.9367918468722356,0.0050087883905881635
0.9,0.015889143537258697,0.0,0.10795281045835471,0.005928541641896339,0.9369742350660802,0.005007816673003437
0.901,0.015891643537258696,0.0,0.10794211918265104,0.005714054917396393,0.9371565946962029,0.005006952685691197
0.902,0.015894143537258695,0.0,0.1079335219526125,0.005507266802100013,0.937338929532293,0.005006183974729788
0.903,0.015896643537258698,0.0,0.10792683725765306,0.005307930404942737,0.9375212417211184,0.005005500148360917
0.904,0.015899143537258697,0.0,0.10792189689522419,0.005115806181187252,0.9377035332527359,0.005004891930278071
0.905,0.015901643537258696,0.0,0.10791853272329802,0.004930654586096251,0.9378858061172031,0.005004351022004934
0.906,0.0159041435372587,0.0,0.1079165766474655,0.004752236074932425,0.938068062304577,0.005003870005846592
0.907,0.015906643537258697,0.0,0.10791586060921428,0.004580311102958461,0.9382503038049147,0.0050034422566679225
0.908,0.015909143537258696,0.0,0.10791621657576021,0.004414640125437054,0.9384325326082736,0.005003061861795187
0.909,0.015911643537258695,0.0,0.10791747653096265,0.004254983597630893,0.9386147507047109,0.005002723548382904
0.91,0.015914143537258698,0.0,0.10791947246766516,0.004101101974802669,0.9387969600842837,0.005002422617632093
0.911,0.015916643537258697,0.0,0.10792220163797395,0.003952842292796557,0.9389791607797792,0.0050021550363318215
0.912,0.015919143537258696,0.0,0.10792556184595034,0.00380990153722426,0.9391613540018972,0.005001916943859957
0.913,0.0159216435372587,0.0,0.10792949919550986,0.0036721125638304788,0.9393435403893005,0.005001705130677725
0.914,0.015924143537258698,0.0,0.10793396099129623,0.003539309567664949,0.9395257205664423,0.0050015167254690105
0.915,0.015926643537258697,0.0,0.10793889453778034,0.0034113267437774065,0.9397078951577758,0.005001349159593264
0.916,0.015929143537258696,0.0,0.10794424713792634,0.0032879982872175877,0.9398900647877536,0.005001200137038135
0.917,0.015931643537258698,0.0,0.10794996609211481,0.0031691583930352285,0.9400722300808292,0.005001067607106592
0.918,0.015934143537258697,0.0,0.10795599869716246,0.0030546412562800656,0.9402543916614555,0.005000949739620224
0.919,0.015936643537258696,0.0,0.10796229224558816,0.0029442810720018337,0.9404365501540854,0.005000844902434718
0.92,0.0159391435372587,0.0,0.10796879503775712,0.002837915280545238,0.9406187061711779,0.005000751643828035
0.921,0.015941643537258698,0.0,0.10797551634643249,0.002735483902438823,0.9408008596031582,0.005000668750737654
0.922,0.015944143537258697,0.0,0.10798240661087581,0.0026366979748919865,0.9409830110370924,0.005000594961953099
0.923,0.015946643537258696,0.0,0.10798945184673775,0.0025414494958466514,0.9411651606387479,0.0050005292948984165
0.924,0.0159491435372587,0.0,0.10799663806823841,0.0024496304632447394,0.9413473085738924,0.005000470868665135
0.925,0.015951643537258697,0.0,0.10800395128795423,0.0023611328750281733,0.9415294550082933,0.005000418894164525
0.926,0.015954143537258696,0.0,0.10801137751683793,0.002275848729138875,0.9417116001077186,0.005000372665147663
0.927,0.015956643537258695,0.0,0.10801890276413036,0.0021936700235187677,0.9418937440379356,0.005000331550026739
0.928,0.015959143537258698,0.0,0.10802651303727046,0.002114488756109772,0.942075886964712,0.005000294984435184
0.929,0.015961643537258697,0.0,0.10803419434179314,0.002038196924853811,0.9422580290538153,0.005000262464468186
0.93,0.015964143537258696,0.0,0.1080419326813429,0.001964686527692807,0.9424401704710131,0.0050002335405489335
0.931,0.0159666435372587,0.0,0.10804971405765403,0.001893849562568683,0.9426223113820732,0.005000207811869567
0.932,0.015969143537258697,0.0,0.10805752447040058,0.00182557802742336,0.942804451952763,0.005000184921359242
0.933,0.015971643537258697,0.0,0.10806535324244558,0.0017597804295283448,0.9429865923094937,0.005000164556075609
0.934,0.015974143537258696,0.0,0.10807321062901903,0.001696392620165489,0.9431687323309125,0.005000146444191748
0.935,0.015976643537258698,0.0,0.10808108609904452,0.001635263230921298,0.9433508721416928,0.005000130319461812
0.936,0.015979143537258697,0.0,0.10808897634516862,0.0015763250098897862,0.9435330117809982,0.005000115967462065
0.937,0.015981643537258696,0.0,0.1080968780596864,0.0015195107051649685,0.9437151512879922,0.005000103195965408
0.9380000000000001,0.0159841435372587,0.0,0.10810478793434711,0.0014647530648408597,0.9438972907018386,0.00500009183278908
0.9390000000000001,0.015986643537258698,0.0,0.10811270266040614,0.0014119848370114745,0.9440794300617008,0.005000081723832349
0.9400000000000001,0.015989143537258697,0.0,0.10812061892867755,0.0013611387697708274,0.9442615694067424,0.005000072731289596
0.9410000000000001,0.015991643537258696,0.0,0.10812853342944807,0.0013121476112129336,0.9444437087761272,0.005000064732025079
0.9420000000000001,0.015994143537258698,0.0,0.10813644285257339,0.0012649441094318074,0.9446258482090186,0.0050000576160965735
0.9430000000000001,0.015996643537258697,0.0,0.10814434388733977,0.0012194610125214637,0.9448079877445803,0.0050000512854159
0.9440000000000001,0.015999143537258696,0.0,0.10815223322263616,0.0011756310685759172,0.9449901274219759,0.00500004565253514
0.9450000000000001,0.0160016435372587,0.0,0.10816010754683814,0.001133387025689183,0.945172267280369,0.005000040639548125
0.9460000000000001,0.016004143537258698,0.0,0.10816796553526471,0.001092696550540254,0.9453544073354109,0.005000036180797643
0.9470000000000001,0.016006643537258697,0.0,0.10817580926723455,0.0010535014703884561,0.9455365475624823,0.005000032214617076
0.9480000000000001,0.016009143537258696,0.0,0.10818363596287624,0.00101568917972515,0.9457186879944488,0.0050000286811225075
0.9490000000000001,0.0160116435372587,0.0,0.10819144500309563,0.0009792206391062996,0.9459008286386119,0.005000025534084007
0.9500000000000001,0.016014143537258697,0.0,0.10819923576861755,0.0009440568090878682,0.9460829695022732,0.00500002273199236
0.9510000000000001,0.016016643537258696,0.0,0.10820700764016819,0.0009101586502258197,0.9462651105927342,0.005000020237609238
0.9520000000000001,0.016019143537258695,0.0,0.10821475999837932,0.0008774871230761178,0.9464472519172963,0.005000018017556199
0.9530000000000001,0.016021643537258698,0.0,0.10822249222375681,0.0008460031881947262,0.9466293934832612,0.005000016041939621
0.9540000000000001,0.016024143537258697,0.0,0.10823020369675608,0.0008156678061376088,0.9468115352979304,0.005000014284008844
0.9550000000000001,0.016026643537258696,0.0,0.1082378937977506,0.0007864419374607292,0.9469936773686053,0.0050000127198449405
0.9560000000000001,0.0160291435372587,0.0,0.1082455619070217,0.0007582865427200509,0.9471758197025876,0.005000011328077747
0.9570000000000001,0.016031643537258698,0.0,0.10825320740477008,0.000731162582471538,0.9473579623071786,0.005000010089628864
0.9580000000000001,0.016034143537258697,0.0,0.108260829671127,0.000705031017271154,0.94754010518968,0.00500000898747857
0.9590000000000001,0.016036643537258696,0.0,0.10826842808612291,0.0006798528076748626,0.9477222483573934,0.005000008006454653
0.96,0.016039143537258698,0.0,0.10827600202977365,0.0006555889142386304,0.94790439181762,0.005000007133041362
0.961,0.016041643537258697,0.0,0.10828355088191013,0.0006322002975184155,0.9480865355776616,0.0050000063552067524
0.962,0.016044143537258696,0.0,0.10829107415678182,0.0006096582073867586,0.9482686796432304,0.005000005662552726
0.963,0.016046643537258695,0.0,0.10829857276463388,0.000587954035220982,0.9484508240035324,0.0050000050463289095
0.964,0.016049143537258698,0.0,0.10830604661521773,0.0005670145371816767,0.9486329686596044,0.005000004496962052
0.965,0.016051643537258697,0.0,0.1083134955951892,0.0005468182334714206,0.9488151136127552,0.005000004007342057
0.966,0.016054143537258696,0.0,0.10832091959129392,0.000527343644292792,0.9489972588642933,0.005000003571081796
0.967,0.016056643537258698,0.0,0.10832831849026042,0.0005085692898483688,0.9491794044155275,0.005000003182448484
0.968,0.016059143537258697,0.0,0.10833569217871468,0.0004904736903407292,0.9493615502677665,0.005000002836300959
0.969,0.016061643537258696,0.0,0.10834304054337289,0.00047303536597245114,0.9495436964223191,0.00500000252803243
0.97,0.016064143537258695,0.0,0.10835036347093449,0.00045623283694611267,0.9497258428804939,0.005000002253518267
0.971,0.016066643537258698,0.0,0.10835766084807175,0.000440044623464292,0.9499079896435997,0.00500000200906845
0.972,0.016069143537258697,0.0,0.1083649325614297,0.00042444924572956715,0.9500901367129451,0.005000001791384326
0.973,0.016071643537258696,0.0,0.10837217849766934,0.0004094252239445161,0.950272284089839,0.005000001597519312
0.974,0.0160741435372587,0.0,0.10837939854351018,0.0003949510783117169,0.9504544317755899,0.005000001424843242
0.975,0.016076643537258697,0.0,0.10838659258551686,0.00038100532903374775,0.9506365797715067,0.005000001271010051
0.976,0.016079143537258696,0.0,0.10839376051039838,0.00036756649631318667,0.950818728078898,0.005000001133928527
0.977,0.016081643537258695,0.0,0.10840090220477328,0.0003546131003526116,0.9510008766990726,0.005000001011735868
0.978,0.016084143537258698,0.0,0.10840801755335036,0.00034212422831076257,0.9511830256333623,0.005000000902778592
0.979,0.016086643537258697,0.0,0.1084151064086241,0.0003301354047245866,0.9513651748834788,0.0050000008060256795
0.98,0.016089143537258696,0.0,0.10842216913900257,0.0003185590509380737,0.9515473244450381,0.005000000719586727
0.981,0.0160916435372587,0.0,0.1084292057293789,0.0003073846126314559,0.9517294743181883,0.005000000642390717
0.982,0.016094143537258698,0.0,0.10843621616461148,0.0002966015354849652,0.9519116245030778,0.005000000573472346
0.983,0.016096643537258697,0.0,0.10844320042962016,0.0002861992651788337,0.9520937749998545,0.005000000511962343
0.984,0.016099143537258696,0.0,0.1084501585093329,0.0002761672473932935,0.9522759258086665,0.005000000457078592
0.985,0.016101643537258698,0.0,0.1084570903886749,0.00026649492780857654,0.9524580769296621,0.005000000408117982
0.986,0.016104143537258697,0.0,0.10846399605253662,0.00025717175210491507,0.9526402283629894,0.005000000364448961
0.987,0.016106643537258696,0.0,0.10847087548587014,0.000248187165962541,0.9528223801087965,0.00500000032550471
0.988,0.016109143537258695,0.0,0.10847772867363559,0.00023953061506168643,0.9530045321672316,0.005000000290776927
0.989,0.016111643537258698,0.0,0.10848455560079047,0.00023119154508258343,0.9531866845384427,0.005000000259810132
0.99,0.016114143537258697,0.0,0.10849135625225764,0.00022315940170546407,0.953368837222578,0.005000000232196502
0.991,0.016116643537258696,0.0,0.10849813061302156,0.0002154236306105604,0.9535509902197857,0.0050000002075711505
0.992,0.0161191435372587,0.0,0.10850487866808553,0.00020797367747810445,0.953733143530214,0.005000000185607848
0.993,0.016121643537258697,0.0,0.10851160040239682,0.00020079898798832833,0.9539152971540108,0.005000000166015131
0.994,0.016124143537258696,0.0,0.10851829580095367,0.0001938890078214641,0.9540974510913245,0.005000000148532773
0.995,0.016126643537258695,0.0,0.10852496484877322,0.00018723318265774372,0.954279605342303,0.005000000132928591
0.996,0.016129143537258698,0.0,0.10853160753088079,0.00018082095817739945,0.9544617599070946,0.005000000118995555
0.997,0.016131643537258697,0.0,0.1085382238322457,0.00017464178006066313,0.9546439147858474,0.005000000106549173
0.998,0.016134143537258696,0.0,0.10854481373792048,0.00016868509398776697,0.9548260699787096,0.00500000009542514
0.999,0.0161366435372587,0.0,0.10855137723295515,0.00016294034563894299,0.9550082254858291,0.005000000085477204
1.0,0.016139143537258697,0.0,0.10855791407395664,0.00015741217785249912,0.9551903813100515,0.005000000076598929
1.0010000000000001,0.016141643537258697,0.0,0.10856442409460067,0.00015210244641804052,0.9553725374533122,0.005000000068687433
1.002,0.016144143537258696,0.0,0.10857090780530683,0.00014697218603436894,0.9555546939095555,0.0050000000615935646
1.0030000000000001,0.016146643537258698,0.0,0.10857736520133415,0.00014201706947105817,0.9557368506788095,0.005000000055234955
1.004,0.016149143537258697,0.0,0.10858379627789756,0.00013723276949768648,0.9559190077611023,0.005000000049537115
1.0050000000000001,0.016151643537258696,0.0,0.1085902010303178,0.00013261495888382773,0.9561011651564615,0.005000000044432743
1.006,0.0161541435372587,0.0,0.10859657945390362,0.00012815931039906,0.9562833228649151,0.005000000039861076
1.0070000000000001,0.016156643537258698,0.0,0.10860293154390895,0.00012386149681295738,0.9564654808864912,0.0050000000357673016
1.008,0.016159143537258697,0.0,0.1086092572956721,0.00011971719089509775,0.9566476392212174,0.005000000032102011
1.0090000000000001,0.016161643537258696,0.0,0.10861555670448732,0.00011572206541505539,0.956829797869122,0.005000000028820706
1.01,0.016164143537258698,0.0,0.10862182976571183,0.00011187179314240805,0.9570119568302328,0.005000000025883336
1.0110000000000001,0.016166643537258697,0.0,0.10862807647464799,0.00010816204684673005,0.9571941161045776,0.005000000023253885
1.012,0.016169143537258696,0.0,0.10863429682665053,0.00010458849929759911,0.9573762756921845,0.005000000020899984
1.0130000000000001,0.0161716435372587,0.0,0.10864049081710503,0.00010114682326458965,0.9575584355930813,0.005000000018792567
1.014,0.016174143537258698,0.0,0.10864665844133149,9.783269151727922e-05,0.957740595807296,0.00500000001690555
1.0150000000000001,0.016176643537258697,0.0,0.10865279969473442,9.464177682524241e-05,0.9579227563348564,0.005000000015215538
1.016,0.016179143537258696,0.0,0.10865891457267417,9.156975195805666e-05,0.9581049171757905,0.005000000013701567
1.0170000000000001,0.0161816435372587,0.0,0.10866500307057417,8.861228968529664e-05,0.9582870783301264,0.005000000012344856
1.018,0.016184143537258697,0.0,0.10867106518381375,8.576506277653968e-05,0.9584692397978918,0.005000000011128596
1.0190000000000001,0.016186643537258696,0.0,0.10867710090780307,8.302374400136055e-05,0.9586514015791147,0.005000000010037746
1.02,0.016189143537258695,0.0,0.10868311023797254,8.038400612933655e-05,0.9588335636738229,0.005000000009058857
1.0210000000000001,0.016191643537258698,0.0,0.10868909316976204,7.784152193004248e-05,0.9590157260820446,0.00500000000817991
1.022,0.016194143537258697,0.0,0.10869504969858873,7.539196417305552e-05,0.9591978888038075,0.005000000007390168
1.0230000000000001,0.016196643537258696,0.0,0.10870097981991146,7.303100562795063e-05,0.9593800518391397,0.005000000006680043
1.024,0.0161991435372587,0.0,0.10870688352921998,7.07543190643049e-05,0.9595622151880688,0.005000000006040978
1.025,0.016201643537258698,0.0,0.10871276082192778,6.855757725169382e-05,0.9597443788506231,0.005000000005465339
1.026,0.016204143537258697,0.0,0.10871861159427292,6.644039027680193e-05,0.9599265428280018,0.005000000004947257
1.027,0.016206643537258696,0.0,0.10872443529361915,6.44204353017543e-05,0.9601087071267006,0.00500000000448538
1.028,0.016209143537258698,0.0,0.10873023265625077,6.246630093769415e-05,0.960290871738006,0.005000000004067542
1.029,0.016211643537258697,0.0,0.10873600367914872,6.057654957552678e-05,0.9604730366619281,0.005000000003689623
1.03,0.016214143537258696,0.0,0.10874174835935708,5.8749743606155786e-05,0.9606552018984771,0.005000000003347871
1.031,0.016216643537258695,0.0,0.10874746669390818,5.6984445420486406e-05,0.9608373674476632,0.005000000003038868
1.032,0.016219143537258698,0.0,0.10875315867985455,5.5279217409422304e-05,0.961019533309497,0.005000000002759509
1.033,0.016221643537258697,0.0,0.10875882431422622,5.363262196386866e-05,0.9612016994839881,0.005000000002506968
1.034,0.016224143537258696,0.0,0.10876446359410571,5.204322147472919e-05,0.9613838659711472,0.00500000000227868
1.035,0.016226643537258698,0.0,0.10877007651657439,5.050957833290903e-05,0.9615660327709844,0.005000000002072316
1.036,0.016229143537258697,0.0,0.10877566307868032,4.903025492931194e-05,0.9617481998835098,0.005000000001885765
1.037,0.016231643537258696,0.0,0.1087812232775348,4.7603813654843e-05,0.9619303673087337,0.00500000000171711
1.038,0.016234143537258695,0.0,0.108786757110248,4.622881690040602e-05,0.9621125350466663,0.005000000001564616
1.039,0.016236643537258698,0.0,0.10879226457395043,4.490382705690605e-05,0.9622947030973178,0.00500000000142671
1.04,0.016239143537258697,0.0,0.10879774566569637,4.362740651524693e-05,0.9624768714606985,0.005000000001301971
1.041,0.016241643537258696,0.0,0.1088032003826677,4.2398117666333663e-05,0.9626590401368185,0.005000000001189111
1.042,0.0162441435372587,0.0,0.10880862872202372,4.121452290107014e-05,0.962841209125688,0.005000000001086968
1.043,0.016246643537258697,0.0,0.10881403068084758,4.0075184610361325e-05,0.9630233784273174,0.005000000000994489
1.044,0.016249143537258696,0.0,0.10881940625632847,3.8978665185111154e-05,0.9632055480417169,0.005000000000910725
1.045,0.016251643537258696,0.0,0.10882475544565451,3.792352701622452e-05,0.9633877179688964,0.0050000000008348176
1.046,0.016254143537258698,0.0,0.10883007824601275,3.690833249460542e-05,0.9635698882088665,0.005000000000765992
1.047,0.016256643537258697,0.0,0.10883537465454615,3.5931644011158745e-05,0.9637520587616372,0.005000000000703551
1.048,0.016259143537258696,0.0,0.10884064466846095,3.499202395678847e-05,0.9639342296272189,0.005000000000646863
1.049,0.016261643537258695,0.0,0.10884588828499442,3.408803472239945e-05,0.9641164008056216,0.0050000000005953615
1.05,0.016264143537258698,0.0,0.10885110550136129,3.3218238698895745e-05,0.9642985722968556,0.005000000000548533
1.051,0.016266643537258697,0.0,0.1088562963147537,3.238119827718216e-05,0.9644807441009311,0.005000000000505915
1.052,0.016269143537258696,0.0,0.1088614607224271,3.1575475848162755e-05,0.9646629162178584,0.005000000000467092
1.053,0.016271643537258698,0.0,0.10886659872165717,3.079963380274233e-05,0.9648450886476476,0.0050000000004316895
1.054,0.016274143537258697,0.0,0.10887171030964353,3.0052234531824974e-05,0.965027261390309,0.005000000000399369
1.055,0.016276643537258696,0.0,0.10887679548368112,2.933184042631545e-05,0.9652094344458528,0.005000000000369826
1.056,0.0162791435372587,0.0,0.10888185424106382,2.863701387711789e-05,0.9653916078142892,0.005000000000342787
1.057,0.016281643537258698,0.0,0.10888688657903076,2.7966317275137013e-05,0.9655737814956286,0.005000000000318003
1.058,0.016284143537258697,0.0,0.10889189249489503,2.7318313011276964e-05,0.9657559554898809,0.005000000000295253
1.059,0.016286643537258696,0.0,0.10889687190229592,2.669183180676096e-05,0.9659381297980429,0.005000000000274344
1.06,0.0162891435372587,0.0,0.10890182395737345,2.6089350205703345e-05,0.966120304430043,0.005000000000255217
1.061,0.016291643537258697,0.0,0.10890674975201238,2.5507575209245704e-05,0.966302479372985,0.005000000000237636
1.062,0.016294143537258696,0.0,0.10891164927501738,2.4945979112129826e-05,0.9664846546269799,0.0050000000002214705
1.063,0.016296643537258695,0.0,0.10891652251523405,2.4404034209098003e-05,0.9666668301921384,0.005000000000206602
1.064,0.016299143537258698,0.0,0.10892136946148456,2.3881212794892036e-05,0.9668490060685715,0.005000000000192922
1.065,0.016301643537258697,0.0,0.10892619010257838,2.33769871642542e-05,0.9670311822563901,0.00500000000018033
1.066,0.016304143537258696,0.0,0.10893098442736592,2.2890829611926315e-05,0.9672133587557049,0.005000000000168735
1.067,0.0163066435372587,0.0,0.10893575242472785,2.2422212432650636e-05,0.9673955355666268,0.005000000000158053
1.068,0.016309143537258698,0.0,0.10894049408347853,2.1970607921169e-05,0.9675777126892668,0.005000000000148208
1.069,0.016311643537258697,0.0,0.1089452093925055,2.1535488372223646e-05,0.9677598901237356,0.0050000000001391275
1.07,0.016314143537258696,0.0,0.10894989834068369,2.1116326080556432e-05,0.9679420678701444,0.00500000000013075
1.071,0.016316643537258698,0.0,0.10895456091693968,2.0712593340909582e-05,0.9681242459286035,0.0050000000001230145
1.072,0.016319143537258697,0.0,0.10895919711010173,2.0323762448024958e-05,0.9683064242992242,0.005000000000115868
1.073,0.016321643537258696,0.0,0.10896380690911416,1.994930569664477e-05,0.9684886029821173,0.005000000000109261
1.074,0.0163241435372587,0.0,0.10896839030289797,1.958869538151091e-05,0.9686707819773935,0.005000000000103147
1.075,0.016326643537258698,0.0,0.10897294728034015,1.9241403797365568e-05,0.9688529612851637,0.0050000000000974855
1.076,0.016329143537258697,0.0,0.10897747783039022,1.8906903238950636e-05,0.969035140905539,0.005000000000092239
1.077,0.016331643537258696,0.0,0.10898198194198509,1.8584666001008307e-05,0.96921732083863,0.00500000000008737
1.078,0.016334143537258698,0.0,0.1089864596040921,1.8274164378280476e-05,0.9693995010845478,0.0050000000000828505
1.079,0.016336643537258697,0.0,0.1089909108056553,1.797487066550933e-05,0.9695816816434029,0.005000000000078648
1.08,0.016339143537258696,0.0,0.10899533553560621,1.768625715743677e-05,0.9697638625153066,0.005000000000074737
1.081,0.016341643537258695,0.0,0.10899973378524579,1.740784493817548e-05,0.9699460437003427,0.005000000000071093
1.082,0.016344143537258698,0.0,0.10900410571464256,1.714153462535112e-05,0.9701282251966058,0.0050000000000677254
1.083,0.016346643537258697,0.0,0.10900845124239777,1.688413093320293e-05,0.9703104070050361,0.005000000000064575
1.084,0.016349143537258696,0.0,0.10901277036793612,1.663542526845121e-05,0.970492589125622,0.00500000000006163
1.085,0.0163516435372587,0.0,0.10901706309069199,1.6395209037816507e-05,0.9706747715583517,0.005000000000058873
1.086,0.016354143537258697,0.0,0.10902132941004515,1.6163273648019125e-05,0.9708569543032136,0.0050000000000562945
1.087,0.016356643537258696,0.0,0.10902556932547089,1.5939410505779594e-05,0.9710391373601961,0.00500000000005388
1.088,0.016359143537258695,0.0,0.10902978283637918,1.572341101781824e-05,0.9712213207292876,0.0050000000000516185
1.089,0.016361643537258698,0.0,0.1090339699422648,1.5515066590855574e-05,0.9714035044104763,0.005000000000049501
1.09,0.016364143537258697,0.0,0.10903813064253566,1.5314168631611936e-05,0.9715856884037507,0.005000000000047517
1.091,0.016366643537258696,0.0,0.10904226493669529,1.5120508546807829e-05,0.9717678727090991,0.005000000000045657
1.092,0.0163691435372587,0.0,0.10904637282425693,1.4933877743163592e-05,0.9719500573265099,0.005000000000043913
1.093,0.016371643537258698,0.0,0.10905045430464694,1.4754067627399733e-05,0.9721322422559714,0.005000000000042277
1.094,0.016374143537258697,0.0,0.10905450937739798,1.4580869606236591e-05,0.9723144274974719,0.005000000000040741
1.095,0.016376643537258696,0.0,0.10905853804202029,1.441407508639467e-05,0.9724966130509999,0.0050000000000393
1.096,0.016379143537258698,0.0,0.10906254029805523,1.4253475474594314e-05,0.9726787989165436,0.005000000000037946
1.097,0.016381643537258697,0.0,0.10906651614500029,1.4098862177556016e-05,0.9728609850940915,0.005000000000036674
1.098,0.016384143537258696,0.0,0.10907046558240553,1.3950026602000137e-05,0.9730431715836318,0.005000000000035477
1.099,0.016386643537258695,0.0,0.10907438860983075,1.3806760154647158e-05,0.973225358385153,0.005000000000034352
1.1,0.016389143537258698,0.0,0.10907828522685625,1.3668854242217441e-05,0.9734075454986434,0.005000000000033292
1.101,0.016391643537258697,0.0,0.10908215543299686,1.3536100271431472e-05,0.9735897329240912,0.005000000000032294
1.102,0.016394143537258696,0.0,0.10908599922786298,1.3408289649009609e-05,0.9737719206614851,0.0050000000000313535
1.103,0.0163966435372587,0.0,0.10908981661106404,1.3285213781672336e-05,0.9739541087108131,0.005000000000030466
1.104,0.016399143537258697,0.0,0.1090936075821547,1.3166664076140017e-05,0.9741362970720638,0.005000000000029628
1.105,0.016401643537258696,0.0,0.10909737214076383,1.3052431939133134e-05,0.9743184857452254,0.005000000000028836
1.106,0.0164041435372587,0.0,0.10910111028652995,1.2942308777372051e-05,0.9745006747302865,0.005000000000028087
1.107,0.016406643537258698,0.0,0.1091048220190476,1.2836085997577244e-05,0.974682864027235,0.005000000000027378
1.108,0.016409143537258697,0.0,0.10910850733796401,1.2733555006469085e-05,0.9748650536360597,0.005000000000026705
1.109,0.016411643537258696,0.0,0.1091121662445571,1.2634680144769669e-05,0.9750472435567294,0.005000000000026069
1.11,0.0164141435372587,0.0,0.10911579874336737,1.2539570561037596e-05,0.9752294337891757,0.005000000000025466
1.111,0.016416643537258697,0.0,0.10911940483147349,1.2447729020053016e-05,0.9754116243334165,0.005000000000024893
1.112,0.016419143537258696,0.0,0.10912298450865827,1.2359072423237134e-05,0.9755938151894393,0.00500000000002435
1.113,0.016421643537258696,0.0,0.10912653777472502,1.2273517672011227e-05,0.9757760063572312,0.0050000000000238335
1.114,0.016424143537258698,0.0,0.10913006462945446,1.2190981667796504e-05,0.9759581978367795,0.005000000000023343
1.115,0.016426643537258697,0.0,0.10913356507261561,1.2111381312014243e-05,0.9761403896280716,0.005000000000022877
1.116,0.016429143537258696,0.0,0.10913703910404084,1.203463350608565e-05,0.9763225817310945,0.005000000000022434
1.117,0.0164316435372587,0.0,0.1091404867235722,1.1960655151432002e-05,0.9765047741458357,0.005000000000022014
1.118,0.016434143537258698,0.0,0.10914390793096485,1.188936314947451e-05,0.9766869668722825,0.005000000000021614
1.119,0.016436643537258697,0.0,0.10914730272612318,1.1820674401634449e-05,0.9768691599104219,0.005000000000021233
1.12,0.016439143537258696,0.0,0.10915067110885394,1.1754505809333028e-05,0.9770513532602414,0.005000000000020872
1.121,0.016441643537258698,0.0,0.1091540130790487,1.1690774273991522e-05,0.9772335469217283,0.005000000000020529
1.122,0.016444143537258697,0.0,0.10915732863653357,1.1629396697031144e-05,0.9774157408948696,0.005000000000020202
1.123,0.016446643537258696,0.0,0.10916061778120882,1.1570289979873163e-05,0.9775979351796528,0.0050000000000198904
1.124,0.0164491435372587,0.0,0.10916388051297359,1.1513371023938796e-05,0.9777801297760651,0.005000000000019595
1.125,0.016451643537258698,0.0,0.10916711683168306,1.1458556730649313e-05,0.9779623246840937,0.005000000000019314
1.1260000000000001,0.016454143537258697,0.0,0.10917032673724508,1.1405764001425929e-05,0.9781445199037261,0.005000000000019046
1.127,0.016456643537258696,0.0,0.10917351022962006,1.1354909737689911e-05,0.9783267154349492,0.00500000000001879
1.1280000000000001,0.0164591435372587,0.0,0.10917666730870301,1.130591084086248e-05,0.9785089112777506,0.005000000000018546
1.129,0.016461643537258697,0.0,0.1091797979744093,1.12586842123649e-05,0.9786911074321174,0.0050000000000183144
1.1300000000000001,0.016464143537258696,0.0,0.10918290222669622,1.1213146753618393e-05,0.978873303898037,0.005000000000018092
1.131,0.016466643537258695,0.0,0.10918598006554145,1.1169215366044222e-05,0.9790555006754963,0.005000000000017881
1.1320000000000001,0.016469143537258698,0.0,0.10918903148991219,1.1127093710731385e-05,0.9792376977644944,0.00500000000001768
1.133,0.016471643537258697,0.0,0.10919205650052498,1.1086491106831222e-05,0.9794198951650097,0.005000000000017489
1.1340000000000001,0.016474143537258696,0.0,0.10919505509753691,1.1047258323988547e-05,0.9796020928770273,0.005000000000017305
1.135,0.0164766435372587,0.0,0.10919802728079252,1.100936260547906e-05,0.9797842909005366,0.00500000000001713
1.1360000000000001,0.016479143537258698,0.0,0.10920097304998498,1.097277119457843e-05,0.979966489235528,0.005000000000016961
1.137,0.016481643537258697,0.0,0.10920389240496745,1.0937451334562357e-05,0.9801486878819907,0.005000000000016801
1.1380000000000001,0.016484143537258696,0.0,0.1092067853455383,1.0903370268706507e-05,0.9803308868399149,0.005000000000016647
1.139,0.016486643537258698,0.0,0.1092096518715378,1.0870495240286581e-05,0.98051308610929,0.0050000000000165
1.1400000000000001,0.016489143537258697,0.0,0.10921249198276217,1.0838793492578247e-05,0.980695285690106,0.005000000000016359
1.141,0.016491643537258696,0.0,0.10921530567904952,1.0808232268857204e-05,0.9808774855823525,0.005000000000016226
1.1420000000000001,0.0164941435372587,0.0,0.10921809296027978,1.0778778812399121e-05,0.9810596857860195,0.0050000000000160975
1.143,0.016496643537258698,0.0,0.10922085382626741,1.0750400366479695e-05,0.9812418863010967,0.005000000000015975
1.1440000000000001,0.016499143537258697,0.0,0.10922358827689019,1.0723064174374598e-05,0.9814240871275738,0.005000000000015858
1.145,0.016501643537258696,0.0,0.10922629631203559,1.0696737479359525e-05,0.9816062882654405,0.005000000000015746
1.1460000000000001,0.016504143537258698,0.0,0.10922897793158995,1.0671387524710148e-05,0.9817884897146868,0.0050000000000156395
1.147,0.016506643537258697,0.0,0.1092316331354278,1.0646981553702164e-05,0.9819706914753022,0.005000000000015538
1.1480000000000001,0.016509143537258696,0.0,0.10923426192346557,1.0623486809611244e-05,0.9821528935472768,0.005000000000015441
1.149,0.016511643537258695,0.0,0.10923686429562925,1.0600870535713082e-05,0.9823350959306,0.005000000000015348
1.1500000000000001,0.016514143537258698,0.0,0.10923944025185454,1.0579099975283353e-05,0.9825172986252617,0.00500000000001526
1.151,0.016516643537258697,0.0,0.10924198979202235,1.055814237159775e-05,0.9826995016312519,0.0050000000000151755
1.1520000000000001,0.016519143537258696,0.0,0.10924451291610913,1.0537964967931947e-05,0.98288170494856,0.005000000000015095
1.153,0.0165216435372587,0.0,0.10924700962407954,1.0518535007561638e-05,0.9830639085771761,0.005000000000015018
1.154,0.016524143537258697,0.0,0.10924947991587557,1.04998197337625e-05,0.9832461125170897,0.005000000000014944
1.155,0.016526643537258696,0.0,0.10925192379145966,1.0481786389810214e-05,0.9834283167682908,0.0050000000000148745
1.156,0.016529143537258695,0.0,0.10925434125084686,1.0464402218980473e-05,0.983610521330769,0.005000000000014807
1.157,0.016531643537258698,0.0,0.10925673229401885,1.0447634464548953e-05,0.9837927262045142,0.0050000000000147435
1.158,0.016534143537258697,0.0,0.1092590969209455,1.0431450369791342e-05,0.9839749313895161,0.005000000000014682
1.159,0.016536643537258696,0.0,0.10926143513058577,1.0415897064643095e-05,0.9841571368857771,0.005000000000014624
1.16,0.016539143537258695,0.0,0.10926374692138183,1.0401046320575689e-05,0.9843393426933057,0.005000000000014568
1.161,0.016541643537258698,0.0,0.1092660322958139,1.0386673369907167e-05,0.9845215488120629,0.005000000000014516
1.162,0.016544143537258697,0.0,0.10926829125358957,1.0372768104606933e-05,0.9847037552420419,0.005000000000014465
1.163,0.016546643537258696,0.0,0.10927052379445833,1.0359320416644379e-05,0.9848859619832363,0.005000000000014417
1.164,0.016549143537258698,0.0,0.10927272991821142,1.0346320197988904e-05,0.9850681690356392,0.0050000000000143706
1.165,0.016551643537258697,0.0,0.1092749096245531,1.0333757340609902e-05,0.9852503763992443,0.005000000000014326
1.166,0.016554143537258696,0.0,0.10927706291329385,1.032162173647677e-05,0.9854325840740447,0.005000000000014284
1.167,0.0165566435372587,0.0,0.10927918978422164,1.0309903277558903e-05,0.9856147920600338,0.005000000000014244
1.168,0.016559143537258698,0.0,0.10928129023708026,1.02985918558257e-05,0.9857970003572051,0.005000000000014205
1.169,0.016561643537258697,0.0,0.10928336427171984,1.0287677363246554e-05,0.9859792089655518,0.0050000000000141685
1.17,0.016564143537258696,0.0,0.10928541188792491,1.0277149691790864e-05,0.9861614178850675,0.005000000000014133
1.171,0.0165666435372587,0.0,0.10928743308554335,1.0266998733428022e-05,0.9863436271157454,0.0050000000000141
1.172,0.016569143537258697,0.0,0.1092894278643682,1.0257214380127432e-05,0.9865258366575789,0.005000000000014068
1.173,0.016571643537258696,0.0,0.10929139622426652,1.024778652385848e-05,0.9867080465105613,0.0050000000000140375
1.174,0.016574143537258695,0.0,0.10929333816506133,1.0238705056590572e-05,0.9868902566746861,0.00500000000001401
1.175,0.016576643537258698,0.0,0.1092952536866604,1.0229959870293095e-05,0.9870724671499467,0.005000000000013982
1.176,0.016579143537258697,0.0,0.10929714278886302,1.0221540856935453e-05,0.9872546779363364,0.005000000000013957
1.177,0.016581643537258696,0.0,0.1092990054715962,1.0213437908487038e-05,0.9874368890338485,0.0050000000000139325
1.178,0.0165841435372587,0.0,0.10930084173475359,1.0205640916917249e-05,0.9876191004424764,0.005000000000013909
1.179,0.016586643537258697,0.0,0.10930265157818479,1.0198139774195478e-05,0.9878013121622136,0.005000000000013888
1.18,0.016589143537258697,0.0,0.1093044350018349,1.0190924372291124e-05,0.9879835241930532,0.0050000000000138675
1.181,0.016591643537258696,0.0,0.1093061920056049,1.0183984603173584e-05,0.988165736534989,0.005000000000013848
1.182,0.016594143537258698,0.0,0.10930792258945916,1.0177310358812253e-05,0.9883479491880138,0.00500000000001383
1.183,0.016596643537258697,0.0,0.10930962675326418,1.0170891531176526e-05,0.9885301621521215,0.005000000000013814
1.184,0.016599143537258696,0.0,0.10931130449700349,1.0164718012235801e-05,0.9887123754273053,0.005000000000013798
1.185,0.0166016435372587,0.0,0.1093129558206595,1.0158779693959473e-05,0.9888945890135584,0.005000000000013783
1.186,0.016604143537258698,0.0,0.10931458072414904,1.015306646831694e-05,0.9890768029108743,0.0050000000000137695
1.187,0.016606643537258697,0.0,0.10931617920744145,1.0147568227277597e-05,0.9892590171192465,0.0050000000000137565
1.188,0.016609143537258696,0.0,0.10931775127056949,1.0142274862810838e-05,0.989441231638668,0.005000000000013744
1.189,0.016611643537258698,0.0,0.10931929691350024,1.0137176266886063e-05,0.9896234464691326,0.005000000000013733
1.19,0.016614143537258697,0.0,0.10932081613622115,1.0132262331472667e-05,0.9898056616106334,0.005000000000013723
1.191,0.016616643537258696,0.0,0.10932230893876149,1.0127522948540045e-05,0.9899878770631639,0.005000000000013713
1.192,0.016619143537258695,0.0,0.10932377532113868,1.0122948010057595e-05,0.9901700928267174,0.005000000000013704
1.193,0.016621643537258698,0.0,0.10932521528341194,1.011852740799471e-05,0.9903523089012873,0.005000000000013697
1.194,0.016624143537258697,0.0,0.10932662882557488,1.011425103432079e-05,0.9905345252868669,0.005000000000013689
1.195,0.016626643537258696,0.0,0.10932801594564275,1.0110125230474551e-05,0.9907167419834739,0.005000000000013682
1.196,0.0166291435372587,0.0,0.10932937664266122,1.010615228008898e-05,0.9908989589911138,0.005000000000013676
1.197,0.016631643537258697,0.0,0.10933071091816779,1.0102315007567578e-05,0.9910811763097622,0.00500000000001367
1.198,0.016634143537258696,0.0,0.10933201877197951,1.0098610037806205e-05,0.9912633939394159,0.0050000000000136645
1.199,0.016636643537258695,0.0,0.10933330020388006,1.0095033995700709e-05,0.9914456118800716,0.00500000000001366
1.2,0.016639143537258698,0.0,0.10933455521372713,1.0091583506146943e-05,0.9916278301317261,0.005000000000013656
1.201,0.016641643537258697,0.0,0.10933578380128063,1.0088255194040762e-05,0.9918100486943762,0.005000000000013652
1.202,0.016644143537258696,0.0,0.10933698596638522,1.0085045684278017e-05,0.9919922675680186,0.00500000000001365
1.203,0.0166466435372587,0.0,0.10933816170891662,1.0081951601754561e-05,0.9921744867526502,0.005000000000013647
1.204,0.016649143537258698,0.0,0.10933931102867421,1.0078969571366244e-05,0.9923567062482676,0.0050000000000136454
1.205,0.016651643537258697,0.0,0.10934043392553146,1.007609621800892e-05,0.9925389260548677,0.005000000000013644
1.206,0.016654143537258696,0.0,0.1093415303993606,1.0073328166578445e-05,0.9927211461724472,0.005000000000013643
1.207,0.016656643537258698,0.0,0.10934260045007578,1.0070662041970667e-05,0.9929033666010029,0.005000000000013642
1.208,0.016659143537258697,0.0,0.10934364407748245,1.0068094469081438e-05,0.9930855873405315,0.005000000000013642
1.209,0.016661643537258696,0.0,0.10934466128152465,1.0065622072806614e-05,0.99326780839103,0.005000000000013642
1.21,0.016664143537258695,0.0,0.10934565206211301,1.0063241478042045e-05,0.9934500297524949,0.005000000000013643
1.211,0.016666643537258698,0.0,0.10934661641917848,1.0060949309683585e-05,0.9936322514249231,0.005000000000013644
1.212,0.016669143537258697,0.0,0.10934755435258638,1.0058742192627087e-05,0.9938144734083113,0.005000000000013645
1.213,0.016671643537258696,0.0,0.10934846586230834,1.00566167517684e-05,0.9939966957026564,0.005000000000013646
1.214,0.016674143537258698,0.0,0.10934935094832557,1.005456961200338e-05,0.9941789183079549,0.005000000000013648
1.215,0.016676643537258697,0.0,0.10935020961051066,1.0052597398227877e-05,0.9943611412242039,0.005000000000013651
1.216,0.016679143537258696,0.0,0.10935104184887472,1.0050696735337747e-05,0.9945433644514,0.005000000000013653
1.217,0.0166816435372587,0.0,0.10935184766340625,1.0048864248228839e-05,0.99472558798954,0.005000000000013657
1.218,0.016684143537258698,0.0,0.10935262705404954,1.0047096561797008e-05,0.9949078118386206,0.005000000000013659
1.219,0.016686643537258697,0.0,0.1093533800034666,1.0045393452554536e-05,0.9950900359988427,0.005000000000013663
1.22,0.016689143537258696,0.0,0.10935410644994363,1.004376663286091e-05,0.9952722604709293,0.005000000000013667
1.221,0.0166916435372587,0.0,0.10935480652105269,1.0042193208869988e-05,0.9954544852533765,0.0050000000000136715
1.222,0.016694143537258697,0.0,0.10935548021032866,1.0040671992805787e-05,0.9956367103462568,0.005000000000013676
1.223,0.016696643537258696,0.0,0.10935612751140188,1.0039201796892325e-05,0.9958189357496426,0.00500000000001368
1.224,0.016699143537258695,0.0,0.10935674841786916,1.0037781433353617e-05,0.9960011614636065,0.0050000000000136845
1.225,0.016701643537258698,0.0,0.10935734292337983,1.0036409714413677e-05,0.9961833874882208,0.00500000000001369
1.226,0.016704143537258697,0.0,0.10935791102152816,1.0035085452296523e-05,0.9963656138235578,0.005000000000013695
1.227,0.016706643537258696,0.0,0.10935845270595022,1.0033807459226168e-05,0.9965478404696902,0.0050000000000137
1.228,0.0167091435372587,0.0,0.10935896797032381,1.0032574547426628e-05,0.9967300674266905,0.005000000000013706
1.229,0.016711643537258698,0.0,0.10935945680827175,1.003138552912192e-05,0.9969122946946308,0.005000000000013711
1.23,0.016714143537258697,0.0,0.1093599192134694,1.0030239216536061e-05,0.9970945222735839,0.005000000000013717
1.231,0.016716643537258696,0.0,0.10936035517958012,1.0029134421893064e-05,0.997276750163622,0.0050000000000137235
1.232,0.016719143537258698,0.0,0.10936076470034133,1.0028069957416946e-05,0.9974589783648177,0.00500000000001373
1.233,0.016721643537258697,0.0,0.109361147769371,1.0027044635331722e-05,0.9976412068772434,0.0050000000000137365
1.234,0.016724143537258696,0.0,0.10936150438042566,1.0026057267861408e-05,0.9978234357009714,0.0050000000000137435
1.235,0.0167266435372587,0.0,0.1093618345272176,1.0025106667230019e-05,0.9980056648360744,0.0050000000000137495
1.236,0.016729143537258698,0.0,0.10936213820342575,1.0024191645661572e-05,0.9981878942826248,0.0050000000000137565
1.237,0.016731643537258697,0.0,0.10936241540282453,1.0023311015380082e-05,0.9983701240406948,0.005000000000013764
1.238,0.016734143537258696,0.0,0.10936266611914428,1.0022463588609565e-05,0.998552354110357,0.005000000000013771
1.239,0.0167366435372587,0.0,0.10936289034614635,1.0021648177574036e-05,0.998734584491684,0.005000000000013779
1.24,0.016739143537258697,0.0,0.10936308807756955,1.002086359449751e-05,0.998916815184748,0.005000000000013786
1.241,0.016741643537258696,0.0,0.1093632593071944,1.0020108651604004e-05,0.9990990461896215,0.005000000000013794
1.242,0.016744143537258695,0.0,0.10936340402880039,1.0019382161117535e-05,0.9992812775063771,0.0050000000000138016
1.243,0.016746643537258698,0.0,0.1093635222361981,1.0018682935262115e-05,0.9994635091350871,0.005000000000013809
1.244,0.016749143537258697,0.0,0.10936361392315395,1.0018009786261763e-05,0.9996457410758239,0.005000000000013818
1.245,0.016751643537258696,0.0,0.10936367908347633,1.0017361526340493e-05,0.9998279733286602,0.005000000000013826
1.246,0.0167541435372587,0.0,0.10936371771103691,1.001673696772232e-05,1.0000102058936682,0.0050000000000138345
1.247,0.016756643537258697,0.0,0.10936372979959888,1.0016134922631261e-05,1.0001924387709205,0.005000000000013842
1.248,0.016759143537258697,0.0,0.10936371534304248,1.0015554203291333e-05,1.0003746719604891,0.005000000000013851
1.249,0.016761643537258696,0.0,0.10936367433518247,1.001499362192655e-05,1.0005569054624472,0.00500000000001386
1.25,0.016764143537258698,0.0,0.1093636067699399,1.0014451990760926e-05,1.0007391392768665,0.005000000000013868
1.2510000000000001,0.016766643537258697,0.0,0.1093635118369257,1.0013934478926398e-05,1.0009213734132816,0.005000000000013877
1.252,0.016769143537258696,0.0,0.10936338873965874,1.0013440694598361e-05,1.001103607881064,0.0050000000000138866
1.2530000000000001,0.0167716435372587,0.0,0.10936323822166405,1.0012962235270945e-05,1.0012858426714668,0.005000000000013895
1.254,0.016774143537258698,0.0,0.10936306028383651,1.0012498802029054e-05,1.0014680777844793,0.005000000000013904
1.2550000000000001,0.016776643537258697,0.0,0.10936285492714586,1.0012050095957596e-05,1.0016503132200913,0.0050000000000139135
1.256,0.016779143537258696,0.0,0.10936262215256135,1.0011615818141475e-05,1.0018325489782924,0.005000000000013923
1.2570000000000001,0.016781643537258698,0.0,0.10936236196111628,1.00111956696656e-05,1.0020147850590717,0.005000000000013932
1.258,0.016784143537258697,0.0,0.10936207435370382,1.0010789351614873e-05,1.0021970214624192,0.005000000000013941
1.2590000000000001,0.016786643537258696,0.0,0.10936175933135639,1.0010396565074201e-05,1.0023792581883244,0.005000000000013951
1.26,0.016789143537258695,0.0,0.10936141689509524,1.001001701112849e-05,1.0025614952367765,0.00500000000001396
1.2610000000000001,0.016791643537258698,0.0,0.10936104704596265,1.0009650390862647e-05,1.0027437326077653,0.00500000000001397
1.262,0.016794143537258697,0.0,0.1093606497849037,1.0009296405361578e-05,1.0029259703012805,0.005000000000013979
1.2630000000000001,0.016796643537258696,0.0,0.10936022511302433,1.0008954755710184e-05,1.0031082083173113,0.005000000000013989
1.264,0.0167991435372587,0.0,0.10935977303136545,1.0008625142993377e-05,1.0032904466558474,0.0050000000000139985
1.2650000000000001,0.016801643537258697,0.0,0.10935929354093532,1.000830726829606e-05,1.0034726853168787,0.005000000000014008
1.266,0.016804143537258696,0.0,0.10935878664285996,1.0008000832703138e-05,1.0036549243003943,0.005000000000014018
1.2670000000000001,0.0168066435372587,0.0,0.10935825233822197,1.0007705537299518e-05,1.0038371636063836,0.005000000000014028
1.268,0.016809143537258698,0.0,0.10935769062803899,1.0007421083170107e-05,1.0040194032348368,0.005000000000014038
1.2690000000000001,0.016811643537258697,0.0,0.10935710151346793,1.0007147171399808e-05,1.004201643185743,0.005000000000014048
1.27,0.016814143537258696,0.0,0.10935648499562228,1.0006883503073529e-05,1.0043838834590917,0.005000000000014058
1.2710000000000001,0.0168166435372587,0.0,0.10935584107561501,1.0006629779276176e-05,1.0045661240548727,0.005000000000014068
1.272,0.016819143537258698,0.0,0.10935516975454798,1.0006385701092652e-05,1.0047483649730753,0.005000000000014078
1.2730000000000001,0.016821643537258697,0.0,0.10935447103357622,1.0006150969607865e-05,1.0049306062136893,0.005000000000014089
1.274,0.016824143537258696,0.0,0.10935374491386515,1.000592528590672e-05,1.0051128477767042,0.005000000000014099
1.2750000000000001,0.016826643537258698,0.0,0.10935299139655819,1.0005708351074125e-05,1.0052950896621096,0.0050000000000141095
1.276,0.016829143537258697,0.0,0.109352210482852,1.0005499866194982e-05,1.0054773318698946,0.00500000000001412
1.2770000000000001,0.016831643537258696,0.0,0.10935140217388913,1.0005299532354201e-05,1.0056595744000494,0.005000000000014129
1.278,0.0168341435372587,0.0,0.10935056647091902,1.0005107050636684e-05,1.005841817252563,0.005000000000014141
1.2790000000000001,0.016836643537258698,0.0,0.10934970337507255,1.000492212212734e-05,1.0060240604274253,0.005000000000014151
1.28,0.016839143537258697,0.0,0.10934881288760902,1.0004744447911071e-05,1.0062063039246256,0.0050000000000141615
1.281,0.016841643537258696,0.0,0.1093478950097228,1.0004573729072788e-05,1.0063885477441539,0.005000000000014172
1.282,0.016844143537258698,0.0,0.10934694974270455,1.0004409666697391e-05,1.0065707918859992,0.005000000000014182
1.283,0.016846643537258697,0.0,0.10934597708772618,1.000425196186979e-05,1.0067530363501513,0.005000000000014193
1.284,0.016849143537258696,0.0,0.10934497704606665,1.0004100315674891e-05,1.0069352811366,0.005000000000014204
1.285,0.016851643537258695,0.0,0.10934394961900443,1.0003954429197598e-05,1.0071175262453342,0.005000000000014214
1.286,0.016854143537258698,0.0,0.10934289480782824,1.0003814003522816e-05,1.007299771676344,0.005000000000014225
1.287,0.016856643537258697,0.0,0.10934181261377271,1.0003678739735452e-05,1.0074820174296188,0.005000000000014236
1.288,0.016859143537258696,0.0,0.10934070303815781,1.0003548338920413e-05,1.0076642635051483,0.0050000000000142465
1.289,0.0168616435372587,0.0,0.10933956608231384,1.0003422502162602e-05,1.0078465099029217,0.005000000000014258
1.29,0.016864143537258697,0.0,0.10933840174749547,1.0003300930546928e-05,1.008028756622929,0.005000000000014268
1.291,0.016866643537258696,0.0,0.10933721003509649,1.0003183325158294e-05,1.008211003665159,0.0050000000000142795
1.292,0.016869143537258696,0.0,0.10933599094639208,1.0003069387081607e-05,1.008393251029602,0.00500000000001429
1.293,0.016871643537258698,0.0,0.1093347444827966,1.0002958817401774e-05,1.0085754987162474,0.005000000000014301
1.294,0.016874143537258697,0.0,0.10933347058272015,1.0002852506504017e-05,1.0087577467258244,0.0050000000000143124
1.295,0.016876643537258696,0.0,0.10933216926327703,1.0002750051091748e-05,1.0089399950581377,0.005000000000014323
1.296,0.0168791435372587,0.0,0.1093308405454601,1.0002650987323746e-05,1.0091222437129463,0.005000000000014334
1.297,0.016881643537258698,0.0,0.1093294844291564,1.0002555238315874e-05,1.009304492690257,0.005000000000014345
1.298,0.016884143537258697,0.0,0.10932810091425262,1.0002462727183988e-05,1.0094867419900773,0.005000000000014356
1.299,0.016886643537258696,0.0,0.10932669000065649,1.0002373377043945e-05,1.0096689916124144,0.005000000000014367
1.3,0.016889143537258698,0.0,0.1093252516882861,1.0002287111011606e-05,1.0098512415572758,0.005000000000014378
1.301,0.016891643537258697,0.0,0.10932378597701604,1.0002203852202832e-05,1.0100334918246687,0.00500000000001439
1.302,0.016894143537258696,0.0,0.10932229286683878,1.0002123523733477e-05,1.0102157424146,0.005000000000014401
1.303,0.016896643537258695,0.0,0.10932077235764967,1.0002046048719401e-05,1.0103979933270777,0.005000000000014411
1.304,0.016899143537258698,0.0,0.10931922444945096,1.0001971350276465e-05,1.0105802445621086,0.005000000000014423
1.305,0.016901643537258697,0.0,0.10931764914214791,1.0001899351520524e-05,1.0107624961197001,0.005000000000014434
1.306,0.016904143537258696,0.0,0.10931604643573124,1.000182997556744e-05,1.0109447479998597,0.005000000000014445
1.307,0.0169066435372587,0.0,0.10931441633023434,1.000176314553307e-05,1.0111270002025943,0.005000000000014456
1.308,0.016909143537258697,0.0,0.10931275882557182,1.000169878453327e-05,1.0113092527279115,0.005000000000014468
1.309,0.016911643537258696,0.0,0.10931107392178695,1.0001636815683905e-05,1.0114915055758185,0.005000000000014479
1.31,0.016914143537258695,0.0,0.10930936161890104,1.0001577162100828e-05,1.0116737587463225,0.00500000000001449
1.311,0.016916643537258698,0.0,0.10930762191694578,1.00015197468999e-05,1.011856012239431,0.0050000000000145015
1.312,0.016919143537258697,0.0,0.10930585481592012,1.000146449319698e-05,1.012038266055151,0.005000000000014513
1.313,0.016921643537258696,0.0,0.1093040603158979,1.0001411324107925e-05,1.01222052019349,0.005000000000014525
1.314,0.0169241435372587,0.0,0.10930223841693101,1.0001360162748596e-05,1.0124027746544553,0.005000000000014536
1.315,0.016926643537258697,0.0,0.10930038911907097,1.0001310932234849e-05,1.012585029438054,0.0050000000000145475
1.316,0.016929143537258697,0.0,0.10929851242237958,1.0001263555682545e-05,1.0127672845442939,0.005000000000014559
1.317,0.016931643537258696,0.0,0.10929660832698272,1.000121795620754e-05,1.0129495399731816,0.00500000000001457
1.318,0.016934143537258698,0.0,0.10929467683299517,1.0001174056925697e-05,1.0131317957247248,0.005000000000014581
1.319,0.016936643537258697,0.0,0.10929271794044526,1.000113178095287e-05,1.0133140517989307,0.0050000000000145935
1.32,0.016939143537258696,0.0,0.10929073164948988,1.0001091051404919e-05,1.0134963081958068,0.005000000000014605
1.321,0.016941643537258695,0.0,0.1092887179602748,1.0001051791397703e-05,1.0136785649153601,0.005000000000014616
1.322,0.016944143537258698,0.0,0.10928667687294537,1.0001013924047082e-05,1.013860821957598,0.005000000000014627
1.323,0.016946643537258697,0.0,0.10928460838761427,1.0000977372468913e-05,1.0140430793225277,0.0050000000000146394
1.324,0.016949143537258696,0.0,0.10928251250444752,1.0000942059779055e-05,1.0142253370101566,0.005000000000014651
1.325,0.016951643537258698,0.0,0.10928038920941874,1.0000909324276532e-05,1.0144075950206595,0.005000000000014662
1.326,0.016954143537258697,0.0,0.10927823850169442,1.0000879085629163e-05,1.014589853354055,0.005000000000014674
1.327,0.016956643537258696,0.0,0.10927606039770502,1.0000849616790756e-05,1.0147721120101594,0.005000000000014685
1.328,0.0169591435372587,0.0,0.10927385489693815,1.0000820907142304e-05,1.0149543709889888,0.005000000000014697
1.329,0.016961643537258698,0.0,0.10927162199888098,1.000079294606481e-05,1.0151366302905585,0.005000000000014709
1.33,0.016964143537258697,0.0,0.1092693617030956,1.000076572293927e-05,1.0153188899148837,0.00500000000001472
1.331,0.016966643537258696,0.0,0.10926707400905775,1.0000739227146681e-05,1.0155011498619806,0.005000000000014732
1.332,0.0169691435372587,0.0,0.10926475891635018,1.0000713448068045e-05,1.0156834101318646,0.0050000000000147435
1.333,0.016971643537258697,0.0,0.10926241642449093,1.0000688375084357e-05,1.015865670724551,0.005000000000014756
1.334,0.016974143537258696,0.0,0.10926004653304056,1.0000663997576616e-05,1.0160479316400557,0.005000000000014767
1.335,0.016976643537258695,0.0,0.10925764924159152,1.0000640304925822e-05,1.016230192878394,0.005000000000014779
1.336,0.016979143537258698,0.0,0.10925522454973594,1.000061728651297e-05,1.0164124544395814,0.00500000000001479
1.337,0.016981643537258697,0.0,0.10925277245702257,1.0000594931719061e-05,1.0165947163236337,0.0050000000000148025
1.338,0.016984143537258696,0.0,0.10925029296304281,1.0000573229925094e-05,1.0167769785305667,0.005000000000014814
1.339,0.0169866435372587,0.0,0.10924778606748436,1.0000552170512065e-05,1.0169592410603954,0.005000000000014826
1.34,0.016989143537258698,0.0,0.10924525176988423,1.0000531742860973e-05,1.0171415039131357,0.005000000000014837
1.341,0.016991643537258697,0.0,0.10924269006991864,1.0000511936352816e-05,1.0173237670888031,0.005000000000014849
1.342,0.016994143537258696,0.0,0.10924010096722057,1.0000492740368592e-05,1.0175060305874133,0.005000000000014861
1.343,0.016996643537258698,0.0,0.10923748446146561,1.00004741442893e-05,1.0176882944089816,0.005000000000014873
1.344,0.016999143537258697,0.0,0.10923484055225377,1.000045613749594e-05,1.017870558553524,0.005000000000014885
1.345,0.017001643537258696,0.0,0.1092321692393137,1.0000438709369506e-05,1.0180528230210555,0.005000000000014896
1.346,0.0170041435372587,0.0,0.10922947052234137,1.0000421849291e-05,1.018235087811592,0.005000000000014908
1.347,0.017006643537258698,0.0,0.10922674440098953,1.0000405546641419e-05,1.018417352925149,0.0050000000000149205
1.348,0.017009143537258697,0.0,0.10922399087495356,1.0000389790801762e-05,1.0185996183617423,0.005000000000014932
1.349,0.017011643537258696,0.0,0.10922120994400367,1.0000374571153026e-05,1.018781884121387,0.005000000000014944
1.35,0.0170141435372587,0.0,0.10921840160783448,1.000035987707621e-05,1.0189641502040991,0.005000000000014956
1.351,0.017016643537258697,0.0,0.10921556586616192,1.000034569795231e-05,1.019146416609894,0.005000000000014967
1.352,0.017019143537258696,0.0,0.10921270271877663,1.0000332023162328e-05,1.0193286833387871,0.0050000000000149794
1.353,0.017021643537258695,0.0,0.10920981216540455,1.0000318842087261e-05,1.0195109503907942,0.005000000000014992
1.354,0.017024143537258698,0.0,0.10920689420581423,1.0000306144108107e-05,1.019693217765931,0.005000000000015004
1.355,0.017026643537258697,0.0,0.10920394883979535,1.0000293918605863e-05,1.0198754854642127,0.005000000000015015
1.356,0.017029143537258696,0.0,0.10920097606711589,1.000028215496153e-05,1.0200577534856552,0.005000000000015027
1.357,0.0170316435372587,0.0,0.10919797588762932,1.0000270842556105e-05,1.0202400218302736,0.005000000000015039
1.358,0.017034143537258697,0.0,0.10919494830105995,1.0000259970770584e-05,1.0204222904980842,0.005000000000015051
1.359,0.017036643537258696,0.0,0.10919189330729287,1.0000249528985969e-05,1.0206045594891018,0.005000000000015064
1.36,0.017039143537258696,0.0,0.10918881090610547,1.0000239506583256e-05,1.0207868288033426,0.005000000000015076
1.361,0.017041643537258698,0.0,0.10918570109743592,1.0000229892943443e-05,1.0209690984408215,0.005000000000015087
1.362,0.017044143537258697,0.0,0.10918256388100724,1.0000220677447531e-05,1.0211513684015547,0.005000000000015099
1.363,0.017046643537258696,0.0,0.109179399256757,1.0000211849476515e-05,1.0213336386855576,0.005000000000015111
1.364,0.0170491435372587,0.0,0.10917620722455797,1.0000203398411396e-05,1.0215159092928456,0.005000000000015123
1.365,0.017051643537258698,0.0,0.10917298778425043,1.000019531363317e-05,1.0216981802234344,0.005000000000015136
1.366,0.017054143537258697,0.0,0.1091697409357495,1.0000187584522836e-05,1.0218804514773396,0.005000000000015148
1.367,0.017056643537258696,0.0,0.10916646667898076,1.0000180200461394e-05,1.0220627230545765,0.00500000000001516
1.368,0.017059143537258698,0.0,0.10916316501382653,1.000017315082984e-05,1.022244994955161,0.005000000000015172
1.369,0.017061643537258697,0.0,0.10915983594021175,1.0000166425009173e-05,1.0224272671791086,0.005000000000015184
1.37,0.017064143537258696,0.0,0.10915647945809334,1.0000160012380391e-05,1.0226095397264345,0.005000000000015196
1.371,0.017066643537258695,0.0,0.10915309556738492,1.0000153902324493e-05,1.022791812597155,0.005000000000015208
1.372,0.017069143537258698,0.0,0.10914968426807502,1.0000148084222475e-05,1.022974085791285,0.005000000000015221
1.373,0.017071643537258697,0.0,0.10914624556010886,1.000014254745534e-05,1.0231563593088402,0.005000000000015233
1.374,0.017074143537258696,0.0,0.10914277944345294,1.0000137281404083e-05,1.0233386331498364,0.005000000000015245
1.375,0.0170766435372587,0.0,0.10913928591811635,1.0000132275449702e-05,1.0235209073142892,0.005000000000015257
1.3760000000000001,0.017079143537258697,0.0,0.10913576498409717,1.0000127518973197e-05,1.0237031818022138,0.005000000000015269
1.377,0.017081643537258696,0.0,0.10913221664136104,1.0000123001355563e-05,1.0238854566136262,0.005000000000015281
1.3780000000000001,0.0170841435372587,0.0,0.10912864088998057,1.0000118711977803e-05,1.0240677317485416,0.005000000000015293
1.379,0.017086643537258698,0.0,0.10912503772994231,1.0000114640220913e-05,1.0242500072069758,0.005000000000015306
1.3800000000000001,0.017089143537258697,0.0,0.10912140716131838,1.000011077546589e-05,1.024432282988944,0.005000000000015318
1.381,0.017091643537258696,0.0,0.10911774918412691,1.0000107107093733e-05,1.0246145590944624,0.00500000000001533
1.3820000000000001,0.0170941435372587,0.0,0.10911406379846095,1.0000103624485441e-05,1.0247968355235462,0.005000000000015342
1.383,0.017096643537258698,0.0,0.10911035100434886,1.0000100317022012e-05,1.0249791122762109,0.005000000000015354
1.3840000000000001,0.017099143537258697,0.0,0.10910661080189385,1.0000097174084445e-05,1.0251613893524723,0.005000000000015367
1.385,0.017101643537258696,0.0,0.10910284319118814,1.0000094185053737e-05,1.0253436667523457,0.005000000000015379
1.3860000000000001,0.017104143537258698,0.0,0.10909904817234516,1.0000091339310887e-05,1.0255259444758469,0.0050000000000153914
1.387,0.017106643537258697,0.0,0.10909522574545658,1.0000088626236892e-05,1.0257082225229912,0.005000000000015404
1.3880000000000001,0.017109143537258696,0.0,0.10909137591064606,1.0000086035212753e-05,1.0258905008937944,0.005000000000015416
1.389,0.0171116435372587,0.0,0.10908749866806913,1.0000083555619466e-05,1.026072779588272,0.005000000000015429
1.3900000000000001,0.017114143537258698,0.0,0.10908359401783818,1.000008117683803e-05,1.0262550586064396,0.005000000000015441
1.391,0.017116643537258697,0.0,0.10907966196009754,1.0000078888249443e-05,1.026437337948313,0.005000000000015453
1.3920000000000001,0.017119143537258696,0.0,0.1090757024950449,1.0000076679234704e-05,1.0266196176139073,0.005000000000015465
1.393,0.017121643537258698,0.0,0.10907171562287776,1.000007453917481e-05,1.0268018976032383,0.005000000000015478
1.3940000000000001,0.017124143537258697,0.0,0.10906770134372894,1.000007245745076e-05,1.0269841779163214,0.00500000000001549
1.395,0.017126643537258696,0.0,0.10906365965778465,1.0000070423443553e-05,1.0271664585531726,0.0050000000000155025
1.3960000000000001,0.0171291435372587,0.0,0.10905959056531676,1.0000068426534186e-05,1.027348739513807,0.005000000000015515
1.397,0.017131643537258698,0.0,0.10905549406650028,1.0000066456103657e-05,1.0275310207982402,0.005000000000015528
1.3980000000000001,0.017134143537258697,0.0,0.10905137016155289,1.0000064501532966e-05,1.0277133024064882,0.00500000000001554
1.399,0.017136643537258696,0.0,0.10904721885072424,1.0000062552203112e-05,1.0278955843385662,0.005000000000015552
1.4000000000000001,0.0171391435372587,0.0,0.10904304013426375,1.000006059749509e-05,1.02807786659449,0.005000000000015565
1.401,0.017141643537258697,0.0,0.10903883401244202,1.00000586267899e-05,1.0282601491742749,0.005000000000015577
1.4020000000000001,0.017144143537258696,0.0,0.10903460048549726,1.0000056629468539e-05,1.0284424320779366,0.005000000000015589
1.403,0.017146643537258695,0.0,0.1090303395274621,1.0000054508014897e-05,1.0286247153058004,0.005000000000015602
1.4040000000000001,0.017149143537258698,0.0,0.10902605111080428,1.0000052266312774e-05,1.0288069988582096,0.005000000000015614
1.405,0.017151643537258697,0.0,0.10902173528662792,1.0000050123751504e-05,1.0289892827345808,0.0050000000000156265
1.4060000000000001,0.017154143537258696,0.0,0.10901739205444085,1.000004807779667e-05,1.0291715669349393,0.0050000000000156395
1.407,0.0171566435372587,0.0,0.10901302141372925,1.0000046125913855e-05,1.0293538514593108,0.005000000000015652
1.408,0.017159143537258698,0.0,0.10900862336392554,1.000004426556864e-05,1.029536136307721,0.005000000000015665
1.409,0.017161643537258697,0.0,0.1090041979045478,1.0000042494226609e-05,1.029718421480195,0.005000000000015677
1.41,0.017164143537258696,0.0,0.1089997450351247,1.000004080935334e-05,1.029900706976759,0.00500000000001569
1.411,0.017166643537258698,0.0,0.10899526475518477,1.0000039208414423e-05,1.0300829927974378,0.005000000000015702
1.412,0.017169143537258697,0.0,0.10899075706419199,1.0000037688875435e-05,1.0302652789422575,0.005000000000015715
1.413,0.017171643537258696,0.0,0.10898622196173902,1.0000036248201959e-05,1.0304475654112435,0.005000000000015727
1.414,0.017174143537258695,0.0,0.10898165944736464,1.000003488385958e-05,1.030629852204421,0.00500000000001574
1.415,0.017176643537258698,0.0,0.10897706952063975,1.0000033593313878e-05,1.0308121393218161,0.005000000000015752
1.416,0.017179143537258697,0.0,0.10897245218110292,1.0000032374030435e-05,1.030994426763454,0.005000000000015765
1.417,0.017181643537258696,0.0,0.10896780742834625,1.0000031223474836e-05,1.0311767145293604,0.005000000000015777
1.418,0.0171841435372587,0.0,0.10896313526200456,1.0000030139112662e-05,1.0313590026195607,0.00500000000001579
1.419,0.017186643537258697,0.0,0.10895843568160538,1.0000029118409495e-05,1.0315412910340807,0.005000000000015803
1.42,0.017189143537258696,0.0,0.10895370868680472,1.0000028158830918e-05,1.0317235797729456,0.005000000000015816
1.421,0.017191643537258695,0.0,0.10894895427723714,1.0000027257842514e-05,1.031905868836181,0.005000000000015828
1.422,0.017194143537258698,0.0,0.10894417245253697,1.0000026412909865e-05,1.0320881582238126,0.005000000000015841
1.423,0.017196643537258697,0.0,0.1089393632123171,1.0000025621498552e-05,1.032270447935866,0.005000000000015854
1.424,0.017199143537258696,0.0,0.10893452655623316,1.000002488107416e-05,1.0324527379723667,0.005000000000015866
1.425,0.0172016435372587,0.0,0.10892966248399426,1.0000024189102269e-05,1.03263502833334,0.005000000000015879
1.426,0.017204143537258697,0.0,0.10892477099524513,1.0000023543048462e-05,1.0328173190188117,0.005000000000015892
1.427,0.017206643537258696,0.0,0.10891985208967325,1.0000022940378324e-05,1.0329996100288072,0.005000000000015904
1.428,0.017209143537258696,0.0,0.10891490576696605,1.0000022378557435e-05,1.0331819013633523,0.005000000000015917
1.429,0.017211643537258698,0.0,0.1089099320268859,1.0000021855051378e-05,1.0333641930224722,0.00500000000001593
1.43,0.017214143537258697,0.0,0.10890493086909861,1.0000021367325734e-05,1.0335464850061926,0.005000000000015942
1.431,0.017216643537258696,0.0,0.10889990229333417,1.0000020912846088e-05,1.0337287773145392,0.005000000000015955
1.432,0.017219143537258695,0.0,0.10889484629936547,1.000002048907802e-05,1.0339110699475371,0.005000000000015968
1.433,0.017221643537258698,0.0,0.1088897628869331,1.0000020093487115e-05,1.0340933629052125,0.00500000000001598
1.434,0.017224143537258697,0.0,0.10888465205578829,1.0000019723538955e-05,1.0342756561875903,0.005000000000015993
1.435,0.017226643537258696,0.0,0.10887951380570368,1.000001937669912e-05,1.0344579497946964,0.005000000000016006
1.436,0.017229143537258698,0.0,0.10887434813648399,1.0000019050433195e-05,1.0346402437265563,0.005000000000016019
1.437,0.017231643537258697,0.0,0.10886915504789095,1.000001874220676e-05,1.0348225379831955,0.0050000000000160316
1.438,0.017234143537258696,0.0,0.10886393453973993,1.0000018449485401e-05,1.0350048325646395,0.0050000000000160446
1.439,0.0172366435372587,0.0,0.10885868661185681,1.0000018169734698e-05,1.0351871274709141,0.005000000000016058
1.44,0.017239143537258698,0.0,0.10885341126406757,1.0000017900420232e-05,1.0353694227020445,0.005000000000016071
1.441,0.017241643537258697,0.0,0.10884810849617658,1.0000017639007589e-05,1.0355517182580565,0.005000000000016084
1.442,0.017244143537258696,0.0,0.1088427783080847,1.000001738296235e-05,1.0357340141389753,0.005000000000016097
1.443,0.0172466435372587,0.0,0.1088374206996284,1.0000017129750095e-05,1.0359163103448268,0.005000000000016109
1.444,0.017249143537258697,0.0,0.10883203567065482,1.0000016876836411e-05,1.0360986068756364,0.005000000000016122
1.445,0.017251643537258696,0.0,0.10882662322104322,1.0000016621686877e-05,1.0362809037314298,0.005000000000016135
1.446,0.017254143537258695,0.0,0.10882118335072645,1.0000016361767075e-05,1.036463200912232,0.005000000000016148
1.447,0.017256643537258698,0.0,0.10881571605956222,1.0000016094542592e-05,1.0366454984180695,0.005000000000016161
1.448,0.017259143537258697,0.0,0.10881022134748329,1.0000015817479006e-05,1.036827796248967,0.005000000000016174
1.449,0.017261643537258696,0.0,0.1088046992143795,1.00000155280419e-05,1.0370100944049505,0.005000000000016187
1.45,0.0172641435372587,0.0,0.10879914966024788,1.0000015223696858e-05,1.0371923928860451,0.0050000000000162
1.451,0.017266643537258698,0.0,0.10879357268495674,1.0000014901909462e-05,1.037374691692277,0.005000000000016213
1.452,0.017269143537258697,0.0,0.10878796828851377,1.0000014560145293e-05,1.037556990823671,0.005000000000016226
1.453,0.017271643537258696,0.0,0.10878233647085159,1.0000014195869936e-05,1.0377392902802534,0.005000000000016239
1.454,0.017274143537258698,0.0,0.10877667723198851,1.000001380654897e-05,1.037921590062049,0.005000000000016252
1.455,0.017276643537258697,0.0,0.10877099057185718,1.0000013389647981e-05,1.038103890169084,0.005000000000016265
1.456,0.017279143537258696,0.0,0.10876527649048663,1.000001294263255e-05,1.0382861906013834,0.005000000000016278
1.457,0.0172816435372587,0.0,0.1087595349878737,1.0000012462968258e-05,1.0384684913589732,0.005000000000016291
1.458,0.017284143537258698,0.0,0.10875376606403675,1.0000011948120691e-05,1.0386507924418786,0.005000000000016304
1.459,0.017286643537258697,0.0,0.10874796971901549,1.0000011395555427e-05,1.0388330938501253,0.005000000000016317
1.46,0.017289143537258696,0.0,0.10874214595282823,1.0000010802738054e-05,1.039015395583739,0.00500000000001633
1.461,0.017291643537258698,0.0,0.10873629476553617,1.0000010167134147e-05,1.039197697642745,0.005000000000016343
1.462,0.017294143537258697,0.0,0.1087304161572112,1.0000009486209296e-05,1.039380000027169,0.005000000000016356
1.463,0.017296643537258696,0.0,0.1087245101279145,1.0000008757429078e-05,1.0395623027370362,0.005000000000016369
1.464,0.017299143537258695,0.0,0.10871857667772873,1.0000007978259078e-05,1.0397446057723725,0.005000000000016382
1.465,0.017301643537258698,0.0,0.10871261580676869,1.0000007146164878e-05,1.0399269091332033,0.005000000000016395
1.466,0.017304143537258697,0.0,0.10870662751509563,1.0000006258612061e-05,1.0401092128195544,0.005000000000016408
1.467,0.017306643537258696,0.0,0.1087006118028351,1.0000005313066208e-05,1.040291516831451,0.005000000000016421
1.468,0.0173091435372587,0.0,0.10869456867016629,1.0000004306992902e-05,1.0404738211689188,0.005000000000016435
1.469,0.017311643537258697,0.0,0.10868849811715048,1.0000003237857726e-05,1.0406561258319833,0.005000000000016448
1.47,0.017314143537258696,0.0,0.1086824001439669,1.0000002103126263e-05,1.0408384308206702,0.005000000000016461
1.471,0.017316643537258695,0.0,0.1086762747507841,1.0000000900264093e-05,1.0410207361350048,0.005000000000016474
1.472,0.017319143537258698,0.0,0.10867012193778135,9.999999626736801e-06,1.0412030417750127,0.005000000000016487
1.473,0.017321643537258697,0.0,0.10866394170509512,9.999998280009968e-06,1.0413853477407196,0.0050000000000165
1.474,0.017324143537258696,0.0,0.10865773405293692,9.999996857549178e-06,1.0415676540321508,0.005000000000016514
1.475,0.0173266435372587,0.0,0.10865149898152901,9.999995356820012e-06,1.0417499606493321,0.005000000000016527
1.476,0.017329143537258698,0.0,0.10864523649101873,9.999993775288052e-06,1.041932267592289,0.00500000000001654
1.477,0.017331643537258697,0.0,0.10863894658169271,9.999992110418882e-06,1.042114574861047,0.005000000000016553
1.478,0.017334143537258696,0.0,0.10863262925376264,9.999990359678084e-06,1.0422968824556316,0.005000000000016567
1.479,0.017336643537258698,0.0,0.1086262845075046,9.99998852053124e-06,1.0424791903760682,0.00500000000001658
1.48,0.017339143537258697,0.0,0.10861991234310897,9.99998659044393e-06,1.0426614986223826,0.005000000000016593
1.481,0.017341643537258696,0.0,0.10861351276086262,9.999984566881742e-06,1.0428438071946002,0.005000000000016607
1.482,0.017344143537258695,0.0,0.10860708576106323,9.999982447310254e-06,1.0430261160927468,0.00500000000001662
1.483,0.017346643537258698,0.0,0.10860063134399778,9.999980229195052e-06,1.0432084253168477,0.005000000000016633
1.484,0.017349143537258697,0.0,0.10859414950995337,9.999977910001715e-06,1.0433907348669282,0.0050000000000166465
1.485,0.017351643537258696,0.0,0.10858764025920642,9.999975487195825e-06,1.0435730447430145,0.0050000000000166595
1.486,0.0173541435372587,0.0,0.10858110343211654,9.999973411309357e-06,1.0437553549470213,0.0050000000000166725
1.487,0.017356643537258697,0.0,0.1085745384681525,9.999973411309357e-06,1.0439376654855963,0.005000000000016686
1.488,0.017359143537258696,0.0,0.10856794613513256,9.999973411309357e-06,1.0441199763497035,0.005000000000016699
1.489,0.0173616435372587,0.0,0.10856132643159486,9.999973411309357e-06,1.04430228753939,0.005000000000016713
1.49,0.017364143537258698,0.0,0.10855467935605646,9.999973411309357e-06,1.0444845990547025,0.005000000000016726
1.491,0.017366643537258697,0.0,0.10854800490712037,9.999973411309357e-06,1.0446669108956879,0.005000000000016739
1.492,0.017369143537258696,0.0,0.10854130308330417,9.999973411309357e-06,1.0448492230623934,0.005000000000016753
1.493,0.0173716435372587,0.0,0.1085345738832329,9.999973411309357e-06,1.0450315355548658,0.005000000000016766
1.494,0.017374143537258697,0.0,0.10852781730546755,9.999973411309357e-06,1.0452138483731521,0.00500000000001678
1.495,0.017376643537258697,0.0,0.10852103334862304,9.999973411309357e-06,1.045396161517299,0.005000000000016793
1.496,0.017379143537258696,0.0,0.10851422201131454,9.999973411309357e-06,1.0455784749873538,0.005000000000016807
1.497,0.017381643537258698,0.0,0.10850738329217897,9.999973411309357e-06,1.045760788783363,0.00500000000001682
1.498,0.017384143537258697,0.0,0.1085005171898215,9.999973411309357e-06,1.045943102905374,0.005000000000016834
1.499,0.017386643537258696,0.0,0.10849362370289034,9.999973411309357e-06,1.0461254173534336,0.005000000000016847
1.5,0.0173891435372587,0.0,0.10848670283009838,9.999973411309357e-06,1.0463077321275884,0.005000000000016861
1.5010000000000001,0.017391643537258698,0.0,0.10847975457005171,9.999973411309357e-06,1.0464900472278855,0.005000000000016874
1.502,0.017394143537258697,0.0,0.10847277892143176,9.999973411309357e-06,1.0466723626543721,0.005000000000016888
1.5030000000000001,0.017396643537258696,0.0,0.10846577588296308,9.999973411309357e-06,1.046854678407095,0.0050000000000169015
1.504,0.017399143537258698,0.0,0.10845874545337057,9.999973411309357e-06,1.0470369944861007,0.0050000000000169145
1.5050000000000001,0.017401643537258697,0.0,0.1084516876312832,9.999973411309357e-06,1.0472193108914367,0.005000000000016928
1.506,0.017404143537258696,0.0,0.10844460241549082,9.999973411309357e-06,1.0474016276231497,0.005000000000016941
1.5070000000000001,0.0174066435372587,0.0,0.10843748980471943,9.999973411309357e-06,1.0475839446812867,0.005000000000016955
1.508,0.017409143537258698,0.0,0.10843034979769545,9.999973411309357e-06,1.0477662620658945,0.005000000000016969
1.5090000000000001,0.017411643537258697,0.0,0.1084231823931777,9.999973411309357e-06,1.0479485797770203,0.005000000000016982
1.51,0.017414143537258696,0.0,0.1084159875899576,9.999973411309357e-06,1.0481308978147106,0.005000000000016996
1.5110000000000001,0.0174166435372587,0.0,0.10840876538680545,9.999973411309357e-06,1.0483132161790127,0.00500000000001701
1.512,0.017419143537258697,0.0,0.10840151578247063,9.999973411309357e-06,1.0484955348699736,0.005000000000017023
1.5130000000000001,0.017421643537258696,0.0,0.10839423877582058,9.999973411309357e-06,1.0486778538876398,0.005000000000017037
1.514,0.017424143537258695,0.0,0.10838693436562688,9.999973411309357e-06,1.0488601732320586,0.005000000000017051
1.5150000000000001,0.017426643537258698,0.0,0.10837960255075778,9.999973411309357e-06,1.0490424929032767,0.005000000000017065
1.516,0.017429143537258697,0.0,0.10837224332997497,9.999973411309357e-06,1.0492248129013413,0.005000000000017078
1.5170000000000001,0.017431643537258696,0.0,0.10836485670216899,9.999973411309357e-06,1.049407133226299,0.0050000000000170915
1.518,0.0174341435372587,0.0,0.10835744266623078,9.999973411309357e-06,1.049589453878197,0.005000000000017105
1.5190000000000001,0.017436643537258698,0.0,0.1083500012209554,9.999973411309357e-06,1.049771774857082,0.005000000000017119
1.52,0.017439143537258697,0.0,0.10834253236524538,9.999973411309357e-06,1.0499540961630014,0.005000000000017132
1.5210000000000001,0.017441643537258696,0.0,0.10833503609802507,9.999973411309357e-06,1.0501364177960015,0.005000000000017146
1.522,0.017444143537258698,0.0,0.10832751241818717,9.999973411309357e-06,1.0503187397561298,0.00500000000001716
1.5230000000000001,0.017446643537258697,0.0,0.10831996132461415,9.999973411309357e-06,1.0505010620434327,0.005000000000017174
1.524,0.017449143537258696,0.0,0.10831238281625313,9.999973411309357e-06,1.0506833846579575,0.005000000000017188
1.5250000000000001,0.0174516435372587,0.0,0.108304776892041,9.999973411309357e-06,1.0508657075997512,0.005000000000017202
1.526,0.017454143537258698,0.0,0.10829714355090439,9.999973411309357e-06,1.0510480308688603,0.0050000000000172155
1.5270000000000001,0.017456643537258697,0.0,0.10828948279182395,9.999973411309357e-06,1.051230354465332,0.0050000000000172285
1.528,0.017459143537258696,0.0,0.10828179461373796,9.999973411309357e-06,1.0514126783892135,0.005000000000017242
1.5290000000000001,0.017461643537258698,0.0,0.10827407901567082,9.999973411309357e-06,1.0515950026405514,0.005000000000017256
1.53,0.017464143537258697,0.0,0.10826633599659391,9.999973411309357e-06,1.0517773272193924,0.00500000000001727
1.5310000000000001,0.017466643537258696,0.0,0.10825856555546842,9.999973411309357e-06,1.0519596521257841,0.005000000000017284
1.532,0.017469143537258695,0.0,0.10825076769137368,9.999973411309357e-06,1.0521419773597729,0.005000000000017298
1.5330000000000001,0.017471643537258698,0.0,0.10824294240332535,9.999973411309357e-06,1.0523243029214058,0.005000000000017312
1.534,0.017474143537258697,0.0,0.1082350896903076,9.999973411309357e-06,1.0525066288107299,0.005000000000017326
1.5350000000000001,0.017476643537258696,0.0,0.10822720955140125,9.999973411309357e-06,1.052688955027792,0.0050000000000173395
1.536,0.0174791435372587,0.0,0.10821930198569843,9.999973411309357e-06,1.052871281572639,0.005000000000017353
1.537,0.017481643537258697,0.0,0.10821136699219552,9.999973411309357e-06,1.0530536084453181,0.005000000000017367
1.538,0.017484143537258696,0.0,0.10820340457001777,9.999973411309357e-06,1.053235935645876,0.005000000000017381
1.539,0.017486643537258695,0.0,0.10819541471825889,9.999973411309357e-06,1.0534182631743596,0.005000000000017395
1.54,0.017489143537258698,0.0,0.10818739743601313,9.999973411309357e-06,1.0536005910308162,0.005000000000017409
1.541,0.017491643537258697,0.0,0.10817935272239665,9.999973411309357e-06,1.053782919215292,0.005000000000017423
1.542,0.017494143537258696,0.0,0.10817128057652624,9.999973411309357e-06,1.0539652477278347,0.005000000000017437
1.543,0.017496643537258695,0.0,0.10816318099754058,9.999973411309357e-06,1.054147576568491,0.0050000000000174506
1.544,0.017499143537258698,0.0,0.10815505398463236,9.999973411309357e-06,1.0543299057373074,0.005000000000017464
1.545,0.017501643537258697,0.0,0.10814689953689872,9.999973411309357e-06,1.0545122352343312,0.005000000000017479
1.546,0.017504143537258696,0.0,0.1081387176535228,9.999973411309357e-06,1.0546945650596096,0.005000000000017493
1.547,0.017506643537258698,0.0,0.10813050833373114,9.999973411309357e-06,1.054876895213189,0.005000000000017507
1.548,0.017509143537258697,0.0,0.10812227157665462,9.999973411309357e-06,1.0550592256951168,0.005000000000017521
1.549,0.017511643537258696,0.0,0.10811400738155307,9.999973411309357e-06,1.0552415565054394,0.005000000000017535
1.55,0.0175141435372587,0.0,0.10810571574762269,9.999973411309357e-06,1.0554238876442041,0.005000000000017549
1.551,0.017516643537258698,0.0,0.10809739667406036,9.999973411309357e-06,1.055606219111458,0.005000000000017563
1.552,0.017519143537258697,0.0,0.10808905016013835,9.999973411309357e-06,1.0557885509072475,0.005000000000017577
1.553,0.017521643537258696,0.0,0.10808067620508681,9.999973411309357e-06,1.0559708830316201,0.005000000000017591
1.554,0.0175241435372587,0.0,0.10807227480821135,9.999973411309357e-06,1.0561532154846223,0.005000000000017605
1.555,0.017526643537258697,0.0,0.10806384596872198,9.999973411309357e-06,1.0563355482663013,0.005000000000017619
1.556,0.017529143537258696,0.0,0.10805538968594691,9.999973411309357e-06,1.0565178813767038,0.005000000000017634
1.557,0.017531643537258695,0.0,0.10804690595916161,9.999973411309357e-06,1.0567002148158768,0.0050000000000176474
1.558,0.017534143537258698,0.0,0.10803839478769553,9.999973411309357e-06,1.0568825485838675,0.005000000000017661
1.559,0.017536643537258697,0.0,0.10802985617082544,9.999973411309357e-06,1.0570648826807225,0.005000000000017676
1.56,0.017539143537258696,0.0,0.1080212901079035,9.999973411309357e-06,1.057247217106489,0.00500000000001769
1.561,0.0175416435372587,0.0,0.10801269659830391,9.999973411309357e-06,1.0574295518612136,0.005000000000017704
1.562,0.017544143537258697,0.0,0.10800407564130542,9.999973411309357e-06,1.0576118869449436,0.005000000000017719
1.563,0.017546643537258697,0.0,0.10799542723633697,9.999973411309357e-06,1.0577942223577255,0.0050000000000177324
1.564,0.017549143537258696,0.0,0.10798675138272137,9.999973411309357e-06,1.0579765580996068,0.005000000000017746
1.565,0.017551643537258698,0.0,0.10797804807989965,9.999973411309357e-06,1.058158894170634,0.005000000000017761
1.566,0.017554143537258697,0.0,0.10796931732722805,9.999973411309357e-06,1.058341230570854,0.005000000000017775
1.567,0.017556643537258696,0.0,0.10796055912411688,9.999973411309357e-06,1.058523567300314,0.005000000000017789
1.568,0.0175591435372587,0.0,0.10795177347001993,9.999973411309357e-06,1.0587059043590608,0.005000000000017804
1.569,0.017561643537258698,0.0,0.10794296036433829,9.999973411309357e-06,1.0588882417471412,0.0050000000000178174
1.57,0.017564143537258697,0.0,0.1079341198065271,9.999973411309357e-06,1.0590705794646023,0.005000000000017832
1.571,0.017566643537258696,0.0,0.10792525179601026,9.999973411309357e-06,1.059252917511491,0.005000000000017846
1.572,0.017569143537258698,0.0,0.10791635633229779,9.999973411309357e-06,1.0594352558878546,0.005000000000017861
1.573,0.017571643537258697,0.0,0.10790743341483637,9.999973411309357e-06,1.0596175945937394,0.005000000000017875
1.574,0.017574143537258696,0.0,0.10789848304313748,9.999973411309357e-06,1.0597999336291926,0.0050000000000178894
1.575,0.017576643537258695,0.0,0.10788950521669197,9.999973411309357e-06,1.059982272994261,0.005000000000017903
1.576,0.017579143537258698,0.0,0.10788049993501282,9.999973411309357e-06,1.0601646126889919,0.005000000000017918
1.577,0.017581643537258697,0.0,0.10787146719759241,9.999973411309357e-06,1.060346952713432,0.005000000000017932
1.578,0.017584143537258696,0.0,0.10786240700400929,9.999973411309357e-06,1.060529293067628,0.005000000000017947
1.579,0.0175866435372587,0.0,0.10785331935382135,9.999973411309357e-06,1.0607116337516271,0.0050000000000179606
1.58,0.017589143537258697,0.0,0.10784420424650193,9.999973411309357e-06,1.0608939747654764,0.005000000000017975
1.581,0.017591643537258696,0.0,0.10783506168169593,9.999973411309357e-06,1.0610763161092225,0.00500000000001799
1.582,0.017594143537258695,0.0,0.10782589165894227,9.999973411309357e-06,1.0612586577829126,0.005000000000018004
1.583,0.017596643537258698,0.0,0.10781669417789802,9.999973411309357e-06,1.0614409997865932,0.005000000000018019
1.584,0.017599143537258697,0.0,0.10780746923807172,9.999973411309357e-06,1.0616233421203118,0.0050000000000180326
1.585,0.017601643537258696,0.0,0.10779821683915404,9.999973411309357e-06,1.0618056847841149,0.005000000000018047
1.586,0.0176041435372587,0.0,0.1077889369807298,9.999973411309357e-06,1.0619880277780498,0.005000000000018062
1.587,0.017606643537258698,0.0,0.10777962966243795,9.999973411309357e-06,1.062170371102163,0.005000000000018076
1.588,0.017609143537258697,0.0,0.1077702948839503,9.999973411309357e-06,1.0623527147565017,0.005000000000018091
1.589,0.017611643537258696,0.0,0.10776093264489674,9.999973411309357e-06,1.0625350587411129,0.005000000000018105
1.59,0.017614143537258698,0.0,0.10775154294501475,9.999973411309357e-06,1.0627174030560431,0.005000000000018119
1.591,0.017616643537258697,0.0,0.10774212578389321,9.999973411309357e-06,1.0628997477013398,0.005000000000018134
1.592,0.017619143537258696,0.0,0.10773268116128193,9.999973411309357e-06,1.0630820926770497,0.005000000000018149
1.593,0.017621643537258695,0.0,0.10772320907686748,9.999973411309357e-06,1.0632644379832197,0.0050000000000181635
1.594,0.017624143537258698,0.0,0.10771370953041204,9.999973411309357e-06,1.0634467836198966,0.005000000000018177
1.595,0.017626643537258697,0.0,0.10770418252158255,9.999973411309357e-06,1.0636291295871276,0.005000000000018192
1.596,0.017629143537258696,0.0,0.10769462805016419,9.999973411309357e-06,1.0638114758849595,0.005000000000018207
1.597,0.017631643537258698,0.0,0.10768504611588968,9.999973411309357e-06,1.0639938225134393,0.005000000000018222
1.598,0.017634143537258697,0.0,0.10767543671853526,9.999973411309357e-06,1.0641761694726137,0.005000000000018236
1.599,0.017636643537258696,0.0,0.10766579985784602,9.999973411309357e-06,1.06435851676253,0.00500000000001825
1.6,0.0176391435372587,0.0,0.10765613553366399,9.999973411309357e-06,1.0645408643832348,0.005000000000018265
1.601,0.017641643537258698,0.0,0.10764644374573602,9.999973411309357e-06,1.0647232123347752,0.00500000000001828
1.602,0.017644143537258697,0.0,0.10763672449389522,9.999973411309357e-06,1.064905560617198,0.0050000000000182945
1.603,0.017646643537258696,0.0,0.10762697777795426,9.999973411309357e-06,1.0650879092305503,0.005000000000018309
1.604,0.0176491435372587,0.0,0.10761720359774804,9.999973411309357e-06,1.0652702581748792,0.005000000000018324
1.605,0.017651643537258697,0.0,0.10760740195313369,9.999973411309357e-06,1.065452607450231,0.005000000000018339
1.606,0.017654143537258696,0.0,0.10759757284394791,9.999973411309357e-06,1.0656349570566535,0.0050000000000183535
1.607,0.017656643537258696,0.0,0.10758771627008168,9.999973411309357e-06,1.0658173069941927,0.005000000000018368
1.608,0.017659143537258698,0.0,0.10757783223140552,9.999973411309357e-06,1.0659996572628962,0.005000000000018383
1.609,0.017661643537258697,0.0,0.1075679207278016,9.999973411309357e-06,1.0661820078628108,0.005000000000018398
1.61,0.017664143537258696,0.0,0.10755798175916366,9.999973411309357e-06,1.0663643587939833,0.0050000000000184125
1.611,0.0176666435372587,0.0,0.10754801532547166,9.999973411309357e-06,1.0665467100564605,0.005000000000018427
1.612,0.017669143537258698,0.0,0.10753802142654663,9.999973411309357e-06,1.0667290616502898,0.005000000000018442
1.613,0.017671643537258697,0.0,0.10752800006241302,9.999973411309357e-06,1.0669114135755176,0.005000000000018457
1.614,0.0176741435372587,0.0,0.10751795123297911,9.999973411309357e-06,1.0670937658321913,0.0050000000000184714
1.615,0.017676643537258698,0.0,0.10750787493821798,9.999973411309357e-06,1.0672761184203574,0.005000000000018486
1.616,0.017679143537258697,0.0,0.10749777117808243,9.999973411309357e-06,1.0674584713400632,0.005000000000018501
1.617,0.017681643537258696,0.0,0.10748763995256885,9.999973411309357e-06,1.0676408245913556,0.005000000000018516
1.618,0.0176841435372587,0.0,0.10747748126172786,9.999973411309357e-06,1.067823178174281,0.00500000000001853
1.619,0.017686643537258698,0.0,0.1074672951054726,9.999973411309357e-06,1.068005532088887,0.005000000000018545
1.62,0.017689143537258697,0.0,0.10745708148385566,9.999973411309357e-06,1.0681878863352205,0.00500000000001856
1.621,0.017691643537258696,0.0,0.10744684039693071,9.999973411309357e-06,1.068370240913328,0.005000000000018575
1.622,0.0176941435372587,0.0,0.10743657184474167,9.999973411309357e-06,1.0685525958232567,0.005000000000018589
1.623,0.017696643537258697,0.0,0.10742627582732292,9.999973411309357e-06,1.0687349510650532,0.005000000000018605
1.624,0.017699143537258696,0.0,0.10741595234473107,9.999973411309357e-06,1.068917306638765,0.00500000000001862
1.625,0.0177016435372587,0.0,0.1074056013970771,9.999973411309357e-06,1.0690996625444387,0.0050000000000186345
1.6260000000000001,0.017704143537258698,0.0,0.10739522298440901,9.999973411309357e-06,1.0692820187821213,0.005000000000018649
1.627,0.017706643537258697,0.0,0.1073848171068505,9.999973411309357e-06,1.0694643753518596,0.005000000000018664
1.6280000000000001,0.017709143537258696,0.0,0.10737438376451557,9.999973411309357e-06,1.0696467322537007,0.00500000000001868
1.629,0.0177116435372587,0.0,0.1073639229575406,9.999973411309357e-06,1.0698290894876914,0.005000000000018694
1.6300000000000001,0.017714143537258698,0.0,0.10735343468604173,9.999973411309357e-06,1.0700114470538786,0.005000000000018709
1.631,0.017716643537258697,0.0,0.10734291895016809,9.999973411309357e-06,1.0701938049523094,0.005000000000018724
1.6320000000000001,0.017719143537258696,0.0,0.10733237575005926,9.999973411309357e-06,1.0703761631830309,0.0050000000000187395
1.633,0.017721643537258698,0.0,0.107321805085941,9.999973411309357e-06,1.0705585217460896,0.005000000000018754
1.6340000000000001,0.017724143537258697,0.0,0.10731120695794436,9.999973411309357e-06,1.0707408806415326,0.005000000000018769
1.635,0.017726643537258696,0.0,0.10730058136628666,9.999973411309357e-06,1.0709232398694069,0.005000000000018784
1.6360000000000001,0.0177291435372587,0.0,0.10728992831118625,9.999973411309357e-06,1.0711055994297594,0.005000000000018799
1.637,0.017731643537258698,0.0,0.10727924779282007,9.999973411309357e-06,1.071287959322637,0.005000000000018814
1.6380000000000001,0.017734143537258697,0.0,0.10726853981145125,9.999973411309357e-06,1.0714703195480866,0.00500000000001883
1.639,0.017736643537258696,0.0,0.10725780436730144,9.999973411309357e-06,1.0716526801061552,0.005000000000018844
1.6400000000000001,0.017739143537258698,0.0,0.10724704146064667,9.999973411309357e-06,1.07183504099689,0.005000000000018859
1.641,0.017741643537258697,0.0,0.10723625109175343,9.999973411309357e-06,1.0720174022203373,0.005000000000018875
1.6420000000000001,0.017744143537258696,0.0,0.10722543326084669,9.999973411309357e-06,1.0721997637765446,0.0050000000000188895
1.643,0.017746643537258695,0.0,0.10721458796829099,9.999973411309357e-06,1.0723821256655584,0.005000000000018905
1.6440000000000001,0.017749143537258698,0.0,0.1072037152143455,9.999973411309357e-06,1.0725644878874259,0.00500000000001892
1.645,0.017751643537258697,0.0,0.10719281499931316,9.999973411309357e-06,1.072746850442194,0.0050000000000189355
1.6460000000000001,0.017754143537258696,0.0,0.10718188732350864,9.999973411309357e-06,1.0729292133299098,0.00500000000001895
1.647,0.0177566435372587,0.0,0.1071709321873329,9.999973411309357e-06,1.0731115765506198,0.005000000000018965
1.6480000000000001,0.017759143537258697,0.0,0.10715994959106041,9.999973411309357e-06,1.0732939401043713,0.005000000000018981
1.649,0.017761643537258696,0.0,0.10714893953508375,9.999973411309357e-06,1.073476303991211,0.005000000000018995
1.6500000000000001,0.0177641435372587,0.0,0.10713790201976485,9.999973411309357e-06,1.0736586682111862,0.005000000000019011
1.651,0.017766643537258698,0.0,0.10712683704548799,9.999973411309357e-06,1.0738410327643433,0.0050000000000190266
1.6520000000000001,0.017769143537258697,0.0,0.10711574461264932,9.999973411309357e-06,1.0740233976507296,0.005000000000019041
1.653,0.017771643537258696,0.0,0.10710462472166746,9.999973411309357e-06,1.0742057628703918,0.005000000000019057
1.6540000000000001,0.0177741435372587,0.0,0.1070934773729515,9.999973411309357e-06,1.0743881284233772,0.005000000000019072
1.655,0.017776643537258698,0.0,0.10708230256692244,9.999973411309357e-06,1.0745704943097323,0.005000000000019087
1.6560000000000001,0.017779143537258697,0.0,0.10707110030402375,9.999973411309357e-06,1.0747528605295043,0.005000000000019103
1.657,0.017781643537258696,0.0,0.10705987058470004,9.999973411309357e-06,1.0749352270827401,0.005000000000019118
1.6580000000000001,0.017784143537258698,0.0,0.107048613409461,9.999973411309357e-06,1.0751175939694866,0.005000000000019133
1.659,0.017786643537258697,0.0,0.10703732877873244,9.999973411309357e-06,1.0752999611897907,0.005000000000019148
1.6600000000000001,0.017789143537258696,0.0,0.10702601669301577,9.999973411309357e-06,1.0754823287436994,0.005000000000019164
1.661,0.0177916435372587,0.0,0.10701467715285629,9.999973411309357e-06,1.0756646966312595,0.005000000000019179
1.6620000000000001,0.017794143537258698,0.0,0.10700331015871536,9.999973411309357e-06,1.075847064852518,0.005000000000019195
1.663,0.017796643537258697,0.0,0.1069919157111194,9.999973411309357e-06,1.076029433407522,0.0050000000000192096
1.6640000000000001,0.0177991435372587,0.0,0.10698049381063862,9.999973411309357e-06,1.0762118022963183,0.005000000000019225
1.665,0.0178016435372587,0.0,0.10696904445778069,9.999973411309357e-06,1.0763941715189538,0.005000000000019241
1.666,0.017804143537258697,0.0,0.10695756765313955,9.999973411309357e-06,1.0765765410754753,0.005000000000019256
1.667,0.017806643537258696,0.0,0.10694606339727854,9.999973411309357e-06,1.07675891096593,0.005000000000019271
1.668,0.017809143537258695,0.0,0.10693453169076227,9.999973411309357e-06,1.0769412811903647,0.005000000000019287
1.669,0.017811643537258698,0.0,0.10692297253424164,9.999973411309357e-06,1.0771236517488263,0.005000000000019302
1.67,0.017814143537258697,0.0,0.10691138592826253,9.999973411309357e-06,1.0773060226413618,0.005000000000019318
1.671,0.017816643537258696,0.0,0.10689977187345719,9.999973411309357e-06,1.0774883938680182,0.005000000000019334
1.672,0.0178191435372587,0.0,0.10688813037050156,9.999973411309357e-06,1.0776707654288422,0.005000000000019348
1.673,0.017821643537258697,0.0,0.10687646141998795,9.999973411309357e-06,1.0778531373238809,0.005000000000019364
1.674,0.017824143537258696,0.0,0.10686476502258437,9.999973411309357e-06,1.0780355095531813,0.00500000000001938
1.675,0.0178266435372587,0.0,0.1068530411789813,9.999973411309357e-06,1.0782178821167903,0.005000000000019395
1.676,0.017829143537258698,0.0,0.10684128988984934,9.999973411309357e-06,1.0784002550147544,0.005000000000019411
1.677,0.017831643537258697,0.0,0.1068295111558498,9.999973411309357e-06,1.0785826282471214,0.005000000000019426
1.678,0.017834143537258696,0.0,0.10681770497771961,9.999973411309357e-06,1.0787650018139374,0.005000000000019442
1.679,0.0178366435372587,0.0,0.10680587135618651,9.999973411309357e-06,1.0789473757152497,0.005000000000019458
1.68,0.017839143537258698,0.0,0.10679401029191574,9.999973411309357e-06,1.0791297499511054,0.005000000000019473
1.681,0.017841643537258697,0.0,0.10678212178570141,9.999973411309357e-06,1.0793121245215511,0.005000000000019489
1.682,0.017844143537258696,0.0,0.10677020583828585,9.999973411309357e-06,1.0794944994266338,0.0050000000000195045
1.683,0.017846643537258698,0.0,0.10675826245043399,9.999973411309357e-06,1.0796768746664007,0.00500000000001952
1.684,0.017849143537258697,0.0,0.10674629162290147,9.999973411309357e-06,1.0798592502408983,0.005000000000019536
1.685,0.017851643537258696,0.0,0.1067342933564772,9.999973411309357e-06,1.080041626150174,0.005000000000019551
1.686,0.0178541435372587,0.0,0.10672226765201513,9.999973411309357e-06,1.0802240023942742,0.005000000000019567
1.687,0.017856643537258698,0.0,0.1067102145102432,9.999973411309357e-06,1.0804063789732463,0.0050000000000195825
1.688,0.017859143537258697,0.0,0.1066981339320394,9.999973411309357e-06,1.080588755887137,0.005000000000019598
1.689,0.017861643537258696,0.0,0.10668602591821932,9.999973411309357e-06,1.0807711331359933,0.005000000000019614
1.69,0.0178641435372587,0.0,0.10667389046963191,9.999973411309357e-06,1.0809535107198622,0.005000000000019629
1.691,0.017866643537258697,0.0,0.10666172758713802,9.999973411309357e-06,1.0811358886387905,0.005000000000019645
1.692,0.017869143537258696,0.0,0.10664953727161058,9.999973411309357e-06,1.0813182668928252,0.005000000000019661
1.693,0.017871643537258695,0.0,0.10663731952393457,9.999973411309357e-06,1.081500645482013,0.005000000000019676
1.694,0.017874143537258698,0.0,0.10662507434502817,9.999973411309357e-06,1.0816830244064013,0.005000000000019693
1.695,0.017876643537258697,0.0,0.10661280173572614,9.999973411309357e-06,1.081865403666037,0.005000000000019708
1.696,0.017879143537258696,0.0,0.10660050169702379,9.999973411309357e-06,1.0820477832609663,0.005000000000019724
1.697,0.0178816435372587,0.0,0.1065881742298224,9.999973411309357e-06,1.082230163191237,0.0050000000000197395
1.698,0.017884143537258698,0.0,0.10657581933507777,9.999973411309357e-06,1.0824125434568954,0.005000000000019755
1.699,0.017886643537258697,0.0,0.10656343701371526,9.999973411309357e-06,1.0825949240579888,0.005000000000019772
1.7,0.017889143537258696,0.0,0.10655102726672536,9.999973411309357e-06,1.0827773049945641,0.005000000000019787
1.701,0.017891643537258698,0.0,0.10653859009508942,9.999973411309357e-06,1.0829596862666684,0.005000000000019803
1.702,0.017894143537258697,0.0,0.10652612549979026,9.999973411309357e-06,1.0831420678743482,0.0050000000000198185
1.703,0.017896643537258696,0.0,0.10651363348183339,9.999973411309357e-06,1.0833244498176506,0.005000000000019835
1.704,0.017899143537258695,0.0,0.10650111404223635,9.999973411309357e-06,1.0835068320966226,0.0050000000000198505
1.705,0.017901643537258698,0.0,0.10648856718206064,9.999973411309357e-06,1.083689214711311,0.005000000000019866
1.706,0.017904143537258697,0.0,0.10647599290228439,9.999973411309357e-06,1.083871597661763,0.005000000000019883
1.707,0.017906643537258696,0.0,0.1064633912039933,9.999973411309357e-06,1.0840539809480252,0.005000000000019898
1.708,0.017909143537258698,0.0,0.1064507620882533,9.999973411309357e-06,1.084236364570145,0.005000000000019914
1.709,0.017911643537258697,0.0,0.10643810555614246,9.999973411309357e-06,1.0844187485281687,0.00500000000001993
1.71,0.017914143537258696,0.0,0.10642542160871919,9.999973411309357e-06,1.0846011328221437,0.005000000000019946
1.711,0.0179166435372587,0.0,0.10641271024713879,9.999973411309357e-06,1.0847835174521168,0.0050000000000199624
1.712,0.017919143537258698,0.0,0.10639997147246268,9.999973411309357e-06,1.0849659024181348,0.005000000000019978
1.713,0.017921643537258697,0.0,0.10638720528582803,9.999973411309357e-06,1.085148287720245,0.0050000000000199945
1.714,0.017924143537258696,0.0,0.10637441168839473,9.999973411309357e-06,1.0853306733584938,0.00500000000002001
1.715,0.0179266435372587,0.0,0.10636159068129243,9.999973411309357e-06,1.0855130593329287,0.005000000000020026
1.716,0.017929143537258697,0.0,0.10634874226569468,9.999973411309357e-06,1.085695445643596,0.005000000000020042
1.717,0.017931643537258696,0.0,0.10633586644275546,9.999973411309357e-06,1.0858778322905434,0.005000000000020058
1.718,0.017934143537258695,0.0,0.10632296321367264,9.999973411309357e-06,1.0860602192738171,0.005000000000020074
1.719,0.017936643537258698,0.0,0.10631003257966684,9.999973411309357e-06,1.0862426065934645,0.005000000000020091
1.72,0.017939143537258697,0.0,0.10629707454188615,9.999973411309357e-06,1.0864249942495325,0.005000000000020106
1.721,0.017941643537258696,0.0,0.10628408910161789,9.999973411309357e-06,1.0866073822420677,0.005000000000020123
1.722,0.0179441435372587,0.0,0.10627107626007687,9.999973411309357e-06,1.0867897705711174,0.0050000000000201385
1.723,0.017946643537258698,0.0,0.10625803601847941,9.999973411309357e-06,1.0869721592367283,0.005000000000020155
1.724,0.017949143537258697,0.0,0.10624496837812825,9.999973411309357e-06,1.0871545482389473,0.005000000000020171
1.725,0.0179516435372587,0.0,0.10623187334026414,9.999973411309357e-06,1.0873369375778217,0.005000000000020187
1.726,0.017954143537258698,0.0,0.106218750906193,9.999973411309357e-06,1.0875193272533978,0.0050000000000202036
1.727,0.017956643537258697,0.0,0.10620560107716935,9.999973411309357e-06,1.0877017172657233,0.005000000000020219
1.728,0.017959143537258696,0.0,0.10619242385455532,9.999973411309357e-06,1.0878841076148444,0.005000000000020236
1.729,0.0179616435372587,0.0,0.10617921923962989,9.999973411309357e-06,1.0880664983008088,0.005000000000020252
1.73,0.017964143537258698,0.0,0.1061659872337478,9.999973411309357e-06,1.0882488893236626,0.005000000000020268
1.731,0.017966643537258697,0.0,0.1061527278382337,9.999973411309357e-06,1.0884312806834533,0.005000000000020284
1.732,0.017969143537258696,0.0,0.10613944105445614,9.999973411309357e-06,1.0886136723802275,0.005000000000020301
1.733,0.0179716435372587,0.0,0.10612612688378541,9.999973411309357e-06,1.0887960644140326,0.005000000000020317
1.734,0.017974143537258697,0.0,0.106112785327604,9.999973411309357e-06,1.088978456784915,0.005000000000020333
1.735,0.017976643537258696,0.0,0.10609941638727491,9.999973411309357e-06,1.0891608494929221,0.005000000000020349
1.736,0.0179791435372587,0.0,0.10608602006426862,9.999973411309357e-06,1.0893432425381004,0.005000000000020366
1.737,0.017981643537258698,0.0,0.10607259635995148,9.999973411309357e-06,1.089525635920497,0.005000000000020382
1.738,0.017984143537258697,0.0,0.10605914527575494,9.999973411309357e-06,1.089708029640159,0.005000000000020398
1.739,0.017986643537258696,0.0,0.10604566681311224,9.999973411309357e-06,1.0898904236971332,0.005000000000020414
1.74,0.0179891435372587,0.0,0.10603216097354291,9.999973411309357e-06,1.0900728180914663,0.005000000000020431
1.741,0.017991643537258697,0.0,0.1060186277584306,9.999973411309357e-06,1.0902552128232057,0.005000000000020447
1.742,0.017994143537258697,0.0,0.10600506716930881,9.999973411309357e-06,1.0904376078923979,0.005000000000020464
1.743,0.017996643537258696,0.0,0.10599159853626643,9.999973411309357e-06,1.0906200018729704,0.00500000000002048
1.744,0.017999143537258698,0.0,0.10597924894697995,9.999973411309357e-06,1.0908023824890503,0.005000000000020497
1.745,0.018001643537258697,0.0,0.10596671061406202,9.999973411309357e-06,1.090984765369705,0.005000000000020513
1.746,0.018004143537258696,0.0,0.10595398878651499,9.999973411309357e-06,1.0911671504525933,0.00500000000002053
1.747,0.0180066435372587,0.0,0.10594108871264217,9.999973411309357e-06,1.0913495376753741,0.005000000000020546
1.748,0.018009143537258698,0.0,0.10592801563981241,9.999973411309357e-06,1.0915319269757064,0.005000000000020562
1.749,0.018011643537258697,0.0,0.10591477481460741,9.999973411309357e-06,1.0917143182912497,0.005000000000020578
1.75,0.018014143537258696,0.0,0.10590137148274766,9.999973411309357e-06,1.0918967115596623,0.005000000000020595
1.7510000000000001,0.018016643537258698,0.0,0.10588781088896697,9.999973411309357e-06,1.0920791067186038,0.005000000000020611
1.752,0.018019143537258697,0.0,0.10587409827702586,9.999973411309357e-06,1.0922615037057328,0.005000000000020629
1.7530000000000001,0.018021643537258696,0.0,0.10586023888972616,9.999973411309357e-06,1.0924439024587085,0.005000000000020645
1.754,0.018024143537258695,0.0,0.10584623796873649,9.999973411309357e-06,1.0926263029151901,0.0050000000000206615
1.7550000000000001,0.018026643537258698,0.0,0.10583210075475744,9.999973411309357e-06,1.0928087050128363,0.005000000000020678
1.756,0.018029143537258697,0.0,0.10581783248722285,9.999973411309357e-06,1.0929911086893065,0.0050000000000206945
1.7570000000000001,0.018031643537258696,0.0,0.10580343840455209,9.999973411309357e-06,1.0931735138822594,0.005000000000020711
1.758,0.0180341435372587,0.0,0.10578892374393849,9.999973411309357e-06,1.093355920529354,0.0050000000000207274
1.7590000000000001,0.018036643537258697,0.0,0.10577429374129758,9.999973411309357e-06,1.0935383285682494,0.005000000000020744
1.76,0.018039143537258696,0.0,0.10575955363136474,9.999973411309357e-06,1.0937207379366047,0.00500000000002076
1.7610000000000001,0.0180416435372587,0.0,0.10574470864761418,9.999973411309357e-06,1.093903148572079,0.005000000000020777
1.762,0.018044143537258698,0.0,0.1057297640221689,9.999973411309357e-06,1.094085560412331,0.005000000000020794
1.7630000000000001,0.018046643537258697,0.0,0.10571472498587034,9.999973411309357e-06,1.0942679733950198,0.005000000000020811
1.764,0.018049143537258696,0.0,0.10569959676819084,9.999973411309357e-06,1.0944503874578047,0.005000000000020827
1.7650000000000001,0.0180516435372587,0.0,0.10568438459725289,9.999973411309357e-06,1.0946328025383445,0.005000000000020844
1.766,0.018054143537258698,0.0,0.10566909369976549,9.999973411309357e-06,1.094815218574298,0.005000000000020861
1.7670000000000001,0.018056643537258697,0.0,0.10565372930101416,9.999973411309357e-06,1.0949976355033249,0.0050000000000208775
1.768,0.018059143537258696,0.0,0.10563829662488436,9.999973411309357e-06,1.0951800532630835,0.005000000000020894
1.7690000000000001,0.018061643537258698,0.0,0.10562280089381201,9.999973411309357e-06,1.0953624717912334,0.0050000000000209105
1.77,0.018064143537258697,0.0,0.10560724732873525,9.999973411309357e-06,1.095544891025433,0.005000000000020928
1.7710000000000001,0.018066643537258696,0.0,0.10559164114912155,9.999973411309357e-06,1.0957273109033419,0.005000000000020944
1.772,0.0180691435372587,0.0,0.10557598757300672,9.999973411309357e-06,1.0959097313626185,0.005000000000020961
1.7730000000000001,0.018071643537258698,0.0,0.10556029181678149,9.999973411309357e-06,1.0960921523409224,0.005000000000020978
1.774,0.018074143537258697,0.0,0.10554455909542317,9.999973411309357e-06,1.0962745737759125,0.005000000000020995
1.7750000000000001,0.0180766435372587,0.0,0.10552879462239055,9.999973411309357e-06,1.0964569956052477,0.005000000000021011
1.776,0.018079143537258698,0.0,0.1055130036095412,9.999973411309357e-06,1.0966394177665868,0.005000000000021028
1.7770000000000001,0.018081643537258697,0.0,0.10549719126720844,9.999973411309357e-06,1.0968218401975893,0.005000000000021045
1.778,0.018084143537258696,0.0,0.10548136280420582,9.999973411309357e-06,1.0970042628359138,0.005000000000021062
1.7790000000000001,0.0180866435372587,0.0,0.10546552342775872,9.999973411309357e-06,1.0971866856192196,0.005000000000021079
1.78,0.018089143537258698,0.0,0.10544967834351134,9.999973411309357e-06,1.0973691084851656,0.005000000000021096
1.7810000000000001,0.018091643537258697,0.0,0.10543383275559827,9.999973411309357e-06,1.0975515313714108,0.0050000000000211126
1.782,0.018094143537258696,0.0,0.1054179918665801,9.999973411309357e-06,1.0977339542156141,0.00500000000002113
1.7830000000000001,0.0180966435372587,0.0,0.10540216087742246,9.999973411309357e-06,1.097916376955435,0.005000000000021146
1.784,0.018099143537258697,0.0,0.10538634498755041,9.999973411309357e-06,1.0980987995285318,0.005000000000021164
1.7850000000000001,0.018101643537258696,0.0,0.10537054939480893,9.999973411309357e-06,1.0982812218725642,0.00500000000002118
1.786,0.0181041435372587,0.0,0.10535477929555143,9.999973411309357e-06,1.0984636439251907,0.0050000000000211976
1.7870000000000001,0.018106643537258698,0.0,0.10533903988447632,9.999973411309357e-06,1.0986460656240706,0.005000000000021214
1.788,0.018109143537258697,0.0,0.1053233363548341,9.999973411309357e-06,1.098828486906863,0.005000000000021231
1.7890000000000001,0.018111643537258696,0.0,0.10530767389828756,9.999973411309357e-06,1.0990109077112267,0.005000000000021248
1.79,0.0181141435372587,0.0,0.10529205770503704,9.999973411309357e-06,1.0991933279748207,0.005000000000021265
1.7910000000000001,0.018116643537258698,0.0,0.10527649296367272,9.999973411309357e-06,1.099375747635304,0.0050000000000212826
1.792,0.018119143537258697,0.0,0.10526098486133409,9.999973411309357e-06,1.099558166630336,0.005000000000021299
1.793,0.018121643537258696,0.0,0.10524553858368066,9.999973411309357e-06,1.0997405848975754,0.005000000000021316
1.794,0.018124143537258698,0.0,0.10523015931489599,9.999973411309357e-06,1.0999230023746813,0.005000000000021334
1.795,0.018126643537258697,0.0,0.10521485223767153,9.999973411309357e-06,1.1001054189993125,0.00500000000002135
1.796,0.018129143537258696,0.0,0.10519962253326577,9.999973411309357e-06,1.1002878347091283,0.0050000000000213676
1.797,0.0181316435372587,0.0,0.10518447538153287,9.999973411309357e-06,1.1004702494417877,0.005000000000021385
1.798,0.018134143537258698,0.0,0.10516941596088963,9.999973411309357e-06,1.1006526631349496,0.005000000000021402
1.799,0.018136643537258697,0.0,0.10515444944839929,9.999973411309357e-06,1.100835075726273,0.005000000000021419
1.8,0.018139143537258696,0.0,0.10513958101976208,9.999973411309357e-06,1.1010174871534169,0.005000000000021436
1.801,0.0181416435372587,0.0,0.1051248158493174,9.999973411309357e-06,1.1011998973540404,0.005000000000021453
1.802,0.018144143537258697,0.0,0.10511015911005794,9.999973411309357e-06,1.1013823062658028,0.005000000000021471
1.803,0.018146643537258696,0.0,0.10509561597376098,9.999973411309357e-06,1.1015647138263627,0.005000000000021488
1.804,0.018149143537258695,0.0,0.10508119161091009,9.999973411309357e-06,1.101747119973379,0.005000000000021505
1.805,0.018151643537258698,0.0,0.10506689119076584,9.999973411309357e-06,1.101929524644511,0.005000000000021522
1.806,0.018154143537258697,0.0,0.10505271988131122,9.999973411309357e-06,1.102111927777418,0.005000000000021539
1.807,0.018156643537258696,0.0,0.10503868284945124,9.999973411309357e-06,1.1022943293097587,0.005000000000021557
1.808,0.0181591435372587,0.0,0.10502478526095042,9.999973411309357e-06,1.102476729179192,0.005000000000021574
1.809,0.018161643537258697,0.0,0.10501103228039264,9.999973411309357e-06,1.1026591273233768,0.005000000000021591
1.81,0.018164143537258697,0.0,0.10499742907130039,9.999973411309357e-06,1.1028415236799727,0.005000000000021609
1.811,0.018166643537258696,0.0,0.10498398079624444,9.999973411309357e-06,1.1030239181866381,0.005000000000021626
1.812,0.018169143537258698,0.0,0.10497069261673411,9.999973411309357e-06,1.1032063107810326,0.005000000000021643
1.813,0.018171643537258697,0.0,0.10495756969327688,9.999973411309357e-06,1.1033887014008148,0.005000000000021661
1.814,0.018174143537258696,0.0,0.10494461718556586,9.999973411309357e-06,1.1035710899836437,0.005000000000021678
1.815,0.018176643537258695,0.0,0.10493184025232107,9.999973411309357e-06,1.1037534764671786,0.005000000000021695
1.816,0.018179143537258698,0.0,0.10491924405151098,9.999973411309357e-06,1.1039358607890783,0.005000000000021713
1.817,0.018181643537258697,0.0,0.10490683374020694,9.999973411309357e-06,1.104118242887002,0.00500000000002173
1.818,0.018184143537258696,0.0,0.10489461447483873,9.999973411309357e-06,1.1043006226986085,0.0050000000000217475
1.819,0.018186643537258698,0.0,0.10488259141109375,9.999973411309357e-06,1.1044830001615569,0.005000000000021765
1.82,0.018189143537258697,0.0,0.1048707697039542,9.999973411309357e-06,1.1046653752135063,0.005000000000021782
1.821,0.018191643537258696,0.0,0.10485915450787227,9.999973411309357e-06,1.1048477477921157,0.0050000000000217995
1.822,0.0181941435372587,0.0,0.10484775097676796,9.999973411309357e-06,1.105030117835044,0.005000000000021817
1.823,0.018196643537258698,0.0,0.10483656426394371,9.999973411309357e-06,1.1052124852799503,0.005000000000021834
1.824,0.018199143537258697,0.0,0.10482559952234778,9.999973411309357e-06,1.1053948500644937,0.005000000000021852
1.825,0.018201643537258696,0.0,0.10481486190453367,9.999973411309357e-06,1.105577212126333,0.00500000000002187
1.826,0.0182041435372587,0.0,0.10480435656268394,9.999973411309357e-06,1.1057595714031274,0.005000000000021887
1.827,0.018206643537258697,0.0,0.10479408864866699,9.999973411309357e-06,1.105941927832536,0.0050000000000219045
1.828,0.018209143537258696,0.0,0.10478406331418963,9.999973411309357e-06,1.1061242813522176,0.005000000000021922
1.829,0.018211643537258695,0.0,0.10477428571077224,9.999973411309357e-06,1.1063066318998314,0.00500000000002194
1.83,0.018214143537258698,0.0,0.10476476098986194,9.999973411309357e-06,1.1064889794130361,0.005000000000021957
1.831,0.018216643537258697,0.0,0.10475549430275764,9.999973411309357e-06,1.1066713238294912,0.005000000000021975
1.832,0.018219143537258696,0.0,0.10474649080089406,9.999973411309357e-06,1.1068536650868552,0.005000000000021992
1.833,0.0182216435372587,0.0,0.10473775563574837,9.999973411309357e-06,1.1070360031227875,0.00500000000002201
1.834,0.018224143537258698,0.0,0.1047292939588954,9.999973411309357e-06,1.1072183378749472,0.005000000000022028
1.835,0.018226643537258697,0.0,0.1047211109222322,9.999973411309357e-06,1.1074006692809928,0.005000000000022045
1.836,0.0182291435372587,0.0,0.10471321167785727,9.999973411309357e-06,1.107582997278584,0.005000000000022063
1.837,0.018231643537258698,0.0,0.10470560137826601,9.999973411309357e-06,1.1077653218053791,0.0050000000000220805
1.838,0.018234143537258697,0.0,0.10469828517633761,9.999973411309357e-06,1.1079476427990378,0.005000000000022098
1.839,0.018236643537258696,0.0,0.10469126822551222,9.999973411309357e-06,1.1081299601972185,0.005000000000022116
1.84,0.0182391435372587,0.0,0.10468455567976974,9.999973411309357e-06,1.1083122739375806,0.0050000000000221334
1.841,0.018241643537258698,0.0,0.10467815269369389,9.999973411309357e-06,1.108494583957783,0.005000000000022152
1.842,0.018244143537258697,0.0,0.10467206442264297,9.999973411309357e-06,1.1086768901954849,0.005000000000022169
1.843,0.018246643537258696,0.0,0.10466629602277434,9.999973411309357e-06,1.108859192588345,0.005000000000022186
1.844,0.018249143537258698,0.0,0.10466085265111255,9.999973411309357e-06,1.1090414910740227,0.0050000000000222046
1.845,0.018251643537258697,0.0,0.10465573946559756,9.999973411309357e-06,1.1092237855901768,0.005000000000022222
1.846,0.018254143537258696,0.0,0.10465096162529197,9.999973411309357e-06,1.1094060760744662,0.00500000000002224
1.847,0.0182566435372587,0.0,0.10464652429033729,9.999973411309357e-06,1.10958836246455,0.0050000000000222575
1.848,0.018259143537258698,0.0,0.10464243262201654,9.999973411309357e-06,1.1097706446980873,0.005000000000022276
1.849,0.018261643537258697,0.0,0.10463869178302844,9.999973411309357e-06,1.109952922712737,0.005000000000022294
1.85,0.018264143537258696,0.0,0.10463530693732122,9.999973411309357e-06,1.1101351964461583,0.005000000000022311
1.851,0.0182666435372587,0.0,0.10463228325044314,9.999973411309357e-06,1.11031746583601,0.0050000000000223295
1.852,0.018269143537258697,0.0,0.1046296258893368,9.999973411309357e-06,1.1104997308199513,0.005000000000022347
1.853,0.018271643537258696,0.0,0.10462734002270253,9.999973411309357e-06,1.1106819913356412,0.005000000000022365
1.854,0.018274143537258696,0.0,0.10462543082094261,9.999973411309357e-06,1.1108642473207386,0.005000000000022383
1.855,0.018276643537258698,0.0,0.10462390345629599,9.999973411309357e-06,1.1110464987129027,0.005000000000022401
1.856,0.018279143537258697,0.0,0.10462276310285859,9.999973411309357e-06,1.1112287454497924,0.005000000000022419
1.857,0.018281643537258696,0.0,0.10462201493684668,9.999973411309357e-06,1.1114109874690665,0.005000000000022437
1.858,0.0182841435372587,0.0,0.10462166413650421,9.999973411309357e-06,1.1115932247083846,0.005000000000022454
1.859,0.018286643537258698,0.0,0.10462171588231618,9.999973411309357e-06,1.111775457105405,0.005000000000022473
1.86,0.018289143537258697,0.0,0.10462217535705522,9.999973411309357e-06,1.1119576845977874,0.005000000000022491
1.861,0.018291643537258696,0.0,0.10462304774594483,9.999973411309357e-06,1.1121399071231903,0.005000000000022508
1.862,0.018294143537258698,0.0,0.10462433823671916,9.999973411309357e-06,1.112322124619273,0.005000000000022526
1.863,0.018296643537258697,0.0,0.10462605201963114,9.999973411309357e-06,1.1125043370236944,0.005000000000022545
1.864,0.018299143537258696,0.0,0.10462819428775658,9.999973411309357e-06,1.1126865442741136,0.005000000000022563
1.865,0.018301643537258695,0.0,0.10463077023698382,9.999973411309357e-06,1.1128687463081894,0.005000000000022581
1.866,0.018304143537258698,0.0,0.10463378506611017,9.999973411309357e-06,1.113050943063581,0.005000000000022598
1.867,0.018306643537258697,0.0,0.10463724397690771,9.999973411309357e-06,1.1132331344779476,0.0050000000000226166
1.868,0.018309143537258696,0.0,0.10464115217437997,9.999973411309357e-06,1.113415320488948,0.005000000000022635
1.869,0.0183116435372587,0.0,0.1046455148668199,9.999973411309357e-06,1.1135975010342412,0.005000000000022653
1.87,0.018314143537258697,0.0,0.10465033726573249,9.999973411309357e-06,1.1137796760514864,0.005000000000022671
1.871,0.018316643537258696,0.0,0.1046556245863055,9.999973411309357e-06,1.1139618454783422,0.005000000000022689
1.872,0.0183191435372587,0.0,0.10466103685426614,9.999973411309357e-06,1.1141440134040719,0.005000000000022708
1.873,0.018321643537258698,0.0,0.1046663150908131,9.999973411309357e-06,1.1143261829434283,0.005000000000022726
1.874,0.018324143537258697,0.0,0.10467169581434935,9.999973411309357e-06,1.114508351251845,0.005000000000022744
1.875,0.018326643537258696,0.0,0.10467722727334416,9.999973411309357e-06,1.1146905177491813,0.005000000000022762
1.8760000000000001,0.0183291435372587,0.0,0.10468295772161088,9.999973411309357e-06,1.114872681855297,0.0050000000000227805
1.877,0.018331643537258697,0.0,0.10468893541872006,9.999973411309357e-06,1.1150548429900513,0.005000000000022799
1.8780000000000001,0.018334143537258697,0.0,0.10469520863054475,9.999973411309357e-06,1.1152370005733039,0.005000000000022817
1.879,0.018336643537258696,0.0,0.10470182562986442,9.999973411309357e-06,1.115419154024914,0.005000000000022835
1.8800000000000001,0.018339143537258698,0.0,0.10470883469712196,9.999973411309357e-06,1.1156013027647413,0.005000000000022853
1.881,0.018341643537258697,0.0,0.10471621954241986,9.999973411309357e-06,1.115783446989124,0.0050000000000228716
1.8820000000000001,0.018344143537258696,0.0,0.10472392207593668,9.999973411309357e-06,1.1159655873969714,0.00500000000002289
1.883,0.0183466435372587,0.0,0.10473194638281219,9.999973411309357e-06,1.11614772393959,0.005000000000022908
1.8840000000000001,0.018349143537258698,0.0,0.10474029456717458,9.999973411309357e-06,1.116329856592127,0.005000000000022926
1.885,0.018351643537258697,0.0,0.10474896873497468,9.999973411309357e-06,1.11651198532973,0.005000000000022944
1.8860000000000001,0.0183541435372587,0.0,0.10475797099404936,9.999973411309357e-06,1.1166941101275467,0.005000000000022963
1.887,0.018356643537258698,0.0,0.10476730345408038,9.999973411309357e-06,1.1168762309607243,0.005000000000022981
1.8880000000000001,0.018359143537258697,0.0,0.10477696822668968,9.999973411309357e-06,1.1170583478044105,0.005000000000023
1.889,0.018361643537258696,0.0,0.10478696715344085,9.999973411309357e-06,1.117240460637022,0.005000000000023018
1.8900000000000001,0.0183641435372587,0.0,0.10479729530942868,9.999973411309357e-06,1.1174225695183266,0.005000000000023036
1.891,0.018366643537258698,0.0,0.10480795508702129,9.999973411309357e-06,1.1176046744201549,0.005000000000023055
1.8920000000000001,0.018369143537258697,0.0,0.10481894642252082,9.999973411309357e-06,1.1177867753438797,0.005000000000023074
1.893,0.018371643537258696,0.0,0.10483026925372134,9.999973411309357e-06,1.1179688722908745,0.005000000000023092
1.8940000000000001,0.0183741435372587,0.0,0.10484192352000148,9.999973411309357e-06,1.1181509652625121,0.00500000000002311
1.895,0.018376643537258697,0.0,0.10485390916220708,9.999973411309357e-06,1.1183330542601657,0.005000000000023128
1.8960000000000001,0.018379143537258696,0.0,0.10486622612276504,9.999973411309357e-06,1.1185151392852086,0.005000000000023147
1.897,0.0183816435372587,0.0,0.10487887434570267,9.999973411309357e-06,1.1186972203390135,0.005000000000023166
1.8980000000000001,0.018384143537258698,0.0,0.10489185377643528,9.999973411309357e-06,1.118879297422954,0.005000000000023184
1.899,0.018386643537258697,0.0,0.10490516436204862,9.999973411309357e-06,1.1190613705384027,0.005000000000023203
1.9000000000000001,0.018389143537258696,0.0,0.10491880605109706,9.999973411309357e-06,1.119243439686733,0.005000000000023221
1.901,0.0183916435372587,0.0,0.10493277879371765,9.999973411309357e-06,1.1194255048693178,0.00500000000002324
1.9020000000000001,0.018394143537258698,0.0,0.10494708254148086,9.999973411309357e-06,1.1196075660875302,0.005000000000023258
1.903,0.018396643537258697,0.0,0.10496171724753621,9.999973411309357e-06,1.1197896233427436,0.005000000000023277
1.9040000000000001,0.018399143537258696,0.0,0.1049766828665894,9.999973411309357e-06,1.1199716766363308,0.005000000000023296
1.905,0.018401643537258698,0.0,0.1049919793548584,9.999973411309357e-06,1.1201537259696648,0.005000000000023314
1.9060000000000001,0.018404143537258697,0.0,0.10500760666999803,9.999973411309357e-06,1.120335771344119,0.005000000000023333
1.907,0.018406643537258696,0.0,0.10502356477129807,9.999973411309357e-06,1.1205178127610664,0.005000000000023351
1.9080000000000001,0.0184091435372587,0.0,0.1050398536195236,9.999973411309357e-06,1.12069985022188,0.00500000000002337
1.909,0.018411643537258698,0.0,0.10505647317690274,9.999973411309357e-06,1.1208818837279328,0.0050000000000233885
1.9100000000000001,0.018414143537258697,0.0,0.10507342340724057,9.999973411309357e-06,1.1210639132805982,0.005000000000023408
1.911,0.018416643537258696,0.0,0.10509070427581207,9.999973411309357e-06,1.1212459388812492,0.005000000000023426
1.9120000000000001,0.0184191435372587,0.0,0.10510831574949735,9.999973411309357e-06,1.1214279605312587,0.005000000000023445
1.913,0.018421643537258697,0.0,0.10512625779654794,9.999973411309357e-06,1.121609978232,0.005000000000023464
1.9140000000000001,0.018424143537258696,0.0,0.1051445303867853,9.999973411309357e-06,1.121791991984846,0.005000000000023482
1.915,0.018426643537258695,0.0,0.10516313349157784,9.999973411309357e-06,1.12197400179117,0.005000000000023501
1.9160000000000001,0.018429143537258698,0.0,0.10518206708374447,9.999973411309357e-06,1.122156007652345,0.00500000000002352
1.917,0.018431643537258697,0.0,0.10520133113759479,9.999973411309357e-06,1.122338009569744,0.005000000000023539
1.9180000000000001,0.018434143537258696,0.0,0.10522092562895893,9.999973411309357e-06,1.1225200075447404,0.005000000000023558
1.919,0.0184366435372587,0.0,0.10524085053521758,9.999973411309357e-06,1.1227020015787068,0.005000000000023577
1.92,0.018439143537258697,0.0,0.10526110583514181,9.999973411309357e-06,1.1228839916730167,0.005000000000023595
1.921,0.018441643537258696,0.0,0.10528169150907071,9.999973411309357e-06,1.123065977829043,0.005000000000023614
1.922,0.018444143537258696,0.0,0.1053026075388146,9.999973411309357e-06,1.123247960048159,0.005000000000023633
1.923,0.018446643537258698,0.0,0.10532385390769546,9.999973411309357e-06,1.1234299383317377,0.005000000000023652
1.924,0.018449143537258697,0.0,0.10534543060046078,9.999973411309357e-06,1.1236119126811521,0.00500000000002367
1.925,0.018451643537258696,0.0,0.10536733760344001,9.999973411309357e-06,1.1237938830977752,0.0050000000000236895
1.926,0.018454143537258695,0.0,0.10538957490436339,9.999973411309357e-06,1.1239758495829804,0.005000000000023709
1.927,0.018456643537258698,0.0,0.10541214249249736,9.999973411309357e-06,1.1241578121381406,0.005000000000023728
1.928,0.018459143537258697,0.0,0.10543504035854777,9.999973411309357e-06,1.124339770764629,0.005000000000023747
1.929,0.018461643537258696,0.0,0.10545826849474262,9.999973411309357e-06,1.1245217254638185,0.005000000000023766
1.93,0.018464143537258698,0.0,0.10548182689476682,9.999973411309357e-06,1.1247036762370823,0.005000000000023784
1.931,0.018466643537258697,0.0,0.1055057155537816,9.999973411309357e-06,1.1248856230857935,0.005000000000023803
1.932,0.018469143537258696,0.0,0.10552993446840166,9.999973411309357e-06,1.1250675660113254,0.005000000000023822
1.933,0.0184716435372587,0.0,0.1055544836367777,9.999973411309357e-06,1.1252495050150508,0.005000000000023841
1.934,0.018474143537258698,0.0,0.10557936305847869,9.999973411309357e-06,1.1254314400983427,0.00500000000002386
1.935,0.018476643537258697,0.0,0.1056045727345216,9.999973411309357e-06,1.1256133712625747,0.0050000000000238794
1.936,0.018479143537258696,0.0,0.10563011266746476,9.999973411309357e-06,1.1257952985091193,0.0050000000000238985
1.937,0.0184816435372587,0.0,0.10565598286126875,9.999973411309357e-06,1.1259772218393502,0.005000000000023918
1.938,0.018484143537258697,0.0,0.10568218332140031,9.999973411309357e-06,1.12615914125464,0.005000000000023937
1.939,0.018486643537258696,0.0,0.10570871405474595,9.999973411309357e-06,1.1263410567563619,0.005000000000023956
1.94,0.018489143537258695,0.0,0.1057355750696948,9.999973411309357e-06,1.126522968345889,0.005000000000023975
1.941,0.018491643537258698,0.0,0.10576276637608388,9.999973411309357e-06,1.1267048760245946,0.005000000000023994
1.942,0.018494143537258697,0.0,0.10579028798516481,9.999973411309357e-06,1.1268867797938515,0.005000000000024013
1.943,0.018496643537258696,0.0,0.10581813990969693,9.999973411309357e-06,1.127068679655033,0.005000000000024033
1.944,0.0184991435372587,0.0,0.10584632216388229,9.999973411309357e-06,1.1272505756095124,0.005000000000024052
1.945,0.018501643537258698,0.0,0.10587483476334267,9.999973411309357e-06,1.1274324676586622,0.005000000000024071
1.946,0.018504143537258697,0.0,0.1059036777251706,9.999973411309357e-06,1.127614355803856,0.00500000000002409
1.947,0.0185066435372587,0.0,0.10593285106794889,9.999973411309357e-06,1.1277962400464667,0.005000000000024109
1.948,0.018509143537258698,0.0,0.10596235481164296,9.999973411309357e-06,1.1279781203878672,0.005000000000024128
1.949,0.018511643537258697,0.0,0.10599218897767322,9.999973411309357e-06,1.128159996829431,0.005000000000024148
1.95,0.018514143537258696,0.0,0.10602235358891324,9.999973411309357e-06,1.128341869372531,0.005000000000024167
1.951,0.0185166435372587,0.0,0.10605284866969851,9.999973411309357e-06,1.1285237380185402,0.0050000000000241865
1.952,0.018519143537258698,0.0,0.1060836742457825,9.999973411309357e-06,1.1287056027688318,0.005000000000024206
1.953,0.018521643537258697,0.0,0.10611483034432415,9.999973411309357e-06,1.128887463624779,0.0050000000000242255
1.954,0.018524143537258696,0.0,0.10614631699400265,9.999973411309357e-06,1.1290693205877547,0.005000000000024245
1.955,0.018526643537258698,0.0,0.1061781342248674,9.999973411309357e-06,1.129251173659132,0.005000000000024264
1.956,0.018529143537258697,0.0,0.1062102820683892,9.999973411309357e-06,1.129433022840284,0.005000000000024284
1.957,0.018531643537258696,0.0,0.10624275708002195,9.999973411309357e-06,1.1296148681740947,0.005000000000024303
1.958,0.0185341435372587,0.0,0.10627556154282265,9.999973411309357e-06,1.1297967096350796,0.005000000000024322
1.959,0.018536643537258698,0.0,0.10630869559681842,9.999973411309357e-06,1.12997854722336,0.005000000000024342
1.96,0.018539143537258697,0.0,0.10634215923283412,9.999973411309357e-06,1.1301603809408562,0.005000000000024361
1.961,0.018541643537258696,0.0,0.10637595244304643,9.999973411309357e-06,1.1303422107894885,0.00500000000002438
1.962,0.0185441435372587,0.0,0.10641007522103461,9.999973411309357e-06,1.130524036771177,0.0050000000000244
1.963,0.018546643537258697,0.0,0.10644452756168253,9.999973411309357e-06,1.1307058588878423,0.005000000000024419
1.964,0.018549143537258696,0.0,0.10647930946132463,9.999973411309357e-06,1.1308876771414045,0.005000000000024439
1.965,0.018551643537258695,0.0,0.1065144209176481,9.999973411309357e-06,1.1310694915337838,0.005000000000024458
1.966,0.018554143537258698,0.0,0.10654986192973284,9.999973411309357e-06,1.1312513020669006,0.005000000000024478
1.967,0.018556643537258697,0.0,0.10658563249796414,9.999973411309357e-06,1.1314331087426752,0.005000000000024497
1.968,0.018559143537258696,0.0,0.10662173262414688,9.999973411309357e-06,1.1316149115630278,0.005000000000024517
1.969,0.0185616435372587,0.0,0.10665816231145014,9.999973411309357e-06,1.131796710529879,0.005000000000024536
1.97,0.018564143537258698,0.0,0.10669492156438344,9.999973411309357e-06,1.1319785056451486,0.005000000000024556
1.971,0.018566643537258697,0.0,0.10673201038881558,9.999973411309357e-06,1.1321602969107571,0.005000000000024576
1.972,0.018569143537258696,0.0,0.10676942879199337,9.999973411309357e-06,1.132342084328625,0.005000000000024595
1.973,0.018571643537258698,0.0,0.10680717678249677,9.999973411309357e-06,1.1325238679006724,0.005000000000024615
1.974,0.018574143537258697,0.0,0.10684525437026832,9.999973411309357e-06,1.1327056476288195,0.005000000000024635
1.975,0.018576643537258696,0.0,0.10688366156661067,9.999973411309357e-06,1.1328874235149866,0.005000000000024654
1.976,0.018579143537258695,0.0,0.10692239838415224,9.999973411309357e-06,1.133069195561094,0.005000000000024674
1.977,0.018581643537258698,0.0,0.10696146483687675,9.999973411309357e-06,1.1332509637690624,0.005000000000024694
1.978,0.018584143537258697,0.0,0.10700086094009943,9.999973411309357e-06,1.1334327281408114,0.005000000000024713
1.979,0.018586643537258696,0.0,0.10704058640481633,9.999973411309357e-06,1.1336144886818968,0.005000000000024733
1.98,0.0185891435372587,0.0,0.10708064115502869,9.999973411309357e-06,1.133796245395355,0.005000000000024753
1.981,0.018591643537258697,0.0,0.10712102521116594,9.999973411309357e-06,1.1339779982830898,0.005000000000024773
1.982,0.018594143537258696,0.0,0.10716173859232767,9.999973411309357e-06,1.1341597473470377,0.005000000000024792
1.983,0.0185966435372587,0.0,0.10720278131890695,9.999973411309357e-06,1.1343414925891355,0.005000000000024812
1.984,0.018599143537258698,0.0,0.10724415340493568,9.999973411309357e-06,1.1345232340114109,0.005000000000024832
1.985,0.018601643537258697,1.0,0.10778271131077664,0.012296229270320407,1.1346990763329616,0.005192193265097678
1.986,0.018604143537258696,1.0,0.11820278321269005,0.03007385915015602,1.1347606647630615,0.008353963782898561
1.987,0.0186066435372587,1.0,0.15175831285034475,0.04753151029377546,1.1345868411832387,0.019341707491904295
1.988,0.018609143537258697,1.0,0.23443356888901212,0.06467494225883735,1.1340327523330453,0.042433631241745255
1.989,0.018611643537258696,1.0,0.4253364837095718,0.08150981035633308,1.1329076924953845,0.08003682302315189
1.99,0.018614143537258696,1.0,0.8353827208556011,0.0980416685061001,1.131052552465614,0.13183630620151773
1.991,0.018616643537258698,1.0,1.5037379180327575,0.11427597060826511,1.1288047245787993,0.1951300926355842
1.992,0.018619143537258697,1.0,2.3174163613022225,0.13021807235543553,1.126683278751967,0.26593429022401016
1.993,0.018621643537258696,1.0,3.185657659613935,0.145873233008338,1.1248225332593105,0.33976569787398503
1.994,0.0186241435372587,1.0,4.075714801537719,0.16124661765271614,1.1231838469708675,0.4125359335469666
1.995,0.018626643537258698,1.0,4.968628874526782,0.17634329661584644,1.1217303405858658,0.48121070158557205
1.996,0.018629143537258697,1.0,5.8470317087767185,0.19116825132990428,1.1204416569208766,0.5439565000703918
1.997,0.0186316435372587,1.0,6.695212572875083,0.20572637326035143,1.1193052948855295,0.599963920809603
1.998,0.018634143537258698,1.0,7.500887642091933,0.22002246045824014,1.1183104305932225,0.6491540257575239
1.999,0.018636643537258697,1.0,8.255588304373466,0.23406124445814017,1.1174461816598653,0.6918973727140928
2.0,0.018639143537258696,1.0,8.954446820307567,0.24784733249522056,1.1167012649800874,0.7287966518444409
