Time [s],Lmtc [m],STIM [ ],Fsee [N],Gamma [ ],Lcerel [ ],q [ ]
0.0,0.0191391435372587,1.0,3.20506249198162,0.10292972993607832,1.1625025308698889,0.16804449433032934
0.001,0.0191241435372587,1.0,2.709814316261142,0.119076052071303,1.162530617896283,0.24188046126840193
0.002,0.0191091435372587,1.0,2.835198348315024,0.13493175734894824,1.1611442110034875,0.32004749078585476
0.003,0.0190941435372587,1.0,3.248294796908233,0.1505020766357055,1.1591286925363387,0.3974794693546982
0.004,0.0190791435372587,1.0,3.7853791355867417,0.16579214655893096,1.1569201515736813,0.47053828771238054
0.005,0.0190641435372587,1.0,4.369533795896226,0.18080701130139443,1.1547004402420367,0.537033344398494
0.006,0.0190491435372587,1.0,4.959296155773623,0.19555162422492386,1.15254401912472,0.5960188171218006
0.007,0.0190341435372587,1.0,5.530510580483053,0.21003084879282286,1.1504798015282354,0.6474336189908446
0.008,0.0190191435372587,1.0,6.0689923863245285,0.22424946436824122,1.1485161808548245,0.6917475663835354
0.009000000000000001,0.0190041435372587,1.0,6.567360340942939,0.2382121573461211,1.1466511944368474,0.7296900987588507
0.01,0.0189891435372587,1.0,7.02233474271124,0.25192354021528574,1.1448785850465082,0.7620741844822375
0.011,0.0189741435372587,1.0,7.433641069904993,0.2653881190118653,1.1431898709369277,0.7896936978262057
0.012,0.0189591435372587,1.0,7.802931137338887,0.27861037359743784,1.1415758564831069,0.8132728529013364
0.013000000000000001,0.0189441435372587,1.0,8.132657243739803,0.29159463212397896,1.1400279368642734,0.8334466683207089
0.014,0.018929143537258702,1.0,8.42595381858903,0.3043451637329426,1.1385379193250074,0.8507584700551476
0.015,0.0189141435372587,1.0,8.686571347377352,0.31686621785539215,1.13709784736872,0.8656661779223059
0.016,0.0188991435372587,1.0,8.917947658618498,0.3291619382466424,1.1357010055733379,0.8785527167067247
0.017,0.018884143537258702,1.0,9.12294632677431,0.3412363200864722,1.1343420301711276,0.8897367743505923
0.018000000000000002,0.0188691435372587,1.0,9.30477555391796,0.35309335855466045,1.1330155573943563,0.8994826315339931
0.019,0.0188541435372587,1.0,9.466464479753297,0.3647369901114955,1.131716806903686,0.9080095967810835
0.02,0.0188391435372587,1.0,9.610505138157349,0.37617107234408204,1.1304419427292356,0.9154999893809376
0.021,0.0188241435372587,1.0,9.738915655715449,0.38739933431417795,1.129187913040945,0.9221056200332949
0.022,0.0188091435372587,1.0,9.853727025628011,0.3984254762464524,1.12795178923142,0.9279531094853066
0.023,0.0187941435372587,1.0,9.956863556735868,0.40925319748141725,1.1267308861233372,0.933148449768149
0.024,0.0187791435372587,1.0,10.049711327294714,0.4198860447437744,1.125523266421413,0.9377807306632929
0.025,0.0187641435372587,1.0,10.133458501465137,0.4303274830422781,1.1243272940629532,0.9419250340094941
0.026000000000000002,0.0187491435372587,1.0,10.209314913723354,0.4405809676016578,1.123141351602876,0.9456448359093121
0.027,0.0187341435372587,1.0,10.278331008040887,0.45064989429041946,1.1219640525376064,0.9489940279205817
0.028,0.0187191435372587,1.0,10.341422948323439,0.46053765953839393,1.120794201416143,0.9520185468608187
0.029,0.0187041435372587,1.0,10.399187289912621,0.47024744177056005,1.1196310103760376,0.9547576695046619
0.03,0.0186891435372587,1.0,10.452232614603993,0.47978241941189637,1.118473691554842,0.957245091596421
0.031,0.0186741435372587,1.0,10.501172410933988,0.48914576313240543,1.1173214636808753,0.9595098213617718
0.032,0.0186591435372587,1.0,10.546496473656124,0.4983405398730092,1.11617370436995,0.9615769191274425
0.033,0.0186441435372587,1.0,10.588686769141285,0.5073699323554215,1.115029808543537,0.963468135707917
0.034,0.0186291435372587,1.0,10.628017073701276,0.5162368137257513,1.1138894263772865,0.9652023556969612
0.035,0.0186141435372587,1.0,10.664764643521762,0.5249440571301079,1.1127522080468482,0.9667960555254721
0.036000000000000004,0.0185991435372587,1.0,10.699209828908463,0.5334945357146006,1.111617803727872,0.9682636539739817
0.037,0.0185841435372587,1.0,10.731627088438376,0.5418910948837198,1.110485873858516,0.9696178025712875
0.038,0.0185691435372587,1.0,10.76222803377347,0.5501364995040259,1.1093561562551228,0.9708696335086745
0.039,0.0185541435372587,1.0,10.791219787041399,0.5582336266826224,1.1082283961640518,0.9720289914099879
0.04,0.0185391435372587,1.0,10.818722227557663,0.566185036494511,1.107102443892205,0.9731045525721574
0.041,0.0185241435372587,1.0,10.844856220867335,0.5739932890146933,1.1059781497464845,0.9741040176425739
0.042,0.0185091435372587,1.0,10.869743533065922,0.5816609443181706,1.1048553640337924,0.9750342381167143
0.043000000000000003,0.0184941435372587,1.0,10.893506752522006,0.589190562479945,1.103733937061031,0.9759013244708877
0.044,0.0184791435372587,1.0,10.91625598419678,0.596584621659261,1.102613734720844,0.9767107304187813
0.045,0.0184641435372587,1.0,10.938079136263143,0.603845662680079,1.101494649766413,0.9774673524787589
0.046,0.0184491435372587,1.0,10.95904404469368,0.6109760906542893,1.1003765991253096,0.9781755739986572
0.047,0.0184341435372587,1.0,10.97920430684368,0.6179781743093311,1.099259516893932,0.9788393265885492
0.048,0.018419143537258702,1.0,10.998613823555585,0.6248541823726439,1.0981433371686793,0.9794621563797538
0.049,0.0184041435372587,1.0,11.01732677879642,0.6316063835716672,1.0970279940459502,0.9800472680207359
0.05,0.0183891435372587,1.0,11.035397620733251,0.6382370466338403,1.095913421622143,0.9805975630138124
0.051000000000000004,0.0183741435372587,1.0,11.05286987037051,0.6447483208357254,1.0947995670707975,0.981115663276425
0.052000000000000005,0.0183591435372587,1.0,11.069787424598573,0.6511425018392797,1.093686377355582,0.9816039647731927
0.053,0.0183441435372587,1.0,11.086179678239944,0.6574216340263086,1.0925738166029446,0.9820646280461026
0.054,0.0183291435372587,1.0,11.102074070207575,0.6635877279332968,1.091461851376932,0.9824996212045818
0.055,0.0183141435372587,1.0,11.117498157922089,0.6696427940967289,1.0903504482415907,0.9829107424538036
0.056,0.0182991435372587,1.0,11.132479610918196,0.6755888430530897,1.0892395737609675,0.983299637326919
0.057,0.0182841435372587,1.0,11.147044705717647,0.6814278400758262,1.0881291962461361,0.9836678106483379
0.058,0.0182691435372587,1.0,11.16121481721581,0.6871616966576856,1.0870192898293287,0.984016640206381
0.059000000000000004,0.0182541435372587,1.0,11.175014246248454,0.6927925035261109,1.0859098253294377,0.9843474052024906
0.06,0.0182391435372587,1.0,11.188456950388751,0.698322015303891,1.084800785692421,0.98466126046852
0.061,0.0182241435372587,1.0,11.201556940823982,0.7037519866138148,1.0836921538642368,0.9849592709925352
0.062,0.0182091435372587,1.0,11.21432828001019,0.7090841720786708,1.0825839127908423,0.9852424201953773
0.063,0.0181941435372587,1.0,11.226785079423417,0.7143203263212481,1.0814760454181958,0.9855116173434542
0.064,0.0181791435372587,1.0,11.238941497407252,0.7194622039643352,1.0803685346922547,0.9857677041983184
0.065,0.0181641435372587,1.0,11.250811343748824,0.724511537228485,1.0792613640152784,0.98601145965354
0.066,0.0181491435372587,1.0,11.262404291852075,0.7294699324558857,1.0781545216339667,0.9862435993673929
0.067,0.0181341435372587,1.0,11.273732418035266,0.7343392223660675,1.0770479930473595,0.986464801457657
0.068,0.0181191435372587,1.0,11.284803032000656,0.7391209221426961,1.0759417693161888,0.9866756788750785
0.069,0.0181041435372587,1.0,11.295623467989527,0.7438165469694362,1.0748358415011858,0.9868768026709083
0.07,0.0180891435372587,1.0,11.306201083894019,0.7484276120299533,1.0737302006630822,0.9870687054345458
0.07100000000000001,0.0180741435372587,1.0,11.316543260395553,0.7529556325079126,1.0726248378626098,0.9872518844119487
0.07200000000000001,0.0180591435372587,1.0,11.326657400132836,0.7574021235869791,1.0715197441605,0.987426804338016
0.073,0.0180441435372587,1.0,11.336550890646853,0.7617685967406156,1.0704149106593706,0.9875938998236292
0.074,0.0180291435372587,1.0,11.346228845049088,0.7660564053858107,1.069310331112496,0.9877535700570612
0.075,0.0180141435372587,1.0,11.355698097240946,0.7702671663287155,1.0682059973044442,0.9879062023161856
0.076,0.0179991435372587,1.0,11.364962770186004,0.7744021879881845,1.0671019041693766,0.988052145106997
0.077,0.0179841435372587,1.0,11.374026999825402,0.7784627787830722,1.065998046641455,0.9881917258683144
0.078,0.0179691435372587,1.0,11.382894934680825,0.782450247132233,1.0648944196548409,0.9883252525281513
0.079,0.0179541435372587,1.0,11.391570735463567,0.7863659014545212,1.0637910181436963,0.9884530149305913
0.08,0.0179391435372587,1.0,11.400058574692594,0.7902110501687915,1.0626878370421828,0.9885752861452839
0.081,0.0179241435372587,1.0,11.408362636323181,0.7939870016938979,1.0615848712844622,0.9886923236704348
0.082,0.017909143537258698,1.0,11.416486010560432,0.7976949261961661,1.0604821170769458,0.9888043644607755
0.083,0.0178941435372587,1.0,11.424432613322784,0.8013362180613585,1.0593795696860946,0.9889116421385966
0.084,0.0178791435372587,1.0,11.432204983044748,0.8049120182045228,1.0582772259750477,0.9890143667173806
0.085,0.017864143537258702,1.0,11.439805601594351,0.8084234564952179,1.0571750828810598,0.9891127364702023
0.08600000000000001,0.0178491435372587,1.0,11.447236958406384,0.8118716628030017,1.0560731373413852,0.9892069391800574
0.08700000000000001,0.0178341435372587,1.0,11.454501550281442,0.8152577669974329,1.0549713862932784,0.9892971528394343
0.088,0.0178191435372587,1.0,11.46160188118753,0.8185828989480696,1.053869826673994,0.9893835462980121
0.089,0.0178041435372587,1.0,11.468540462065105,0.8218481885244703,1.0527684554207866,0.9894662798628363
0.09,0.0177891435372587,1.0,11.475319284424451,0.8250546555368593,1.051667270075309,0.9895455014660187
0.091,0.0177741435372587,1.0,11.481940699540507,0.8282034937436121,1.0505662677729835,0.9896213586481978
0.092,0.0177591435372587,1.0,11.488406354219252,0.8312957013919281,1.0494654464650708,0.9896939842001787
0.093,0.0177441435372587,1.0,11.494717817476948,0.8343322541672418,1.0483648041981628,0.9897635037039215
0.094,0.0177291435372587,1.0,11.500876663399264,0.8373141277549883,1.0472643390188516,0.9898300368336411
0.095,0.0177141435372587,1.0,11.506884471025943,0.8402422978406022,1.0461640489737292,0.9898936977191835
0.096,0.0176991435372587,1.0,11.512742824236419,0.8431177401095186,1.0450639321093873,0.9899545952850317
0.097,0.0176841435372587,1.0,11.518453311639005,0.8459414302471719,1.0439639864724177,0.9900128335668043
0.098,0.0176691435372587,1.0,11.524017135986039,0.8487142014895421,1.042864210556956,0.9900685067447331
0.099,0.0176541435372587,1.0,11.529436011071104,0.851437161436349,1.0417646022762843,0.9901217149223797
0.1,0.0176391435372587,1.0,11.534711056435555,0.8541111913670849,1.0406651602296546,0.9901725457528039
0.101,0.0176241435372587,1.0,11.539843264084384,0.8567371193137722,1.0395658831668309,0.9902210812619052
0.10200000000000001,0.0176091435372587,1.0,11.544833629702834,0.8593157733084327,1.0384667698375774,0.9902674000428255
0.10300000000000001,0.0175941435372587,1.0,11.549683152591511,0.8618479813830887,1.037367818991658,0.9903115774523864
0.10400000000000001,0.0175791435372587,1.0,11.554392835596728,0.8643345715697621,1.0362690293788372,0.990353685795618
0.105,0.0175641435372587,1.0,11.558963685044091,0.8667763719004751,1.0351703997488793,0.990393794499215
0.106,0.0175491435372587,1.0,11.563396710673315,0.8691742104072497,1.0340719288515479,0.9904319702746834
0.107,0.0175341435372587,1.0,11.567692902917559,0.8715288990235472,1.0329736154625233,0.9904682767148734
0.108,0.0175191435372587,1.0,11.571853036247331,0.8738411425783225,1.031875458608236,0.9905027713299477
0.109,0.0175041435372587,1.0,11.575878082394214,0.8761118738363001,1.030777457093019,0.9905355172464341
0.11,0.0174891435372587,1.0,11.57976867787151,0.8783417870964787,1.029679610108073,0.9905665672452709
0.111,0.0174741435372587,1.0,11.583525462042225,0.8805315766578571,1.028581916844597,0.9905959721758434
0.112,0.0174591435372587,1.0,11.587149077078326,0.8826819368194339,1.0274843764937909,0.9906237810596538
0.113,0.0174441435372587,1.0,11.590640167919014,0.8847935618802074,1.0263869882468546,0.9906500411883864
0.114,0.0174291435372587,1.0,11.593999382230555,0.8868671461391765,1.0252897512949872,0.9906747982167154
0.115,0.0174141435372587,1.0,11.597227370365065,0.8889033838953397,1.024192664829389,0.9906980962501923
0.116,0.0173991435372587,1.0,11.600324785321556,0.8909029694476958,1.0230957280412594,0.9907199779285125
0.117,0.0173841435372587,1.0,11.603292238743288,0.8928665406501965,1.0219989401720113,0.9907404826505093
0.11800000000000001,0.0173691435372587,1.0,11.606130325650627,0.8947947774569646,1.0209023004849498,0.9907596499134911
0.11900000000000001,0.0173541435372587,1.0,11.608839574486897,0.8966883821394486,1.0198058083222614,0.9907775187100809
0.12,0.0173391435372587,1.0,11.611420415863362,0.898547936862452,1.0187094631406175,0.9907941229555772
0.121,0.0173241435372587,1.0,11.613873282748292,0.9003740237907787,1.0176132643966893,0.9908094955071889
0.122,0.017309143537258702,1.0,11.616198610441419,0.9021672250892321,1.0165172115471486,0.9908236682185364
0.123,0.0172941435372587,1.0,11.618396836546387,0.9039281229226156,1.0154213040486668,0.9908366719915566
0.124,0.0172791435372587,1.0,11.62046840094671,0.9056572994557329,1.014325541357915,0.9908485368259584
0.125,0.0172641435372587,1.0,11.622413745777756,0.9073553368533875,1.013229922931565,0.9908592918663732
0.126,0.0172491435372587,1.0,11.624233315401915,0.9090228172803831,1.0121344482262884,0.990868965447323
0.127,0.0172341435372587,1.0,11.625927521638188,0.910660243326528,1.0110391167384032,0.9908775826099628
0.128,0.0172191435372587,1.0,11.627496788013033,0.9122682436339341,1.009943927953341,0.990885171688687
0.129,0.0172041435372587,1.0,11.62894144006254,0.9138473524254664,1.0088488814707848,0.9908917573344457
0.13,0.0171891435372587,1.0,11.630261782570708,0.9153980578421984,1.0077539769164856,0.9908973621094778
0.131,0.0171741435372587,1.0,11.631458122394971,0.9169208480252035,1.006659213916196,0.9909020079856204
0.132,0.0171591435372587,1.0,11.632530768450117,0.918416211115555,1.0055645920956677,0.9909057163745101
0.133,0.0171441435372587,1.0,11.633480031688162,0.9198846352543266,1.0044701110806529,0.990908508156524
0.134,0.0171291435372587,1.0,11.634306225084119,0.9213266085825917,1.0033757704969033,0.9909104037085342
0.135,0.0171141435372587,1.0,11.635009663616648,0.9227426192414239,1.002281569970171,0.9909114229305298
0.136,0.0170991435372587,1.0,11.635590664250254,0.9241331553718964,1.0011875091262081,0.9909115852711677
0.137,0.0170841435372587,1.0,11.636051654660582,0.9254986123448017,1.0000935851854778,0.990910906768087
0.138,0.0170691435372587,1.0,11.636387673672044,0.9268395571700041,0.9989998037986184,0.990909408742211
0.139,0.0170541435372587,1.0,11.636597716273899,0.9281564001528664,0.9979061661057719,0.9909071070739258
0.14,0.0170391435372587,1.0,11.636680808633212,0.9294495505962291,0.996812673213799,0.9909040172624684
0.14100000000000001,0.0170241435372587,1.0,11.63663597897046,0.9307194178029323,0.99571932622956,0.9909001544767704
0.14200000000000002,0.0170091435372587,1.0,11.636462257611583,0.9319664110758165,0.9946261262599161,0.9908955335730584
0.14300000000000002,0.0169941435372587,1.0,11.636158677042943,0.9331909397177218,0.9935330744117274,0.9908901691118239
0.14400000000000002,0.016979143537258698,1.0,11.6357242719644,0.9343934130314886,0.992440171791855,0.9908840753741911
0.145,0.0169641435372587,1.0,11.635158079344205,0.9355742403199571,0.991347419507159,0.9908772663777122
0.146,0.0169491435372587,1.0,11.634459298578411,0.936733782700931,0.9902548184818668,0.990869754395082
0.147,0.0169341435372587,1.0,11.633628433454223,0.9378724211873326,0.9891623681549125,0.990861552023001
0.148,0.0169191435372587,1.0,11.632665640897985,0.9389906461443405,0.9880700683634197,0.9908526750322666
0.149,0.0169041435372587,1.0,11.631571044857779,0.9400887921719651,0.986977918984672,0.9908431341757357
0.15,0.016889143537258698,1.0,11.630344771503642,0.9411671938702165,0.9858859198959535,0.990832940014194
0.151,0.0168741435372587,1.0,11.628986949222805,0.9422261858391054,0.9847940709745482,0.9908221029271078
0.152,0.0168591435372587,1.0,11.627497708612037,0.9432661026786422,0.9837023720977399,0.9908106331230522
0.153,0.0168441435372587,1.0,11.625877182473472,0.9442872789888369,0.9826108231428126,0.9907985406498213
0.154,0.0168291435372587,1.0,11.624125505806402,0.9452900493697001,0.9815194239870503,0.9907858354042407
0.155,0.0168141435372587,1.0,11.62224281580321,0.9462747484212422,0.9804281745077368,0.9907725271416901
0.156,0.0167991435372587,1.0,11.620229251842186,0.9472417107434734,0.9793370745821562,0.9907586254853523
0.157,0.0167841435372587,1.0,11.6180849554818,0.9481912709364042,0.9782461240875924,0.9907441399351955
0.158,0.0167691435372587,1.0,11.615810088872331,0.9491237336916107,0.9771553228803023,0.9907290789496
0.159,0.0167541435372587,1.0,11.613404928177237,0.9500393772302596,0.9760646706888372,0.99071345005282
0.16,0.0167391435372587,1.0,11.610869598103829,0.950938607149116,0.9749741674170931,0.9906972646231872
0.161,0.0167241435372587,1.0,11.608204234222326,0.9518216921599153,0.9738838129590288,0.9906805297060467
0.162,0.0167091435372587,1.0,11.60540897425603,0.9526889009743922,0.9727936072086032,0.9906632522570953
0.163,0.0166941435372587,1.0,11.602483958075565,0.9535405023042814,0.9717035500597753,0.9906454391485349
0.164,0.0166791435372587,1.0,11.599429327693445,0.9543767648613181,0.9706136414065037,0.9906270971750816
0.165,0.0166641435372587,1.0,11.59624522725942,0.9551979573572368,0.9695238811427477,0.9906082330598289
0.166,0.0166491435372587,1.0,11.5929318030554,0.9560043485037726,0.9684342691624658,0.9905888534599763
0.167,0.0166341435372587,1.0,11.58948920348925,0.9567962070126603,0.967344805359617,0.9905689649724241
0.168,0.0166191435372587,1.0,11.585917579090724,0.9575738015956349,0.9662554896281602,0.9905485741392428
0.169,0.0166041435372587,1.0,11.582217082505805,0.9583374009644311,0.9651663218620544,0.9905276874530191
0.17,0.0165891435372587,1.0,11.578387871505868,0.9590872576696515,0.9640773019518113,0.9905063108548496
0.171,0.0165741435372587,1.0,11.574430127903877,0.9598235782386452,0.9629884297628536,0.9904844487963175
0.17200000000000001,0.0165591435372587,1.0,11.570343965478576,0.9605467013582714,0.9618997052408087,0.9904621098453235
0.17300000000000001,0.0165441435372587,1.0,11.56612949630871,0.9612568428264805,0.9608111283356819,0.9904392986800772
0.17400000000000002,0.0165291435372587,1.0,11.5617868346023,0.9619542184412233,0.9597226989974782,0.9904160199430504
0.17500000000000002,0.016514143537258698,1.0,11.557316096691322,0.96263904400045,0.9586344171762028,0.9903922782447098
0.176,0.0164991435372587,1.0,11.552717401031835,0.9633115353021111,0.9575462828218607,0.9903680781671782
0.177,0.0164841435372587,1.0,11.54799086819899,0.963971908144157,0.9564582958844571,0.9903434242678354
0.178,0.0164691435372587,1.0,11.543136620887136,0.9646203783245384,0.9553704563139971,0.9903183210828519
0.179,0.0164541435372587,1.0,11.538154783905291,0.9652571616412056,0.9542827640604857,0.9902927731306652
0.18,0.0164391435372587,1.0,11.533045484175927,0.9658824738921089,0.9531952190739282,0.990266784915395
0.181,0.0164241435372587,1.0,11.527808850732532,0.966496530875199,0.9521078213043298,0.9902403609302038
0.182,0.0164091435372587,1.0,11.522445015043937,0.96709954191543,0.9510205707013195,0.990213505453012
0.183,0.0163941435372587,1.0,11.516954122552109,0.9676916586709727,0.9499334672009214,0.9901862209017744
0.184,0.0163791435372587,1.0,11.511336282868108,0.9682731639698204,0.9488465107826479,0.9901585139015205
0.185,0.0163641435372587,1.0,11.505591592029027,0.9688442311157384,0.9477597014440208,0.9901303875633324
0.186,0.0163491435372587,1.0,11.499720148213118,0.9694050334124917,0.9466730391825617,0.9901018449908124
0.187,0.016334143537258698,1.0,11.493722051740432,0.9699557441638458,0.9455865239957925,0.9900728892824697
0.188,0.0163191435372587,1.0,11.487597405071718,0.9704965366735658,0.9445001558812345,0.9900435235340734
0.189,0.0163041435372587,1.0,11.481346312808077,0.971027584245417,0.9434139348364096,0.9900137508409815
0.19,0.016289143537258702,1.0,11.474968881692488,0.9715490601831648,0.9423278608588394,0.9899835743004369
0.191,0.0162741435372587,1.0,11.468465220607381,0.9720611377905741,0.9412419339460455,0.9899529970138392
0.192,0.0162591435372587,1.0,11.461835440576507,0.9725639903714106,0.9401561540955498,0.9899220220889884
0.193,0.0162441435372587,1.0,11.455079654763807,0.9730577912294393,0.9390705213048738,0.9898906526423032
0.194,0.0162291435372587,1.0,11.448197978474079,0.9735427136684254,0.9379850355715391,0.9898588918010162
0.195,0.0162141435372587,1.0,11.441190486151992,0.9740188179159862,0.9368996969425294,0.9898267389663942
0.196,0.0161991435372587,1.0,11.434057356080793,0.9744864140613091,0.9358145053478708,0.9897942017983862
0.197,0.0161841435372587,1.0,11.426798669338856,0.974945637372512,0.9347294608318534,0.9897612822123679
0.198,0.0161691435372587,1.0,11.419414509024614,0.9753966227510692,0.9336445634389643,0.9897279821171354
0.199,0.0161541435372587,1.0,11.41190496043167,0.9758395050984547,0.9325598132136907,0.9896943034285351
0.2,0.0161391435372587,1.0,11.404270111049224,0.9762744193161426,0.93147521020052,0.9896602480709895
0.201,0.0161241435372587,1.0,11.396510050564988,0.9767015003056068,0.9303907544439395,0.9896258179790137
0.202,0.0161091435372587,1.0,11.388624870867796,0.9771208829683216,0.9293064459884361,0.98959101509872
0.203,0.0160941435372587,1.0,11.380614666049325,0.9775327022057609,0.9282222848784973,0.989555841389313
0.20400000000000001,0.0160791435372587,1.0,11.372479532405602,0.9779370929193991,0.9271382711586102,0.9895202988245723
0.20500000000000002,0.0160641435372587,1.0,11.36421956844038,0.9783341900107099,0.9260544048732622,0.9894843893943286
0.20600000000000002,0.0160491435372587,1.0,11.355834874866972,0.9787241283811676,0.9249706860669403,0.9894481151059266
0.20700000000000002,0.0160341435372587,1.0,11.347325554609313,0.9791070429322462,0.923887114784132,0.9894114779856815
0.20800000000000002,0.0160191435372587,1.0,11.338691712805904,0.9794830685654198,0.9228036910693244,0.9893744800803231
0.209,0.0160041435372587,1.0,11.32993345681086,0.9798523401821624,0.9217204149670046,0.9893371234584346
0.21,0.0159891435372587,1.0,11.321050963479127,0.9802149768829674,0.9206372864438546,0.9892994096621586
0.211,0.0159741435372587,0.0,11.311938151736173,0.9725503568656526,0.9195544283935788,0.9889784981154376
0.212,0.0159591435372587,0.0,11.299851675863378,0.9372917766468889,0.9184750162965444,0.9875550031235318
0.213,0.0159441435372587,0.0,11.283988299394075,0.9033116121473902,0.9173999860442588,0.9859505543428038
0.214,0.0159291435372587,0.0,11.264780500112062,0.8705629992377161,0.9163288455173,0.984142839515461
0.215,0.0159141435372587,0.0,11.242393310028437,0.8390019462653838,0.9152614131618998,0.9821070778424293
0.216,0.0158991435372587,0.0,11.216937157401889,0.8085851897635575,0.9141975717719008,0.9798156693060691
0.217,0.0158841435372587,0.0,11.18840456982007,0.7792708498393249,0.9131373422722285,0.977237979081108
0.218,0.015869143537258698,0.0,11.156651784550766,0.7510195077251245,0.9120809059554738,0.9743402054885885
0.219,0.0158541435372587,0.0,11.121503538867278,0.7237924360636534,0.9110284835101561,0.9710849974672581
0.22,0.0158391435372587,0.0,11.08271400186178,0.6975522043506077,0.909980381297115,0.9674312711690255
0.221,0.0158241435372587,0.0,11.039944587229845,0.6722635057053733,0.9089370185087933,0.9633341517803737
0.222,0.0158091435372587,0.0,10.992834014641938,0.6478916309727197,0.9078988466859709,0.9587446170982467
0.223,0.0157941435372587,0.0,10.940960460502273,0.6244031396201861,0.9068663954281674,0.9536094805572107
0.224,0.0157791435372587,0.0,10.88382230967044,0.6017663956786389,0.9058402970679105,0.9478715303478162
0.225,0.0157641435372587,0.0,10.820898320668832,0.5799503048421552,0.9048212182334825,0.941469351519542
0.226,0.0157491435372587,0.0,10.751605528680448,0.5589249900738921,0.9038099120054381,0.9343376914502496
0.227,0.0157341435372587,0.0,10.675288718861225,0.5386620933207885,0.9028072339192925,0.9264080147867468
0.228,0.0157191435372587,0.0,10.591276465879591,0.5191337728517793,0.9018140794147148,0.9176087651566883
0.229,0.0157041435372587,0.0,10.498837386315373,0.5003133303998394,0.9008314403163384,0.9078664235632065
0.23,0.0156891435372587,0.0,10.397183187163686,0.4821753789702349,0.899860407060044,0.8971067984896279
0.231,0.0156741435372587,0.0,10.285525286148014,0.46469495105113195,0.8989021070433507,0.8852559811087837
0.232,0.0156591435372587,0.0,10.163036725721348,0.4478480322235801,0.8979577575594845,0.8722423627619952
0.233,0.0156441435372587,0.0,10.02885288194748,0.43161212696558116,0.8970286740030837,0.857999302368239
0.234,0.0156291435372587,0.0,9.882155357582315,0.415964941840386,0.8961161769042776,0.8424665809779444
0.23500000000000001,0.0156141435372587,0.0,9.722130430468134,0.40088473844556416,0.8952216526221961,0.8255932595378309
0.23600000000000002,0.015599143537258699,0.0,9.548014667262198,0.3863513285200176,0.8943465083666231,0.8073417591444054
0.23700000000000002,0.0155841435372587,0.0,9.359125438400087,0.3723449623380923,0.8934921453049055,0.7876899220575044
0.23800000000000002,0.0155691435372587,0.0,9.154878223290416,0.35884633643111663,0.8926599479765467,0.7666339343918167
0.23900000000000002,0.015554143537258699,0.0,8.934816650672358,0.34583692349799067,0.8918512571126225,0.7441915976808244
0.24,0.0155391435372587,0.0,8.69873308271374,0.3332993278443609,0.8910672213921702,0.7204054752163189
0.241,0.0155241435372587,0.0,8.446578354611347,0.32121636215931326,0.8903089183734478,0.6953433473280398
0.242,0.0155091435372587,0.0,8.178442672990288,0.30957118452124244,0.8895773877208473,0.6690992596105855
0.243,0.0154941435372587,0.0,7.894944463059752,0.2983482615839407,0.8888731023112592,0.6417951705232021
0.244,0.0154791435372587,0.0,7.596892984073101,0.2875323550825836,0.8881964025799345,0.6135781567815184
0.245,0.015464143537258699,0.0,7.285342778766349,0.2771085720816014,0.8875474101950857,0.5846178718215442
0.246,0.0154491435372587,0.0,6.961653821365089,0.26706248255805415,0.8869259187924002,0.5551030507386652
0.247,0.0154341435372587,0.0,6.6277849071796995,0.2573807381182863,0.886330911347103,0.5252382339285605
0.248,0.015419143537258699,0.0,6.285750148722029,0.24805009843117173,0.8857612917319378,0.495236365353985
0.249,0.0154041435372587,0.0,5.937746410935882,0.23905759926442158,0.8852156558689002,0.46531289582532115
0.25,0.0153891435372587,0.0,5.586369156714596,0.23039106365288056,0.884691873823786,0.4356808723221366
0.251,0.0153741435372587,0.0,5.234336684661523,0.22203885070900692,0.8841874201328082,0.40654469655961073
0.252,0.0153591435372587,0.0,4.884256237555079,0.21398948456663658,0.8836996901277332,0.3780938320664779
0.253,0.0153441435372587,0.0,4.538787691381277,0.20623175665607782,0.883225658656695,0.35049824031777543
0.254,0.0153291435372587,0.0,4.2004447069192965,0.1987553395076243,0.8827621492904644,0.3239073732401252
0.255,0.0153141435372587,0.0,3.8714929529960105,0.19155005868899277,0.8823059800179114,0.2984454385814972
0.256,0.0152991435372587,0.0,3.553874781070911,0.18460601745192973,0.8818540981475902,0.2742107581971816
0.257,0.0152841435372587,0.0,3.249262763202182,0.1779135455619863,0.8814034813258559,0.2512754218475898
0.258,0.0152691435372587,0.0,2.9586228629530793,0.1714637989346359,0.8809521265964847,0.2296889243537402
0.259,0.0152541435372587,0.0,2.682743303732974,0.16524795119917887,0.8804980498584761,0.20947610575386125
0.26,0.0152391435372587,0.0,2.4220647954226986,0.15925744567025182,0.8800397181222274,0.1906406041254396
0.261,0.0152241435372587,0.0,2.1766151320760496,0.15348398736759877,0.879576351951133,0.173167616253041
0.262,0.0152091435372587,0.0,1.9462754394168027,0.14791992803191406,0.8791074063617853,0.1570274275799228
0.263,0.0151941435372587,0.0,1.7308873155023343,0.14255762815135664,0.8786323288643257,0.14217627233484142
0.264,0.015179143537258698,0.0,1.5302706299400217,0.13738968334549792,0.8781505044065643,0.1285599385903493
0.265,0.0151641435372587,0.0,1.344312082717291,0.13240911068609243,0.8776609411559683,0.11611681314330588
0.266,0.0151491435372587,0.0,1.172577713163849,0.12760910076358742,0.8771635347389352,0.1047802236597992
0.267,0.0151591435372587,0.0,1.4402899013499402,0.12298311066626053,0.8769799444902766,0.09459538656774788
0.268,0.0152191435372587,0.0,2.0313297189869695,0.11852483165403221,0.8796016606078508,0.08627092808060795
0.269,0.0152791435372587,0.0,1.8954798587641954,0.11422818387872774,0.8843525351596067,0.07929683278370686
0.27,0.015339143537258699,0.0,1.7667519445063296,0.11008730640165904,0.8890963211596582,0.0728748028665131
0.271,0.0153991435372587,0.0,1.6469023211223486,0.10609662052695826,0.8938269033871546,0.06696728893644438
0.272,0.0154591435372587,0.0,1.5355336505048298,0.10225046536357353,0.8985440629915132,0.06153921861632947
0.273,0.0155191435372587,0.0,1.4322270437912676,0.0985437897077937,0.9032476763043412,0.05655752337188954
0.274,0.0155791435372587,0.0,1.3365756837745344,0.09497157623873917,0.9079376217042083,0.051990240777680274
0.275,0.0156391435372587,0.0,1.2481693324316097,0.0915289089021917,0.912613835863273,0.04780680518983917
0.276,0.0156991435372587,0.0,1.1665666939542763,0.08821092665898092,0.9172764253066363,0.04397810894797402
0.277,0.0157591435372587,0.0,1.09134232260225,0.08501321750773845,0.9219255215366453,0.04047706318161954
0.278,0.0158191435372587,0.0,1.0220885884562771,0.0819315159725496,0.9265612757907855,0.037278145503588836
0.279,0.0158791435372587,0.0,0.9584195866913711,0.07896157867612516,0.9311838444115117,0.03435725744489802
0.28,0.0159391435372587,0.0,0.8999399298747405,0.07609929460506207,0.9357935149407439,0.03169188059781591
0.281,0.0159991435372587,0.0,0.8462745821680325,0.07334067169624563,0.9403905975378288,0.029261011309346774
0.28200000000000003,0.0160591435372587,0.0,0.7970703420010825,0.07068210424560199,0.9449754166767397,0.02704537750940697
0.28300000000000003,0.016119143537258702,0.0,0.7519982299045749,0.06811998654905732,0.9495482968314501,0.025026955120428795
0.28400000000000003,0.0161791435372587,0.0,0.7107477962816495,0.06565079469179166,0.9541095827614515,0.023189017301625557
0.28500000000000003,0.0162391435372587,0.0,0.6730138642005863,0.06327102063837817,0.9586596992050582,0.021516029733389307
0.28600000000000003,0.0162991435372587,0.0,0.6385175221003364,0.06097748105994988,0.9631990529837678,0.019993837245363792
0.28700000000000003,0.016359143537258702,0.0,0.6070001458362131,0.05876714986630399,0.9677280528836536,0.018609425983247194
0.28800000000000003,0.0164191435372587,0.0,0.5782224110417312,0.056637000967237706,0.9722471076907889,0.017350739241704834
0.289,0.016479143537258698,0.0,0.5519601815032158,0.05458411215156181,0.9767566405478856,0.016206702682508643
0.29,0.0165391435372587,0.0,0.5279993941597341,0.05260553782295304,0.9812571109113433,0.015167081965330741
0.291,0.016599143537258696,0.0,0.5061475605012197,0.05069867098253286,0.9857489484113889,0.01422264717404454
0.292,0.016659143537258697,0.0,0.48622694471173306,0.048860991707217014,0.9902325804132082,0.013364934644585068
0.293,0.016719143537258698,0.0,0.46807293265036387,0.047089980073921234,0.9947084342819865,0.012586148341301388
0.294,0.0167791435372587,0.0,0.45153337254781706,0.04538320828565148,0.9991769346688357,0.011879165120067798
0.295,0.016839143537258697,0.0,0.43646485379558225,0.04373821522721724,1.0036385189061117,0.011237426455050985
0.296,0.016899143537258698,0.0,0.4227400878532177,0.04215282467191644,1.0080935878656998,0.010655040582841184
0.297,0.0169591435372587,0.0,0.4102419025493356,0.04062495599198757,1.012542533807554,0.01012663526423905
0.298,0.017019143537258696,0.0,0.39886090911857003,0.03915252855966913,1.0169857489916285,0.00964727924531063
0.299,0.017079143537258697,0.0,0.38849620319182393,0.03773352036859273,1.0214236165087354,0.009212473785384642
0.3,0.0171391435372587,0.0,0.3790552834302942,0.03636590930147022,1.0258565056956948,0.008818098605710502
0.301,0.0171991435372587,0.0,0.37045477510902,0.03504778828849431,1.0302847625450584,0.008460421670421402
0.302,0.017259143537258697,0.0,0.36262075813180555,0.03377746812393931,1.034708702552061,0.008136093585084174
0.303,0.017319143537258698,0.0,0.3554833505619683,0.03255325960207949,1.0391286412119372,0.007842045324135096
0.304,0.0173791435372587,0.0,0.34897627524327723,0.03137347351718917,1.0435448940199217,0.007575468542580182
0.305,0.0174391435372587,0.0,0.3430397718257932,0.030236524859855368,1.0479577544655316,0.007333822224210257
0.306,0.017499143537258698,0.0,0.3376199233331575,0.029140727811452945,1.0523674951996296,0.0071147597496422285
0.307,0.0175591435372587,0.0,0.33266845080330554,0.02808453343006478,1.0567743665239082,0.006916171674946457
0.308,0.0176191435372587,0.0,0.32814418836948195,0.02706661813204519,1.0611785837778231,0.0067361788981914455
0.309,0.017679143537258697,0.0,0.32400757862558405,0.02608565833374848,1.0655803623008295,0.0065730617338767335
0.31,0.017739143537258698,0.0,0.3202204915228074,0.02514033045152896,1.0699799174323827,0.006425248260801475
0.311,0.0177991435372587,0.0,0.31674605858124194,0.024229310901740936,1.0743774645119382,0.006291303289201099
0.312,0.0178591435372587,0.0,0.31355210525215094,0.023351329252378407,1.078773193983495,0.006169926330772629
0.313,0.017919143537258698,0.0,0.3106120283148846,0.022505141433343288,1.0831672637372403,0.006059935239181091
0.314,0.0179791435372587,0.0,0.3078991091035253,0.021689545657512823,1.0875598375089315,0.005960258597149279
0.315,0.0180391435372587,0.0,0.3053966394531802,0.02090351333472107,1.0919510131252494,0.005869942828198553
0.316,0.0180991435372587,0.0,0.30308834148314845,0.02014601587480207,1.096340888412875,0.005788116474993784
0.317,0.0181591435372587,0.0,0.3009583240032041,0.01941602468758989,1.1007295611984893,0.005713983984200383
0.318,0.0182191435372587,0.0,0.29899104208086547,0.018712511182918567,1.1051171293087734,0.0056468198605393646
0.319,0.0182791435372587,0.0,0.29725363258692583,0.01803458406105889,1.1095031026786988,0.0055859759378887154
0.32,0.018339143537258698,0.0,0.2958550585015173,0.017381131124425873,1.11388668779309,0.005530838344818972
0.321,0.0183991435372587,0.0,0.29477570182891,0.016751281292903365,1.1182680082948369,0.005480874890722436
0.322,0.0184591435372587,0.0,0.29400293068200833,0.016144253741363978,1.122647142384084,0.005435607680828965
0.323,0.0185191435372587,0.0,0.2935246555747387,0.015559267644680328,1.1270241682609765,0.005394599949512872
0.324,0.0185791435372587,0.0,0.2933292739621443,0.01499554217772503,1.1313991641256596,0.005357452937216366
0.325,0.0186391435372587,0.0,0.29340561680051735,0.0144522965153707,1.135772208178278,0.0053238029566707035
0.326,0.0186991435372587,0.0,0.29374289712653057,0.01392874983248995,1.1401433786189767,0.005293318642629213
0.327,0.018759143537258702,0.0,0.29433455698161914,0.013424143647372478,1.1445127257042673,0.0052656997612991275
0.328,0.0188191435372587,0.0,0.2951796273044131,0.012937825990354288,1.1488802618668028,0.0052406793976481235
0.329,0.0188791435372587,1.0,0.33629777177888553,0.029470515474020114,1.1529689841196085,0.008404637026711497
0.33,0.0189391435372587,1.0,0.5368882401612891,0.0469390262633371,1.156153411703888,0.020132794935361804
0.331,0.0189991435372587,1.0,1.011897494996398,0.06409312222129873,1.1584009962577275,0.045347862162155
0.332,0.0190591435372587,1.0,1.790291119311412,0.08093846246563179,1.1601903772032551,0.087066050339324
0.333,0.0191191435372587,1.0,2.8239323983054474,0.09748060429813474,1.1618992019212282,0.14535847475573593
0.3333333333333333,0.0191391435372587,1.0,3.219377945955147,0.10292822022240698,1.1624714531143396,0.16801950378827016
