Time [s],Lmtc [m],STIM [ ],fGM [N],fGL [N]
0.0,0.04050050303339958,0.00030517578125,0.01838507689535618,0.06749802082777023
0.0004999999999999449,0.040500491857528687,0.0006103515625,0.018323855474591255,0.06816233694553375
0.0010000000000000009,0.04050035402178764,0.0,0.017842773348093033,0.06756550818681717
0.0014999999999999458,0.0405004620552063,0.0,0.018643634393811226,0.06738683581352234
0.0020000000000000018,0.04050017520785332,0.00030517578125,0.018353937193751335,0.06781826913356781
0.0024999999999999467,0.040500473231077194,-0.00030517578125,0.018196962773799896,0.06817338615655899
0.0030000000000000027,0.040500544011592865,0.0,0.018185677006840706,0.06785751134157181
0.0034999999999999476,0.040500469505786896,0.00030517578125,0.017728039994835854,0.06813401728868484
0.0040000000000000036,0.04050079733133316,0.0006103515625,0.01824468933045864,0.06749630719423294
0.0044999999999999485,0.040500491857528687,0.0006103515625,0.0180805791169405,0.06809516996145248
0.0050000000000000044,0.04050077125430107,0.0,0.018303263932466507,0.0679476410150528
0.005499999999999949,0.04050040990114212,0.0006103515625,0.018205871805548668,0.06811802089214325
0.006000000000000005,0.04050067067146301,0.00030517578125,0.018374279141426086,0.06818094104528427
0.00649999999999995,0.04050067812204361,0.00030517578125,0.018567489460110664,0.06799854338169098
0.007000000000000006,0.040500469505786896,0.0,0.018317995592951775,0.06799015402793884
0.007499999999999951,0.0405004657804966,0.0006103515625,0.018712874501943588,0.06795691698789597
0.008000000000000007,0.040500544011592865,0.0,0.018345694988965988,0.06891269236803055
0.008499999999999952,0.040500208735466,0.0006103515625,0.018535206094384193,0.06737367808818817
0.009000000000000008,0.04050033167004585,0.0,0.01788417063653469,0.06754861027002335
0.009499999999999953,0.04050060734152794,0.0006103515625,0.018631311133503914,0.06739792972803116
0.010000000000000009,0.04050051048398018,0.0,0.018480367958545685,0.067561075091362
0.010499999999999954,0.04050013795495033,0.0006103515625,0.018458116799592972,0.06710254400968552
0.01100000000000001,0.04050048813223839,0.00030517578125,0.01832757517695427,0.06771785765886307
0.011499999999999955,0.04050059616565704,0.0006103515625,0.018516233190894127,0.06909945607185364
0.01200000000000001,0.04050055518746376,-0.00030517578125,0.01855277642607689,0.06738176196813583
0.012499999999999956,0.04050043597817421,0.00030517578125,0.01797127164900303,0.06807789206504822
0.013000000000000012,0.04050072282552719,0.0006103515625,0.018512878566980362,0.06823425740003586
0.013499999999999956,0.04050030931830406,0.00030517578125,0.018450332805514336,0.06803271174430847
0.014000000000000012,0.04050026834011078,0.0,0.01770036481320858,0.06810696423053741
0.014499999999999957,0.04050050303339958,0.00030517578125,0.018043294548988342,0.06756707280874252
0.015000000000000013,0.04050054773688316,0.00030517578125,0.018628712743520737,0.06908145546913147
0.015499999999999958,0.04050036892294884,0.00030517578125,0.01773736998438835,0.06791003048419952
0.016000000000000014,0.04050040990114212,0.00030517578125,0.018094569444656372,0.06808175891637802
0.01649999999999996,0.040500394999980927,0.00030517578125,0.018446430563926697,0.0679008960723877
0.017000000000000015,0.040500540286302567,-0.00030517578125,0.018115073442459106,0.0682632178068161
0.01749999999999996,0.040500350296497345,-0.00030517578125,0.018012138083577156,0.06766137480735779
0.018000000000000016,0.040500570088624954,0.00030517578125,0.018267042934894562,0.06779541820287704
0.01849999999999996,0.040500421077013016,0.0,0.01847379095852375,0.06810151040554047
0.019000000000000017,0.040500350296497345,0.0006103515625,0.01762007363140583,0.06832218170166016
0.019499999999999962,0.04050031304359436,0.00030517578125,0.01879230886697769,0.06728308647871017
0.020000000000000018,0.040500447154045105,0.0,0.01831851713359356,0.06775916367769241
0.020499999999999963,0.04050048068165779,0.0006103515625,0.01818208023905754,0.06856773793697357
0.02100000000000002,0.04050026834011078,0.00091552734375,0.01801244169473648,0.06773564964532852
0.021499999999999964,0.04050053283572197,0.00030517578125,0.018482817336916924,0.06761019676923752
0.02200000000000002,0.04050048440694809,0.00030517578125,0.018293386325240135,0.06809718906879425
0.022499999999999964,0.04050055518746376,0.00030517578125,0.017902107909321785,0.06829198449850082
0.02300000000000002,0.04050047695636749,0.00030517578125,0.0184696726500988,0.06817527860403061
0.023499999999999965,0.04050039127469063,0.00030517578125,0.018135802820324898,0.0671878531575203
0.02400000000000002,0.04050050303339958,0.0006103515625,0.018540149554610252,0.06767351925373077
0.024499999999999966,0.04050026834011078,0.00030517578125,0.01779588684439659,0.06800972670316696
0.025000000000000022,0.04050058126449585,0.0,0.01844339445233345,0.06769804656505585
0.025499999999999967,0.040500640869140625,0.00030517578125,0.018287714570760727,0.06756598502397537
0.026000000000000023,0.040500346571207047,-0.00030517578125,0.017994215711951256,0.06788616627454758
0.026499999999999968,0.040500540286302567,0.00030517578125,0.018385129049420357,0.06811127811670303
0.027000000000000024,0.04050050303339958,0.0006103515625,0.01831204444169998,0.0678517147898674
0.02749999999999997,0.04050059989094734,0.00030517578125,0.017929991707205772,0.0676521584391594
0.028000000000000025,0.04050058498978615,0.0006103515625,0.01800040528178215,0.06808396428823471
0.02849999999999997,0.04050055518746376,0.0006103515625,0.018201809376478195,0.068132683634758
0.029000000000000026,0.04050048440694809,0.0,0.017995113506913185,0.06784722208976746
0.02949999999999997,0.0405006930232048,0.00030517578125,0.018346982076764107,0.06797859817743301
0.030000000000000027,0.04050065204501152,0.00030517578125,0.018290959298610687,0.06833749264478683
0.03049999999999997,0.040500279515981674,-0.0006103515625,0.01818271540105343,0.06717738509178162
0.031000000000000028,0.04050067067146301,0.0,0.018124837428331375,0.0675017461180687
0.03149999999999997,0.040500495582818985,0.0006103515625,0.01826976053416729,0.0682380273938179
0.03200000000000003,0.04050040990114212,0.0006103515625,0.018512338399887085,0.06742580980062485
0.03249999999999997,0.04050033539533615,0.0,0.018142376095056534,0.06721824407577515
0.03300000000000003,0.04050049930810928,0.00030517578125,0.018597114831209183,0.06717666238546371
0.033499999999999974,0.04050050303339958,0.00030517578125,0.018178608268499374,0.06761596351861954
0.03400000000000003,0.040500398725271225,0.00030517578125,0.018451087176799774,0.06807302683591843
0.034499999999999975,0.040500394999980927,0.0,0.018191734328866005,0.06766636669635773
0.03500000000000003,0.04050075262784958,0.00030517578125,0.01807321608066559,0.06824589520692825
0.035499999999999976,0.0405004620552063,0.0,0.01828947477042675,0.06772360950708389
0.03600000000000003,0.04050034284591675,0.0,0.018039580434560776,0.0678199827671051
0.03649999999999998,0.04050036519765854,0.00030517578125,0.018339205533266068,0.06748758256435394
0.03700000000000003,0.040500618517398834,-0.00030517578125,0.018114188686013222,0.06774391978979111
0.03749999999999998,0.040500394999980927,0.00030517578125,0.017901604995131493,0.06786606460809708
0.038000000000000034,0.040500469505786896,0.00030517578125,0.01817523129284382,0.06774159520864487
0.03849999999999998,0.04050063714385033,0.00030517578125,0.018324166536331177,0.06871412694454193
0.039000000000000035,0.040500458329916,0.0,0.01778053492307663,0.06825017929077148
0.03949999999999998,0.04050034284591675,0.00030517578125,0.018366597592830658,0.0677819699048996
0.040000000000000036,0.04050050675868988,0.00030517578125,0.018294237554073334,0.06805958598852158
0.04049999999999998,0.0405002199113369,0.00030517578125,0.0179461482912302,0.06798673421144485
0.041000000000000036,0.04050029441714287,-0.00030517578125,0.01833505555987358,0.06864731013774872
0.04149999999999998,0.04050028324127197,0.0,0.018216978758573532,0.06760090589523315
0.04200000000000004,0.040500253438949585,0.0006103515625,0.018620550632476807,0.06782974302768707
0.04249999999999998,0.040500182658433914,0.00030517578125,0.018305504694581032,0.06777330487966537
0.04300000000000004,0.04050038009881973,-0.00030517578125,0.01799885369837284,0.06867707520723343
0.04349999999999998,0.04050050675868988,0.00030517578125,0.01841026172041893,0.06763878464698792
0.04400000000000004,0.04050050303339958,0.0006103515625,0.01830613799393177,0.06669905036687851
0.044499999999999984,0.040500372648239136,-0.00030517578125,0.01864851452410221,0.06814531236886978
0.04500000000000004,0.04050060361623764,0.00030517578125,0.018689222633838654,0.06819842755794525
0.045499999999999985,0.04050057381391525,0.00030517578125,0.018412765115499496,0.06791222840547562
0.04600000000000004,0.04050054773688316,0.00030517578125,0.018659718334674835,0.06756637245416641
0.046499999999999986,0.04050065204501152,-0.00030517578125,0.01849452406167984,0.06788372248411179
0.04700000000000004,0.040500689297914505,0.0006103515625,0.01849156804382801,0.06808912754058838
0.04749999999999999,0.04050050303339958,-0.00030517578125,0.01866862177848816,0.0671548917889595
0.04800000000000004,0.04050065204501152,-0.00030517578125,0.018310926854610443,0.06816302239894867
0.04849999999999999,0.040500521659851074,0.0,0.01817401498556137,0.06840166449546814
0.049000000000000044,0.04050049930810928,0.0,0.018958020955324173,0.0674646869301796
0.04949999999999999,0.04050032049417496,0.0006103515625,0.018321292474865913,0.06741629540920258
0.050000000000000044,0.04050059989094734,0.00030517578125,0.018477056175470352,0.06698247790336609
0.05049999999999999,0.040500544011592865,0.00091552734375,0.018884362652897835,0.06733758002519608
0.051000000000000045,0.04050053656101227,0.00091552734375,0.018036123365163803,0.06765121966600418
0.05149999999999999,0.04050036519765854,0.0006103515625,0.018490025773644447,0.06779691576957703
0.052000000000000046,0.04050063714385033,0.0,0.01839958131313324,0.0681883841753006
0.05249999999999999,0.04050058871507645,0.0006103515625,0.018215496093034744,0.06785117834806442
0.05300000000000005,0.0405004620552063,0.0006103515625,0.01817488670349121,0.06717142462730408
0.05349999999999999,0.040500521659851074,0.0,0.018526960164308548,0.06756454706192017
0.05400000000000005,0.040500689297914505,0.00030517578125,0.018464606255292892,0.06879204511642456
0.05449999999999999,0.040500592440366745,0.0,0.01809488609433174,0.0683211237192154
0.05500000000000005,0.040500376373529434,0.0,0.018348287791013718,0.06742780655622482
0.055499999999999994,0.040500447154045105,0.00030517578125,0.01828826032578945,0.0676625669002533
0.05600000000000005,0.04050059616565704,-0.00030517578125,0.018363671377301216,0.06789486110210419
0.056499999999999995,0.04050058126449585,0.00030517578125,0.0182256530970335,0.06748069077730179
0.05700000000000005,0.04050058498978615,0.0,0.01834031753242016,0.06734899431467056
0.057499999999999996,0.040500443428754807,0.0006103515625,0.018261738121509552,0.06770060211420059
0.05800000000000005,0.04050042852759361,0.0,0.01800524815917015,0.06756549328565598
0.058499999999999996,0.040500346571207047,0.00030517578125,0.01827125996351242,0.06727998703718185
0.05900000000000005,0.040500540286302567,0.0006103515625,0.018479591235518456,0.06803025305271149
0.0595,0.04050030559301376,0.0006103515625,0.01806666888296604,0.06784045696258545
0.06000000000000005,0.04050033912062645,0.0,0.018475275486707687,0.06790795177221298
0.0605,0.04050058498978615,0.0,0.018384277820587158,0.06805247813463211
0.061000000000000054,0.040500424802303314,0.0006103515625,0.018143003806471825,0.06765182316303253
0.0615,0.04050051420927048,0.0006103515625,0.018350880593061447,0.06863639503717422
0.062000000000000055,0.04050053283572197,0.00030517578125,0.018171032890677452,0.06854187697172165
0.0625,0.04050055518746376,0.0,0.018584754317998886,0.06742563098669052
0.06299999999999994,0.04050032049417496,0.0,0.01803058385848999,0.06776018440723419
0.0635,0.04050068184733391,0.0006103515625,0.018391618505120277,0.06750573962926865
0.06399999999999995,0.0405004620552063,0.00030517578125,0.018701277673244476,0.0675487369298935
0.0645,0.040500421077013016,0.0,0.017936205491423607,0.06805481761693954
0.06499999999999995,0.04050056263804436,0.0006103515625,0.018223533406853676,0.06831696629524231
0.0655,0.040500544011592865,0.0006103515625,0.018556732684373856,0.06863962113857269
0.06599999999999995,0.04050057753920555,0.00091552734375,0.01845667138695717,0.06773538142442703
0.0665,0.0405004620552063,0.0,0.01808904856443405,0.06755286455154419
0.06699999999999995,0.040500443428754807,0.0006103515625,0.018761850893497467,0.06888208538293839
0.0675,0.04050059616565704,0.00030517578125,0.0182645246386528,0.06794298440217972
0.06799999999999995,0.04050052911043167,0.00030517578125,0.018523136153817177,0.06760704517364502
0.0685,0.04050031304359436,0.00030517578125,0.018519163131713867,0.06767292320728302
0.06899999999999995,0.04050035774707794,-0.00030517578125,0.018022172152996063,0.06802342087030411
0.0695,0.040500298142433167,0.00030517578125,0.01835133507847786,0.06789190322160721
0.06999999999999995,0.04050051420927048,0.0006103515625,0.018566085025668144,0.06690189987421036
0.07050000000000001,0.040500789880752563,0.0006103515625,0.01809869147837162,0.06840375810861588
0.07099999999999995,0.04050030931830406,0.00030517578125,0.018577488139271736,0.0680735856294632
0.07150000000000001,0.04050043970346451,0.0006103515625,0.018383705988526344,0.0674237385392189
0.07199999999999995,0.04050072282552719,0.00030517578125,0.018109425902366638,0.06783950328826904
0.07250000000000001,0.04050068557262421,0.00030517578125,0.018536673858761787,0.06795178353786469
0.07299999999999995,0.04050057753920555,0.00030517578125,0.018244970589876175,0.06838547438383102
0.07350000000000001,0.0405007041990757,0.0,0.01844455674290657,0.06828555464744568
0.07399999999999995,0.04050058498978615,0.0006103515625,0.018361901864409447,0.06756315380334854
0.07450000000000001,0.04050064831972122,0.00030517578125,0.018053561449050903,0.06860029697418213
0.07499999999999996,0.04050040990114212,0.00030517578125,0.018278995528817177,0.06773840636014938
0.07550000000000001,0.04050038009881973,0.0,0.018226085230708122,0.06796973943710327
0.07599999999999996,0.04050065204501152,0.00030517578125,0.01837415061891079,0.06850404292345047
0.07650000000000001,0.04050025716423988,0.0006103515625,0.018106963485479355,0.06769011914730072
0.07699999999999996,0.040500398725271225,0.00030517578125,0.01843441277742386,0.06708382815122604
0.07750000000000001,0.04050062969326973,0.0006103515625,0.01774461567401886,0.06731624156236649
0.07799999999999996,0.04050032049417496,-0.00030517578125,0.017917729914188385,0.06797952204942703
0.07850000000000001,0.04050039127469063,0.0,0.018252311274409294,0.06765333563089371
0.07899999999999996,0.040500491857528687,0.0006103515625,0.017983410507440567,0.06746406853199005
0.07950000000000002,0.04050041735172272,0.00030517578125,0.018305081874132156,0.06793445348739624
0.07999999999999996,0.04050047695636749,0.0,0.017808247357606888,0.06779240816831589
0.08050000000000002,0.04050054773688316,0.0006103515625,0.01872614398598671,0.06822865456342697
0.08099999999999996,0.040500469505786896,0.00030517578125,0.01844935305416584,0.06659704446792603
0.08150000000000002,0.04050058871507645,0.00030517578125,0.017719078809022903,0.06743019074201584
0.08199999999999996,0.04050050675868988,0.00030517578125,0.018806373700499535,0.06812509894371033
0.08250000000000002,0.040500666946172714,0.0,0.018338344991207123,0.06744252145290375
0.08299999999999996,0.040500231087207794,0.0006103515625,0.018594030290842056,0.0678715705871582
0.08350000000000002,0.04050012305378914,-0.00030517578125,0.018148209899663925,0.06808046251535416
0.08399999999999996,0.04050035774707794,0.0,0.018552003428339958,0.06758193671703339
0.08450000000000002,0.040500350296497345,-0.00030517578125,0.01798284240067005,0.06704573333263397
0.08499999999999996,0.04050058498978615,0.00030517578125,0.01847631298005581,0.06757798790931702
0.08550000000000002,0.04050034284591675,0.00030517578125,0.01806708611547947,0.06805171817541122
0.08599999999999997,0.04050067439675331,0.0,0.018464187160134315,0.06787946075201035
0.08650000000000002,0.040500372648239136,0.00030517578125,0.01860937476158142,0.06756002455949783
0.08699999999999997,0.04050039127469063,0.0,0.018031727522611618,0.06813351809978485
0.08750000000000002,0.0405006967484951,0.0006103515625,0.018366249278187752,0.06789449602365494
0.08799999999999997,0.04050031304359436,0.00030517578125,0.018284088000655174,0.06825067102909088
0.08850000000000002,0.04050063714385033,0.0,0.018331250175833702,0.06728554517030716
0.08899999999999997,0.04050057753920555,0.0006103515625,0.018285851925611496,0.06730799376964569
0.08950000000000002,0.040500592440366745,0.00030517578125,0.018353743478655815,0.06766226887702942
0.08999999999999997,0.040500458329916,0.0,0.018152514472603798,0.06714190542697906
0.09050000000000002,0.04050057381391525,-0.00030517578125,0.018360940739512444,0.06818292289972305
0.09099999999999997,0.04050063714385033,0.0006103515625,0.01832748018205166,0.06823031604290009
0.09150000000000003,0.04050024598836899,0.0,0.018364937976002693,0.06820272654294968
0.09199999999999997,0.04050043597817421,0.00030517578125,0.018420299515128136,0.06766977906227112
0.09250000000000003,0.04050051048398018,0.0006103515625,0.018106166273355484,0.0677209198474884
0.09299999999999997,0.04050038382411003,0.00030517578125,0.018363529816269875,0.06851837038993835
0.09350000000000003,0.04050048068165779,0.0006103515625,0.018201911821961403,0.06802258640527725
0.09399999999999997,0.04050057381391525,0.0006103515625,0.018279055133461952,0.06844571232795715
0.09450000000000003,0.040500689297914505,-0.00030517578125,0.01842292957007885,0.06833357363939285
0.09499999999999997,0.04050038754940033,0.0,0.018374983221292496,0.06791307032108307
0.09550000000000003,0.04050028696656227,0.00091552734375,0.018427211791276932,0.06754458695650101
0.09599999999999997,0.040500469505786896,0.00030517578125,0.01848689466714859,0.06790608167648315
0.09650000000000003,0.04050043225288391,0.0006103515625,0.017662854865193367,0.0686463713645935
0.09699999999999998,0.040500424802303314,-0.00030517578125,0.018310654908418655,0.06774383783340454
0.09750000000000003,0.0405007004737854,0.00091552734375,0.01844620704650879,0.06798449903726578
0.09799999999999998,0.04050048813223839,0.00030517578125,0.017789797857403755,0.06803402304649353
0.09850000000000003,0.04050056263804436,0.00030517578125,0.01829848624765873,0.06846052408218384
0.09899999999999998,0.04050039127469063,0.0,0.018161192536354065,0.0678061842918396
0.09950000000000003,0.040500689297914505,0.00030517578125,0.01836373098194599,0.06799332797527313
0.09999999999999998,0.040500570088624954,0.00030517578125,0.01850181631743908,0.06786137074232101
0.10050000000000003,0.04050016403198242,0.00030517578125,0.018338777124881744,0.06843460351228714
0.10099999999999998,0.04050059989094734,0.0,0.018349988386034966,0.06832204759120941
0.10150000000000003,0.040500346571207047,-0.00030517578125,0.01816592924296856,0.06760191172361374
0.10199999999999998,0.04050050303339958,0.0006103515625,0.018066683784127235,0.06861837953329086
0.10250000000000004,0.04050055146217346,0.0,0.018394693732261658,0.06767579913139343
0.10299999999999998,0.04050064831972122,0.00030517578125,0.018662841990590096,0.06773177534341812
0.10350000000000004,0.04050028324127197,0.0,0.017980510368943214,0.06739640235900879
0.10399999999999998,0.040500208735466,0.0006103515625,0.018222661688923836,0.06646072864532471
0.10450000000000004,0.04050074517726898,0.0,0.018176013603806496,0.06852174550294876
0.10499999999999998,0.040500592440366745,0.0,0.018453016877174377,0.06751976907253265
0.10550000000000004,0.04050065577030182,0.0,0.018627002835273743,0.0684780403971672
0.10599999999999998,0.04050060734152794,0.00091552734375,0.01819676160812378,0.06848974525928497
0.10650000000000004,0.04050064831972122,0.0006103515625,0.018185332417488098,0.06766180694103241
0.10699999999999998,0.04050054773688316,0.00030517578125,0.018567871302366257,0.06804560869932175
0.10750000000000004,0.04050036892294884,-0.00030517578125,0.01864425465464592,0.06810799986124039
0.10799999999999998,0.040500495582818985,0.00030517578125,0.0180415827780962,0.06801193952560425
0.10850000000000004,0.04050036519765854,0.00030517578125,0.018472660332918167,0.06795607507228851
0.10899999999999999,0.040500540286302567,0.0,0.018442701548337936,0.06776599586009979
0.10950000000000004,0.04050052911043167,0.00030517578125,0.01821220852434635,0.06787870079278946
0.10999999999999999,0.0405004546046257,0.00030517578125,0.018531804904341698,0.06800617277622223
0.11050000000000004,0.04050032049417496,0.00030517578125,0.01811767928302288,0.06757252663373947
0.11099999999999999,0.040500760078430176,0.00030517578125,0.018300803378224373,0.06801237165927887
0.11150000000000004,0.040500544011592865,0.00030517578125,0.01846742443740368,0.06771694868803024
0.11199999999999999,0.04050048813223839,0.00030517578125,0.01834869757294655,0.06696885079145432
0.11250000000000004,0.040500707924366,0.0,0.01842784881591797,0.06731285154819489
0.11299999999999999,0.040500540286302567,0.0006103515625,0.018092740327119827,0.06747101247310638
0.11350000000000005,0.040500618517398834,-0.00030517578125,0.018306802958250046,0.06841574609279633
0.11399999999999999,0.040500540286302567,-0.00030517578125,0.018516048789024353,0.06864019483327866
0.11450000000000005,0.040500458329916,0.00030517578125,0.017962593585252762,0.06801966577768326
0.11499999999999999,0.04050068557262421,0.00030517578125,0.018338818103075027,0.06787111610174179
0.11550000000000005,0.04050067067146301,0.0006103515625,0.018381809815764427,0.06783614307641983
0.11599999999999999,0.04050049930810928,0.0,0.018049146980047226,0.06830760091543198
0.11650000000000005,0.04050080105662346,0.0006103515625,0.01853683404624462,0.068283811211586
0.11699999999999999,0.040500279515981674,0.00030517578125,0.01817755214869976,0.06848890334367752
0.11750000000000005,0.040500398725271225,0.00030517578125,0.01805947534739971,0.06836091727018356
0.118,0.040500469505786896,0.00030517578125,0.01809830591082573,0.0682951807975769
0.11850000000000005,0.04050028324127197,0.0006103515625,0.01841239258646965,0.06817779690027237
0.119,0.040500570088624954,0.00030517578125,0.018407952040433884,0.06822767853736877
0.11950000000000005,0.04050091654062271,0.001220703125,0.0181571114808321,0.06786316633224487
0.12,0.04050067439675331,0.0,0.018499385565519333,0.06783808022737503
0.12050000000000005,0.040500458329916,0.00030517578125,0.018025264143943787,0.06725215911865234
0.121,0.0405004657804966,0.0006103515625,0.018611274659633636,0.06852661818265915
0.12150000000000005,0.04050040990114212,0.0,0.01827383041381836,0.06775405257940292
0.122,0.04050048813223839,-0.00030517578125,0.018281346186995506,0.06811588257551193
0.12250000000000005,0.040500491857528687,0.0,0.01815216988325119,0.06838774681091309
0.123,0.040500707924366,0.0,0.01853100210428238,0.06839761137962341
0.12350000000000005,0.04050068557262421,0.0006103515625,0.018315061926841736,0.06802757829427719
0.124,0.04050023853778839,0.0,0.018212538212537766,0.06751489639282227
0.12450000000000006,0.0405004508793354,-0.00030517578125,0.01822507753968239,0.06838671863079071
0.125,0.04050055146217346,0.0,0.0181755181401968,0.06829823553562164
0.12549999999999994,0.04050051420927048,0.0006103515625,0.018367089331150055,0.06825070828199387
0.126,0.04050064459443092,0.0,0.018246367573738098,0.06781662255525589
0.12649999999999995,0.04050057381391525,0.00030517578125,0.01856226846575737,0.06821751594543457
0.127,0.04050074517726898,0.00030517578125,0.01832752116024494,0.06843092292547226
0.12749999999999995,0.04050039127469063,0.0,0.018393971025943756,0.0676230937242508
0.128,0.04050035402178764,0.0006103515625,0.018534217029809952,0.06819397956132889
0.12849999999999995,0.04050048813223839,0.0,0.0184687040746212,0.06818544864654541
0.129,0.04050023853778839,0.00030517578125,0.018176525831222534,0.06753730773925781
0.12949999999999995,0.04050035774707794,0.00030517578125,0.018157178536057472,0.06770355254411697
0.13,0.04050050303339958,0.0006103515625,0.0182975884526968,0.06808806210756302
0.13049999999999995,0.04050040245056152,0.0006103515625,0.018127799034118652,0.06788095086812973
0.131,0.040500130504369736,0.0006103515625,0.018280411139130592,0.06761783361434937
0.13149999999999995,0.04050041735172272,0.0006103515625,0.018613290041685104,0.06817060708999634
0.132,0.040500469505786896,0.0006103515625,0.018230481073260307,0.06817585974931717
0.13249999999999995,0.040500592440366745,0.00030517578125,0.0185875054448843,0.06806125491857529
0.133,0.040500376373529434,-0.00030517578125,0.01827438734471798,0.06717664003372192
0.13349999999999995,0.04050062969326973,0.00030517578125,0.01846502348780632,0.06779423356056213
0.134,0.04050064459443092,0.0006103515625,0.01846838928759098,0.0686163604259491
0.13449999999999995,0.04050036147236824,0.00030517578125,0.018565811216831207,0.06806833297014236
0.135,0.04050048068165779,0.00030517578125,0.018415307626128197,0.0677858293056488
0.13549999999999995,0.04050043597817421,-0.00030517578125,0.01818736456334591,0.06798926740884781
0.136,0.04050058498978615,0.00030517578125,0.01806166023015976,0.06872756779193878
0.13649999999999995,0.04050040990114212,0.0006103515625,0.018382983282208443,0.0681275725364685
0.137,0.040500663220882416,0.0,0.018182212486863136,0.06754037737846375
0.13749999999999996,0.040500350296497345,-0.00030517578125,0.018158171325922012,0.06860661506652832
0.138,0.04050064459443092,0.0006103515625,0.018480228260159492,0.06885095685720444
0.13849999999999996,0.04050026461482048,0.0,0.018353138118982315,0.06757491081953049
0.139,0.04050051420927048,0.00030517578125,0.018432902172207832,0.06791649758815765
0.13949999999999996,0.040500443428754807,-0.00030517578125,0.017824504524469376,0.06820368766784668
0.14,0.04050062596797943,0.0,0.018125973641872406,0.06791998445987701
0.14049999999999996,0.04050063341856003,0.00030517578125,0.018317291513085365,0.06799441576004028
0.14100000000000001,0.04050032049417496,0.0,0.017854003235697746,0.06769619137048721
0.14149999999999996,0.04050055146217346,0.00030517578125,0.018279090523719788,0.06887257099151611
0.14200000000000002,0.04050048068165779,0.0,0.018098052591085434,0.06817621737718582
0.14249999999999996,0.040500521659851074,0.00030517578125,0.018434317782521248,0.06695948541164398
0.14300000000000002,0.04050051048398018,0.00091552734375,0.01801683008670807,0.06822748482227325
0.14349999999999996,0.04050028696656227,0.0,0.018473636358976364,0.06777234375476837
0.14400000000000002,0.0405004620552063,0.00030517578125,0.018313584849238396,0.06775813549757004
0.14449999999999996,0.0405004620552063,0.00030517578125,0.01816233992576599,0.067719466984272
0.14500000000000002,0.040500566363334656,0.00030517578125,0.018631571903824806,0.068291075527668
0.14549999999999996,0.04050031304359436,0.0,0.018140939995646477,0.06829193979501724
0.14600000000000002,0.040500394999980927,0.0006103515625,0.01833391562104225,0.06745690852403641
0.14649999999999996,0.04050058871507645,0.00030517578125,0.018171312287449837,0.06736084073781967
0.14700000000000002,0.04050049930810928,0.00030517578125,0.018324583768844604,0.06851892173290253
0.14749999999999996,0.04050048813223839,0.0,0.018267353996634483,0.06738167256116867
0.14800000000000002,0.04050041362643242,-0.00030517578125,0.018168242648243904,0.0680546909570694
0.14849999999999997,0.040500592440366745,0.0,0.01833316683769226,0.0675787404179573
0.14900000000000002,0.0405004508793354,0.0,0.018328918144106865,0.06768706440925598
0.14949999999999997,0.04050027206540108,0.0,0.01822841353714466,0.0678006261587143
0.15000000000000002,0.040500618517398834,0.00030517578125,0.01788875088095665,0.06787018477916718
0.15049999999999997,0.04050064459443092,0.0006103515625,0.018343158066272736,0.0678676962852478
0.15100000000000002,0.04049992933869362,0.0,0.018170475959777832,0.06771799921989441
0.15149999999999997,0.040500689297914505,0.0,0.018397798761725426,0.06817789375782013
0.15200000000000002,0.040500592440366745,0.0006103515625,0.018181446939706802,0.06718219071626663
0.15249999999999997,0.04050038382411003,0.0,0.018459545448422432,0.06826303154230118
0.15300000000000002,0.040500376373529434,0.0,0.018239188939332962,0.06822969019412994
0.15349999999999997,0.04050048813223839,0.0006103515625,0.018341941758990288,0.06824120134115219
0.15400000000000003,0.04050083085894585,0.0006103515625,0.018309079110622406,0.0690145418047905
0.15449999999999997,0.04050055518746376,-0.00030517578125,0.01792711205780506,0.06786509603261948
0.15500000000000003,0.040500566363334656,0.00030517578125,0.017922015860676765,0.06838974356651306
0.15549999999999997,0.04050058126449585,0.0006103515625,0.01836691051721573,0.06790463626384735
0.15600000000000003,0.040500614792108536,0.00030517578125,0.018619736656546593,0.06824086606502533
0.15649999999999997,0.040500592440366745,-0.0006103515625,0.01790257729589939,0.06793015450239182
0.15700000000000003,0.04050033912062645,0.00030517578125,0.01818098872900009,0.06800708919763565
0.15749999999999997,0.0405004508793354,0.0006103515625,0.018462548032402992,0.06821189820766449
0.15800000000000003,0.04050055146217346,0.00030517578125,0.017939256504178047,0.06871935725212097
0.15849999999999997,0.040500301867723465,-0.00030517578125,0.01800505444407463,0.06796705722808838
0.15900000000000003,0.040500473231077194,0.00030517578125,0.018121108412742615,0.06776516884565353
0.15949999999999998,0.0405002236366272,0.00030517578125,0.018059207126498222,0.06752123683691025
0.16000000000000003,0.040500540286302567,0.0006103515625,0.018300455063581467,0.06827238947153091
0.16049999999999998,0.04050057753920555,0.0006103515625,0.01847914606332779,0.06887325644493103
0.16100000000000003,0.040500327944755554,0.0,0.018206773325800896,0.06759052723646164
0.16149999999999998,0.04050040245056152,0.00030517578125,0.01857711747288704,0.06777103245258331
0.16200000000000003,0.04050029441714287,-0.00030517578125,0.01829424872994423,0.06824785470962524
0.16249999999999998,0.040500491857528687,0.0,0.018127446994185448,0.06808381527662277
0.16300000000000003,0.040500298142433167,0.0,0.018228178843855858,0.06780238449573517
0.16349999999999998,0.04050026834011078,0.00030517578125,0.018136704340577126,0.06741537898778915
0.16400000000000003,0.040500640869140625,0.0006103515625,0.018881933763623238,0.06847512722015381
0.16449999999999998,0.04050048440694809,0.00030517578125,0.01836225762963295,0.06756067276000977
0.16500000000000004,0.04050041362643242,0.0,0.018228380009531975,0.06774923950433731
0.16549999999999998,0.04050031676888466,0.00030517578125,0.018736302852630615,0.06846748292446136
0.16600000000000004,0.04050054773688316,0.00030517578125,0.01795816794037819,0.06778866052627563
0.16649999999999998,0.04050068557262421,0.00030517578125,0.018220383673906326,0.06790578365325928
0.16700000000000004,0.04050035402178764,0.0,0.018456997349858284,0.06761539727449417
0.16749999999999998,0.04050048068165779,0.0,0.018365992233157158,0.06801825016736984
0.16800000000000004,0.04050059616565704,0.00030517578125,0.0183404590934515,0.06803769618272781
0.16849999999999998,0.04050065949559212,0.0006103515625,0.018296224996447563,0.06813318282365799
0.16900000000000004,0.04050038382411003,-0.00030517578125,0.018731171265244484,0.06735648214817047
0.16949999999999998,0.04050048813223839,0.0,0.018046224489808083,0.06784729659557343
0.17000000000000004,0.040500491857528687,0.00030517578125,0.01817413978278637,0.06743327528238297
0.17049999999999998,0.040500521659851074,0.0,0.018527723848819733,0.06748420745134354
0.17100000000000004,0.040500469505786896,0.00030517578125,0.017987454310059547,0.06790732592344284
0.17149999999999999,0.040500398725271225,-0.00030517578125,0.01798933558166027,0.0687677338719368
0.17200000000000004,0.04050033912062645,0.0,0.01843591220676899,0.06775689125061035
0.1725,0.04050051420927048,0.00030517578125,0.01823231391608715,0.06799855828285217
0.17300000000000004,0.040500253438949585,0.0006103515625,0.018358539789915085,0.06839295476675034
0.1735,0.04050026088953018,0.00030517578125,0.01839592307806015,0.06739814579486847
0.17400000000000004,0.0405006930232048,0.00030517578125,0.018152408301830292,0.06832612305879593
0.1745,0.0405004508793354,0.00030517578125,0.018192727118730545,0.06784145534038544
0.17500000000000004,0.0405004508793354,0.0006103515625,0.017893139272928238,0.06818302720785141
0.1755,0.04050043597817421,-0.00030517578125,0.01830594800412655,0.06836000829935074
0.17600000000000005,0.04050050675868988,0.0,0.018369905650615692,0.06778769195079803
0.1765,0.040500614792108536,0.0,0.018488511443138123,0.06772508472204208
0.17700000000000005,0.04050036519765854,0.0,0.01862102746963501,0.06678600609302521
0.1775,0.04050053283572197,0.0,0.01779814250767231,0.06782761961221695
0.17800000000000005,0.04050040990114212,0.0006103515625,0.01841968111693859,0.067432701587677
0.1785,0.040500346571207047,0.00030517578125,0.01816374436020851,0.06792058050632477
0.17900000000000005,0.04050035774707794,0.00030517578125,0.01827263832092285,0.06916520744562149
0.1795,0.040500473231077194,0.00030517578125,0.018017064779996872,0.06749606877565384
0.18000000000000005,0.04050030931830406,0.00030517578125,0.018717912957072258,0.06769847869873047
0.1805,0.040500301867723465,0.00030517578125,0.01807933673262596,0.06763733178377151
0.18100000000000005,0.04050058498978615,0.0006103515625,0.018520398065447807,0.06729983538389206
0.1815,0.04050050303339958,0.00030517578125,0.01795605942606926,0.06756643950939178
0.18200000000000005,0.04050043225288391,0.00030517578125,0.018023433163762093,0.06776174902915955
0.1825,0.04050055146217346,0.0006103515625,0.018344830721616745,0.06838135421276093
0.18300000000000005,0.04050036892294884,0.00030517578125,0.018490809947252274,0.06823991239070892
0.1835,0.04050054773688316,0.00030517578125,0.018083952367305756,0.06743504106998444
0.18400000000000005,0.04050057753920555,-0.00030517578125,0.018497943878173828,0.06758115440607071
0.1845,0.04050077870488167,0.00030517578125,0.018482398241758347,0.06753157079219818
0.18500000000000005,0.0405004508793354,0.0006103515625,0.017904061824083328,0.06809469312429428
0.1855,0.040500350296497345,0.00030517578125,0.01858264021575451,0.0682113841176033
0.18600000000000005,0.04050043970346451,0.00030517578125,0.018090499565005302,0.06747909635305405
0.1865,0.04050019383430481,0.00030517578125,0.018406188115477562,0.06850691884756088
0.18700000000000006,0.040500298142433167,0.0006103515625,0.018255358561873436,0.0679008737206459
0.1875,0.04050050675868988,0.0006103515625,0.01823156327009201,0.06761441379785538
0.18799999999999994,0.04050034284591675,0.0,0.018311675637960434,0.06737247109413147
0.1885,0.04050063714385033,-0.00030517578125,0.01829926297068596,0.06794308125972748
0.18899999999999995,0.040500544011592865,-0.00030517578125,0.01889611966907978,0.06747809797525406
0.1895,0.040500458329916,0.0,0.018328063189983368,0.06713563948869705
0.18999999999999995,0.04050036147236824,0.0,0.018384527415037155,0.06790098547935486
0.1905,0.040500570088624954,0.0,0.01853274367749691,0.06843758374452591
0.19099999999999995,0.04050065949559212,0.00030517578125,0.018493350595235825,0.06738515943288803
0.1915,0.04050053283572197,0.00030517578125,0.018341487273573875,0.06803690642118454
0.19199999999999995,0.04050062224268913,0.0006103515625,0.018571680411696434,0.06862857937812805
0.1925,0.04050060361623764,0.00030517578125,0.018376387655735016,0.06852013617753983
0.19299999999999995,0.04050025716423988,0.0,0.018493372946977615,0.06740730255842209
0.1935,0.040500640869140625,0.00030517578125,0.01826890930533409,0.06847765296697617
0.19399999999999995,0.04050049930810928,0.00030517578125,0.018123909831047058,0.06846190243959427
0.1945,0.04050057381391525,0.00030517578125,0.018340250477194786,0.06782111525535583
0.19499999999999995,0.040500279515981674,-0.00030517578125,0.018325911834836006,0.0681665912270546
0.1955,0.04050029441714287,0.00030517578125,0.018412582576274872,0.06753455102443695
0.19599999999999995,0.0405004546046257,0.00030517578125,0.01785106025636196,0.0681203305721283
0.1965,0.04050058498978615,0.0,0.018176045268774033,0.067887082695961
0.19699999999999995,0.04050053656101227,0.0,0.018157288432121277,0.06796924024820328
0.1975,0.040500540286302567,0.00030517578125,0.018256165087223053,0.06809834390878677
0.19799999999999995,0.04050040245056152,0.00030517578125,0.018506942316889763,0.06817806512117386
0.1985,0.04050014913082123,0.0,0.018120264634490013,0.06781156361103058
0.19899999999999995,0.04050059616565704,0.00030517578125,0.01843382976949215,0.06773832440376282
0.1995,0.04050036892294884,0.0006103515625,0.018208665773272514,0.06794729083776474
0.19999999999999996,0.04050018638372421,0.0006103515625,0.018496587872505188,0.06715461611747742
0.2005,0.040500424802303314,0.00030517578125,0.018270621076226234,0.06740329414606094
0.20099999999999996,0.04050056263804436,-0.00030517578125,0.018351243808865547,0.06849280744791031
0.2015,0.04050036519765854,0.0,0.018162094056606293,0.06828996539115906
0.20199999999999996,0.0405004620552063,0.00030517578125,0.018131176009774208,0.06769176572561264
0.2025,0.0405004508793354,0.0006103515625,0.01852210983633995,0.0674295723438263
0.20299999999999996,0.04050051048398018,0.0,0.017976507544517517,0.0681236982345581
0.20350000000000001,0.04050050675868988,0.00030517578125,0.018654590472579002,0.06787291914224625
0.20399999999999996,0.04050014540553093,0.00030517578125,0.018141228705644608,0.06687493622303009
0.20450000000000002,0.04050058126449585,0.0006103515625,0.0184042789041996,0.06780659407377243
0.20499999999999996,0.04050055146217346,0.0006103515625,0.01810429058969021,0.0681430920958519
0.20550000000000002,0.04050052538514137,-0.00030517578125,0.017969677224755287,0.06749054044485092
0.20599999999999996,0.04050034284591675,0.00030517578125,0.018920432776212692,0.06785216182470322
0.20650000000000002,0.04050027206540108,0.0,0.01799112558364868,0.0685076117515564
0.20699999999999996,0.04050050675868988,0.0006103515625,0.01831064373254776,0.0688251405954361
0.20750000000000002,0.040500469505786896,0.00030517578125,0.018463198095560074,0.06763038784265518
0.20799999999999996,0.0405006967484951,0.00030517578125,0.018238719552755356,0.06735192239284515
0.20850000000000002,0.04050017520785332,0.00030517578125,0.018410686403512955,0.06788574159145355
0.20899999999999996,0.04050055146217346,0.0006103515625,0.01814306527376175,0.06757441908121109
0.20950000000000002,0.04050064459443092,0.0006103515625,0.01819368451833725,0.06737039238214493
0.20999999999999996,0.04050039127469063,0.0,0.018061505630612373,0.06848365068435669
0.21050000000000002,0.04050029069185257,0.0006103515625,0.0180754903703928,0.06830824166536331
0.21099999999999997,0.04050038754940033,0.00030517578125,0.01848483644425869,0.0675467699766159
0.21150000000000002,0.04050061106681824,0.00030517578125,0.018260950222611427,0.06750945001840591
0.21199999999999997,0.04050048813223839,0.0,0.018006792291998863,0.06795607507228851
0.21250000000000002,0.040500231087207794,0.00030517578125,0.018505578860640526,0.06809251755475998
0.21299999999999997,0.04050043225288391,0.00030517578125,0.018421081826090813,0.06745784729719162
0.21350000000000002,0.040500421077013016,0.0,0.018456265330314636,0.06774840503931046
0.21399999999999997,0.04050033539533615,0.0,0.018313061445951462,0.06796640902757645
0.21450000000000002,0.04050055891275406,0.00030517578125,0.018353795632719994,0.06832700222730637
0.21499999999999997,0.04050043597817421,-0.00030517578125,0.018066968768835068,0.06790734082460403
0.21550000000000002,0.04050063714385033,0.00091552734375,0.017780913040041924,0.06775755435228348
0.21599999999999997,0.04050041362643242,0.00030517578125,0.018570231273770332,0.06816957890987396
0.21650000000000003,0.04050041735172272,0.0,0.018214227631688118,0.06828419864177704
0.21699999999999997,0.04050033167004585,0.00030517578125,0.018091324716806412,0.06762826442718506
0.21750000000000003,0.04050036519765854,0.0006103515625,0.018401943147182465,0.06771735846996307
0.21799999999999997,0.040500666946172714,-0.00030517578125,0.017927350476384163,0.06794995069503784
0.21850000000000003,0.040500372648239136,0.00030517578125,0.018636910244822502,0.06770052015781403
0.21899999999999997,0.040500741451978683,0.00030517578125,0.018133867532014847,0.06747420132160187
0.21950000000000003,0.04050051048398018,0.00030517578125,0.017763908952474594,0.06912514567375183
0.21999999999999997,0.0405002124607563,-0.00030517578125,0.01832805946469307,0.06827491521835327
0.22050000000000003,0.04050054773688316,0.0006103515625,0.018343573436141014,0.06767571717500687
0.22099999999999997,0.0405004546046257,0.0,0.018097393214702606,0.06812339276075363
0.22150000000000003,0.040500372648239136,0.00030517578125,0.018265217542648315,0.0678005963563919
0.22199999999999998,0.040500327944755554,0.0,0.017982615157961845,0.06715110689401627
0.22250000000000003,0.04050043970346451,-0.00030517578125,0.018412189558148384,0.06765150278806686
0.22299999999999998,0.040500614792108536,0.00030517578125,0.018467450514435768,0.06893634051084518
0.22350000000000003,0.040500249713659286,0.0006103515625,0.018013304099440575,0.06709477305412292
0.22399999999999998,0.04050063341856003,0.00030517578125,0.018212897703051567,0.06673523038625717
0.22450000000000003,0.04050048813223839,-0.00030517578125,0.018257146701216698,0.06775669753551483
0.22499999999999998,0.04050048440694809,0.00030517578125,0.01858474686741829,0.06787407398223877
0.22550000000000003,0.04050041735172272,0.00030517578125,0.01810533180832863,0.06775888800621033
0.22599999999999998,0.04050043225288391,0.0006103515625,0.018655315041542053,0.06737584620714188
0.22650000000000003,0.04050040245056152,0.0006103515625,0.018460484221577644,0.06761474907398224
0.22699999999999998,0.04050028324127197,0.0,0.018623758107423782,0.06851155310869217
0.22750000000000004,0.04050038754940033,0.0,0.01796625927090645,0.06738514453172684
0.22799999999999998,0.04050033912062645,0.0006103515625,0.018597925081849098,0.06785634160041809
0.22850000000000004,0.04050058126449585,0.0006103515625,0.018285216763615608,0.06758829951286316
0.22899999999999998,0.04050052538514137,-0.00030517578125,0.018423277884721756,0.06789780408143997
0.22950000000000004,0.04050043970346451,0.00030517578125,0.018738815560936928,0.06718477606773376
0.22999999999999998,0.040500421077013016,0.00030517578125,0.018148690462112427,0.06673678755760193
0.23050000000000004,0.04050031304359436,0.0006103515625,0.018436536192893982,0.06752020865678787
0.23099999999999998,0.040500458329916,0.0,0.01857537217438221,0.06724344193935394
0.23150000000000004,0.04050076752901077,0.0006103515625,0.0183534137904644,0.06747857481241226
0.23199999999999998,0.04050030559301376,-0.00030517578125,0.018558641895651817,0.0667511597275734
0.23250000000000004,0.040500152856111526,0.00030517578125,0.018259890377521515,0.06750338524580002
0.23299999999999998,0.040500540286302567,0.0,0.01828445866703987,0.06739342212677002
0.23350000000000004,0.040500443428754807,-0.00030517578125,0.018420567736029625,0.0672847256064415
0.23399999999999999,0.04050053656101227,0.00030517578125,0.018127696588635445,0.06791479140520096
0.23450000000000004,0.040500279515981674,0.0006103515625,0.018452513962984085,0.06775333732366562
0.235,0.04050043597817421,0.00030517578125,0.018648672848939896,0.06759689748287201
0.23550000000000004,0.04050049930810928,0.0,0.01853451319038868,0.06763098388910294
0.236,0.040500458329916,0.0,0.018403276801109314,0.06763897091150284
0.23650000000000004,0.04050059616565704,0.00091552734375,0.01805030182003975,0.06811489909887314
0.237,0.04050057753920555,0.00091552734375,0.018140660598874092,0.06774663180112839
0.23750000000000004,0.04050072282552719,0.0006103515625,0.017945609986782074,0.06765498965978622
0.238,0.04050019010901451,0.00030517578125,0.018748996779322624,0.06816572695970535
0.23850000000000005,0.04050039127469063,0.0006103515625,0.018311062827706337,0.06741409003734589
0.239,0.04050035774707794,0.0,0.01824233867228031,0.0681614801287651
0.23950000000000005,0.04050065204501152,0.00030517578125,0.01831832528114319,0.06860993802547455
0.24,0.04050062224268913,0.0,0.018351877108216286,0.0681215152144432
0.24050000000000005,0.04050051048398018,-0.00030517578125,0.018278995528817177,0.0676540657877922
0.241,0.040500521659851074,0.00030517578125,0.01845017448067665,0.06789683550596237
0.24150000000000005,0.04050051048398018,0.00030517578125,0.018549391999840736,0.06797946989536285
0.242,0.04050055891275406,0.00030517578125,0.018374891951680183,0.06863484531641006
0.24250000000000005,0.04050033539533615,0.00030517578125,0.018327224999666214,0.06758003681898117
0.243,0.04050036519765854,0.0,0.018301723524928093,0.06786053627729416
0.24350000000000005,0.04050049930810928,0.00030517578125,0.01848793588578701,0.06760062277317047
0.244,0.040500592440366745,0.00030517578125,0.018395893275737762,0.06798744946718216
0.24450000000000005,0.04050043225288391,0.0006103515625,0.018195543438196182,0.06766154617071152
0.245,0.04050064459443092,0.00030517578125,0.018443915992975235,0.0683077722787857
0.24550000000000005,0.040500495582818985,0.0,0.018273213878273964,0.06868129968643188
0.246,0.04050035774707794,0.0,0.018069246783852577,0.06774827837944031
0.24650000000000005,0.040500517934560776,0.00030517578125,0.01836738921701908,0.06864768266677856
0.247,0.04050030931830406,0.00030517578125,0.018470434471964836,0.06779004633426666
0.24750000000000005,0.040500473231077194,0.0,0.018352573737502098,0.06767713278532028
0.248,0.04050048068165779,0.0006103515625,0.018668822944164276,0.0670999214053154
0.24850000000000005,0.04050062596797943,0.0,0.018476441502571106,0.06747043132781982
0.249,0.04050040990114212,0.0,0.017994754016399384,0.0678018257021904
0.24950000000000006,0.04050055518746376,0.0006103515625,0.018204588443040848,0.06762232631444931
0.25,0.04050055891275406,0.00030517578125,0.018345776945352554,0.06817102432250977
0.25049999999999994,0.04050068184733391,0.00030517578125,0.0182642824947834,0.06722495704889297
0.251,0.04050038754940033,0.00030517578125,0.01837269961833954,0.0677550658583641
0.25149999999999995,0.04050052911043167,0.00030517578125,0.01841522939503193,0.06774426251649857
0.252,0.04050062969326973,0.00030517578125,0.018353505060076714,0.06715868413448334
0.25249999999999995,0.04050026834011078,-0.0006103515625,0.018073521554470062,0.06704697012901306
0.253,0.0405004657804966,0.00030517578125,0.018459882587194443,0.0679624155163765
0.25349999999999995,0.04050041362643242,0.00030517578125,0.018040288239717484,0.06795646250247955
0.254,0.04050019755959511,0.00030517578125,0.018223589286208153,0.06809081137180328
0.25449999999999995,0.04050040990114212,0.0006103515625,0.018427567556500435,0.06752343475818634
0.255,0.04050057381391525,0.0,0.018523264676332474,0.06820262968540192
0.25549999999999995,0.040500208735466,0.00030517578125,0.01816568896174431,0.06722397357225418
0.256,0.04050041735172272,0.0,0.018289756029844284,0.06787903606891632
0.25649999999999995,0.0405004657804966,-0.0006103515625,0.01840577833354473,0.06791161745786667
0.257,0.04050030559301376,0.0,0.01814957708120346,0.06730958074331284
0.25749999999999995,0.04050055146217346,0.00030517578125,0.018045879900455475,0.06771949678659439
0.258,0.04050017520785332,0.0006103515625,0.01841399073600769,0.06741137057542801
0.25849999999999995,0.040500715374946594,0.00030517578125,0.01845254749059677,0.0684313103556633
0.259,0.040500372648239136,0.0,0.018508529290556908,0.06806930154561996
0.25949999999999995,0.04050038382411003,0.00030517578125,0.018313296139240265,0.06747183203697205
0.26,0.04050036892294884,0.0,0.017946727573871613,0.06849844008684158
0.26049999999999995,0.04050025716423988,0.00030517578125,0.01841604709625244,0.06800023466348648
0.261,0.04050048440694809,-0.00030517578125,0.018060773611068726,0.06845103204250336
0.26149999999999995,0.04050005227327347,0.00030517578125,0.01834694668650627,0.0668054074048996
0.262,0.040500544011592865,0.0006103515625,0.018784157931804657,0.06829050183296204
0.26249999999999996,0.040500424802303314,0.00030517578125,0.01833752728998661,0.067960724234581
0.263,0.040500491857528687,0.00030517578125,0.01850455068051815,0.06782376766204834
0.26349999999999996,0.04050038754940033,0.0,0.018443860113620758,0.06750829517841339
0.264,0.04050054773688316,0.00030517578125,0.01831170730292797,0.06798749417066574
0.26449999999999996,0.04050040990114212,-0.0006103515625,0.018484922125935555,0.06777790188789368
0.265,0.04050049930810928,0.0,0.01843976229429245,0.06731071323156357
0.26549999999999996,0.04050063714385033,0.0,0.01883750781416893,0.06768779456615448
0.266,0.040500275790691376,0.0,0.01789374090731144,0.06753414869308472
0.26649999999999996,0.04050055518746376,0.00030517578125,0.018197376281023026,0.06749545782804489
0.267,0.040500491857528687,0.00030517578125,0.018374469131231308,0.06739349663257599
0.26749999999999996,0.04050036519765854,0.00030517578125,0.01832515560090542,0.06758253276348114
0.268,0.04050039127469063,-0.00030517578125,0.01831129379570484,0.06793941557407379
0.26849999999999996,0.040500469505786896,0.00030517578125,0.018352288752794266,0.06751552224159241
0.269,0.04050042852759361,0.0,0.01853625476360321,0.06727082282304764
0.26949999999999996,0.04050038382411003,0.00030517578125,0.018296997994184494,0.06728684902191162
0.27,0.040500473231077194,0.00030517578125,0.0183070357888937,0.06811538338661194
0.27049999999999996,0.040500327944755554,0.0006103515625,0.01835612952709198,0.0672256350517273
0.271,0.040500469505786896,0.00030517578125,0.01830575428903103,0.06743952631950378
0.27149999999999996,0.04050048068165779,0.0006103515625,0.01810610108077526,0.06769058108329773
0.272,0.040500544011592865,0.00030517578125,0.018253572285175323,0.06773170083761215
0.27249999999999996,0.04050018638372421,0.00030517578125,0.018285071477293968,0.06702493131160736
0.273,0.04050062224268913,0.00030517578125,0.01842128299176693,0.06735645234584808
0.27349999999999997,0.04050068184733391,0.0006103515625,0.018331829458475113,0.0684506893157959
0.274,0.040500253438949585,0.00030517578125,0.0185310747474432,0.0677843987941742
0.27449999999999997,0.04050050303339958,0.00030517578125,0.018151257187128067,0.06776352971792221
0.275,0.04050053656101227,0.0006103515625,0.017923105508089066,0.06777844578027725
0.27549999999999997,0.040500592440366745,0.0,0.018415478989481926,0.06782761216163635
0.276,0.040500394999980927,0.0,0.018195100128650665,0.06756902486085892
0.27649999999999997,0.04050080105662346,0.00091552734375,0.018492305651307106,0.0680321455001831
0.277,0.040500495582818985,0.0006103515625,0.018143197521567345,0.06914544850587845
0.27749999999999997,0.04050038382411003,0.00091552734375,0.018165284767746925,0.06744489818811417
0.278,0.040500491857528687,-0.00030517578125,0.018369058147072792,0.06754183024168015
0.27849999999999997,0.040500376373529434,0.0,0.018276065587997437,0.06775781512260437
0.279,0.040500592440366745,0.0006103515625,0.018589220941066742,0.06796647608280182
0.27949999999999997,0.040500495582818985,0.0,0.01817805878818035,0.06742936372756958
0.28,0.04050043970346451,-0.00030517578125,0.018726227805018425,0.06765228509902954
0.28049999999999997,0.04050060361623764,0.0006103515625,0.018163278698921204,0.06870532780885696
0.281,0.040500517934560776,0.0,0.018285609781742096,0.06831704080104828
0.2815,0.040500227361917496,0.0,0.018090346828103065,0.06736867874860764
0.28200000000000003,0.04050036519765854,0.0006103515625,0.018693717196583748,0.068204864859581
0.2825,0.040500521659851074,0.0,0.01843225210905075,0.06792370229959488
0.28300000000000003,0.04050062969326973,0.00030517578125,0.018374282866716385,0.06793239712715149
0.2835,0.04050062969326973,0.0006103515625,0.01865021139383316,0.06798211485147476
0.28400000000000003,0.040500298142433167,0.00030517578125,0.01859317719936371,0.06783797591924667
0.2845,0.040500156581401825,-0.00030517578125,0.01865158975124359,0.06821436434984207
0.28500000000000003,0.04050048813223839,-0.00030517578125,0.01830510050058365,0.06796088814735413
0.2855,0.040500473231077194,0.0006103515625,0.0182984359562397,0.06757887452840805
0.28600000000000003,0.04050041735172272,0.00030517578125,0.017996642738580704,0.06811665743589401
0.2865,0.04050052911043167,0.00030517578125,0.0181258637458086,0.06793693453073502
0.28700000000000003,0.04050073027610779,0.00030517578125,0.0185257401317358,0.06830576807260513
0.2875,0.04050043597817421,0.00030517578125,0.01839999482035637,0.06795310974121094
0.28800000000000003,0.04050040990114212,0.0,0.018071496859192848,0.06732229888439178
0.2885,0.040500424802303314,0.0,0.018355121836066246,0.06777223199605942
0.28900000000000003,0.0405007041990757,0.0,0.01822296530008316,0.06739816814661026
0.2895,0.04050058871507645,0.00030517578125,0.018240652978420258,0.0678715780377388
0.29000000000000004,0.04050048440694809,0.0006103515625,0.018293408676981926,0.06813013553619385
0.2905,0.040500473231077194,0.0,0.018536999821662903,0.06765036284923553
0.29100000000000004,0.04050029069185257,0.0,0.018497005105018616,0.06767212599515915
0.2915,0.04050048068165779,0.00030517578125,0.01796930655837059,0.0679384395480156
0.29200000000000004,0.040500517934560776,0.00030517578125,0.01843216083943844,0.0671035423874855
0.2925,0.04050029441714287,0.0,0.01845124550163746,0.06693664193153381
0.29300000000000004,0.040500458329916,0.00030517578125,0.0181793924421072,0.06767909973859787
0.2935,0.04050039127469063,-0.00030517578125,0.01834174618124962,0.06817521899938583
0.29400000000000004,0.04050075635313988,0.00030517578125,0.018517982214689255,0.06853727996349335
0.2945,0.040500540286302567,0.0006103515625,0.017836235463619232,0.06754542142152786
0.29500000000000004,0.04050023481249809,0.0,0.01852264627814293,0.06756829470396042
0.2955,0.04050054773688316,0.00030517578125,0.018046587705612183,0.06765680015087128
0.29600000000000004,0.0405002236366272,0.00030517578125,0.018320418894290924,0.06706700474023819
0.2965,0.0405002199113369,0.00030517578125,0.01831893064081669,0.06700943410396576
0.29700000000000004,0.04050050303339958,0.0,0.018299879506230354,0.06704150140285492
0.2975,0.040500521659851074,-0.00030517578125,0.01824019104242325,0.06797893345355988
0.29800000000000004,0.0405002124607563,0.0,0.018267923966050148,0.06751054525375366
0.2985,0.04050029069185257,0.00030517578125,0.01824110373854637,0.06754975765943527
0.29900000000000004,0.04050063341856003,0.00030517578125,0.018229329958558083,0.06840618699789047
0.2995,0.04050050303339958,-0.00030517578125,0.01861802488565445,0.06767275184392929
0.30000000000000004,0.04050026461482048,-0.00030517578125,0.01826605014503002,0.06697585433721542
0.3005,0.04050053656101227,0.0,0.01844657026231289,0.06852800399065018
0.30100000000000005,0.04050056263804436,0.0,0.01820158213376999,0.06827197223901749
0.3015,0.040500301867723465,0.0006103515625,0.018368229269981384,0.06743969768285751
0.30200000000000005,0.04050016030669212,0.0,0.018167920410633087,0.06795654445886612
0.3025,0.04050042852759361,0.0006103515625,0.018228398635983467,0.06787057965993881
0.30300000000000005,0.040500298142433167,0.00030517578125,0.018551602959632874,0.06852827966213226
0.3035,0.04050023481249809,0.0,0.01821167953312397,0.06732890009880066
0.30400000000000005,0.04050075262784958,0.0,0.018238548189401627,0.06767280399799347
0.3045,0.04050040617585182,0.00030517578125,0.018307147547602654,0.06793609261512756
0.30500000000000005,0.0405002124607563,0.00030517578125,0.018266936764121056,0.06764622777700424
0.3055,0.040500231087207794,0.0,0.017809811979532242,0.0674416646361351
0.30600000000000005,0.04050065204501152,-0.00030517578125,0.018210964277386665,0.06850717216730118
0.3065,0.04050033912062645,-0.00030517578125,0.01828850619494915,0.06841849535703659
0.30700000000000005,0.04050043597817421,0.0,0.018258724361658096,0.06759168207645416
0.3075,0.04050089791417122,0.0,0.0180928036570549,0.06812587380409241
0.30800000000000005,0.0405004620552063,-0.00030517578125,0.01824844628572464,0.06819961965084076
0.3085,0.04050040245056152,0.0006103515625,0.018653489649295807,0.06788204610347748
0.30900000000000005,0.040500253438949585,0.00030517578125,0.01818196289241314,0.06691698729991913
0.3095,0.04050033539533615,0.00030517578125,0.01849411614239216,0.06789281964302063
0.31000000000000005,0.04050043597817421,0.0,0.01802360638976097,0.06743703037500381
0.3105,0.0405004657804966,0.0,0.018230624496936798,0.06779786944389343
0.31100000000000005,0.04050057381391525,0.00030517578125,0.018577726557850838,0.06768238544464111
0.3115,0.04050058126449585,0.00091552734375,0.01782168075442314,0.06804494559764862
0.31200000000000006,0.04050052538514137,0.0,0.018212338909506798,0.0683298110961914
0.3125,0.040500346571207047,-0.00030517578125,0.01806643418967724,0.0677066296339035
0.31299999999999994,0.04050042852759361,0.00030517578125,0.018411707133054733,0.06748710572719574
0.3135,0.04050033167004585,0.00030517578125,0.018015814945101738,0.06843902170658112
0.31399999999999995,0.040500640869140625,0.0,0.018391115590929985,0.06775262951850891
0.3145,0.0405007004737854,0.0,0.01852596364915371,0.06758494675159454
0.31499999999999995,0.040500324219465256,0.00030517578125,0.018076589331030846,0.06724747270345688
0.3155,0.04050052538514137,0.0006103515625,0.01836998201906681,0.0687468871474266
0.31599999999999995,0.04050065949559212,0.00030517578125,0.018365904688835144,0.06754914671182632
0.3165,0.04050055891275406,0.0,0.018249591812491417,0.06675675511360168
0.31699999999999995,0.040500279515981674,0.0006103515625,0.01836961880326271,0.0673777312040329
0.3175,0.040500544011592865,-0.00030517578125,0.018176089972257614,0.06820414215326309
0.31799999999999995,0.04050040990114212,0.0,0.018300015479326248,0.0671876072883606
0.3185,0.04050043225288391,0.00030517578125,0.018403181806206703,0.06727854907512665
0.31899999999999995,0.040500443428754807,0.00030517578125,0.018181340768933296,0.06792914867401123
0.3195,0.04050011560320854,0.00030517578125,0.018224824219942093,0.06778373569250107
0.31999999999999995,0.04050028696656227,0.00030517578125,0.018337765708565712,0.0676916167140007
0.3205,0.04050058871507645,0.0,0.01805730350315571,0.06801401078701019
0.32099999999999995,0.04050063714385033,0.00030517578125,0.018093232065439224,0.06878433376550674
0.3215,0.04050033167004585,0.00030517578125,0.01839376986026764,0.06798478960990906
0.32199999999999995,0.0405004620552063,0.0,0.017937863245606422,0.06775102764368057
0.3225,0.040500540286302567,0.00030517578125,0.01834840141236782,0.06762164831161499
0.32299999999999995,0.04050026461482048,0.00030517578125,0.018370334059000015,0.06780162453651428
0.3235,0.04050052538514137,0.00030517578125,0.018163708969950676,0.0670609101653099
0.32399999999999995,0.040500469505786896,0.0006103515625,0.018781716004014015,0.06724800914525986
0.3245,0.04050047695636749,0.00030517578125,0.01812225580215454,0.0678279921412468
0.32499999999999996,0.04050055518746376,0.0006103515625,0.01831386424601078,0.06837793439626694
0.3255,0.04050048440694809,0.00030517578125,0.018238987773656845,0.06783255934715271
0.32599999999999996,0.04050039127469063,0.0,0.018308568745851517,0.06725987046957016
0.3265,0.04050040990114212,-0.00030517578125,0.018564069643616676,0.06864955276250839
0.32699999999999996,0.04050008952617645,-0.00030517578125,0.018503183498978615,0.06709868460893631
0.3275,0.04050040245056152,-0.00030517578125,0.01834467239677906,0.06792377680540085
0.32799999999999996,0.040500495582818985,0.00030517578125,0.0183023102581501,0.06796547025442123
0.3285,0.04050048068165779,0.0006103515625,0.01824912615120411,0.06770217418670654
0.32899999999999996,0.04050050303339958,0.0006103515625,0.018278609961271286,0.06730762869119644
0.3295,0.040500398725271225,0.00030517578125,0.018324654549360275,0.06741964817047119
0.32999999999999996,0.04050057753920555,0.00091552734375,0.018370026722550392,0.06772179901599884
0.3305,0.0405004508793354,0.00030517578125,0.018269386142492294,0.06787074357271194
0.33099999999999996,0.040500711649656296,0.0006103515625,0.018632950261235237,0.06828220933675766
0.3315,0.04050036892294884,0.0006103515625,0.018401488661766052,0.06720871478319168
0.33199999999999996,0.040500324219465256,0.00030517578125,0.01816745474934578,0.06713731586933136
0.3325,0.04050016030669212,0.0,0.018210668116807938,0.06763231009244919
0.33299999999999996,0.0405007004737854,0.00030517578125,0.018654750660061836,0.06687256693840027
0.3335,0.04050062969326973,0.0,0.01826683059334755,0.06799737364053726
0.33399999999999996,0.040500495582818985,0.00091552734375,0.018439296633005142,0.068221814930439
0.3345,0.04050063714385033,0.00030517578125,0.018281152471899986,0.06834902614355087
0.33499999999999996,0.04050038382411003,0.00030517578125,0.018221398815512657,0.06781765073537827
0.3355,0.04050036892294884,-0.00030517578125,0.01822821982204914,0.06746701896190643
0.33599999999999997,0.04050039127469063,-0.00030517578125,0.01827062852680683,0.06736452877521515
0.3365,0.040500473231077194,0.0,0.018400145694613457,0.067735455930233
0.33699999999999997,0.040500443428754807,0.0,0.018220581114292145,0.06791539490222931
0.3375,0.04050063714385033,0.00030517578125,0.018847066909074783,0.06763885915279388
0.33799999999999997,0.040500394999980927,0.00030517578125,0.018536806106567383,0.06800204515457153
0.3385,0.040500253438949585,0.00030517578125,0.017960360273718834,0.06758033484220505
0.33899999999999997,0.04050063714385033,-0.00030517578125,0.017968246713280678,0.06734922528266907
0.3395,0.04050055891275406,0.0,0.01819515973329544,0.06785932928323746
0.33999999999999997,0.0405004657804966,0.00030517578125,0.0183408223092556,0.06807318329811096
0.3405,0.04050030559301376,0.00030517578125,0.0181068517267704,0.06729038804769516
0.34099999999999997,0.04050038754940033,0.0,0.018507789820432663,0.06749388575553894
0.3415,0.04050038754940033,0.00030517578125,0.01808837428689003,0.06777392327785492
0.34199999999999997,0.04050023853778839,0.0,0.018271608278155327,0.06806551665067673
0.3425,0.04050035774707794,0.00030517578125,0.018278082832694054,0.0671389102935791
0.34299999999999997,0.04050073400139809,0.00030517578125,0.018097151070833206,0.06755082309246063
0.3435,0.04050053283572197,0.0006103515625,0.0180984940379858,0.0679355189204216
0.344,0.04050026461482048,0.0,0.01831595040857792,0.06687748432159424
0.34450000000000003,0.04050055146217346,0.0006103515625,0.018310578539967537,0.06793268024921417
0.345,0.04050057381391525,0.00030517578125,0.018283473327755928,0.06778662651777267
0.34550000000000003,0.0405004508793354,0.0006103515625,0.018161112442612648,0.0677228793501854
0.346,0.040500301867723465,0.00030517578125,0.018187906593084335,0.06745374947786331
0.34650000000000003,0.0405004657804966,-0.00030517578125,0.018380727618932724,0.06775355339050293
0.347,0.04050035774707794,0.00030517578125,0.018056578934192657,0.0682126134634018
0.34750000000000003,0.040500346571207047,0.00030517578125,0.018308594822883606,0.06751874089241028
0.348,0.04050056263804436,0.00030517578125,0.018224112689495087,0.06754488497972488
0.34850000000000003,0.04050040245056152,0.0006103515625,0.018308311700820923,0.06751535087823868
0.349,0.04050053283572197,0.0,0.018507033586502075,0.06802959740161896
0.34950000000000003,0.040500640869140625,0.00030517578125,0.018308492377400398,0.06764932721853256
0.35,0.04050052911043167,0.00030517578125,0.0184208732098341,0.06714364141225815
0.35050000000000003,0.040500372648239136,0.00030517578125,0.018518909811973572,0.06790448725223541
0.351,0.04050040245056152,0.0,0.01800481230020523,0.06765145808458328
0.35150000000000003,0.040500376373529434,0.0006103515625,0.018169647082686424,0.06713304668664932
0.352,0.040500517934560776,0.00030517578125,0.018111802637577057,0.06753186881542206
0.35250000000000004,0.040500398725271225,0.0,0.018036263063549995,0.06766171753406525
0.353,0.04050028696656227,-0.00030517578125,0.018445434048771858,0.06728388369083405
0.35350000000000004,0.040500447154045105,0.00030517578125,0.0182797871530056,0.06830641627311707
0.354,0.040500517934560776,0.0,0.018169661983847618,0.06814074516296387
0.35450000000000004,0.04050073027610779,0.0,0.018482321873307228,0.0680026039481163
0.355,0.04050051420927048,0.00030517578125,0.018199430778622627,0.06802142411470413
0.35550000000000004,0.04050048813223839,0.0,0.018267974257469177,0.0677139088511467
0.356,0.0405004546046257,0.0,0.01816692389547825,0.06815522164106369
0.35650000000000004,0.04050078243017197,0.0006103515625,0.018217794597148895,0.06769419461488724
0.357,0.04050036519765854,0.00030517578125,0.018007179722189903,0.06690812110900879
0.35750000000000004,0.04050040617585182,0.0,0.018071375787258148,0.06768947839736938
0.358,0.04050067067146301,0.0006103515625,0.017992284148931503,0.0676702931523323
0.35850000000000004,0.04050032049417496,0.0006103515625,0.01813679188489914,0.06783600896596909
0.359,0.04050040990114212,0.0006103515625,0.018223658204078674,0.06762171536684036
0.35950000000000004,0.040500473231077194,0.00030517578125,0.01822173036634922,0.06734047830104828
0.36,0.04050033167004585,0.00091552734375,0.018277686089277267,0.06849390268325806
0.36050000000000004,0.04050040617585182,0.0,0.018255310133099556,0.06725574284791946
0.361,0.04050052538514137,0.0006103515625,0.018036089837551117,0.06771423667669296
0.36150000000000004,0.04050063341856003,-0.00030517578125,0.018368402495980263,0.06879522651433945
0.362,0.04050033167004585,-0.00030517578125,0.018468953669071198,0.06786078214645386
0.36250000000000004,0.04050040245056152,-0.00030517578125,0.017814861610531807,0.06721879541873932
0.363,0.04050036147236824,0.0006103515625,0.01847047545015812,0.06792274862527847
0.36350000000000005,0.04050050303339958,0.0,0.018380537629127502,0.06788942962884903
0.364,0.040500443428754807,0.00030517578125,0.0179862342774868,0.06701229512691498
0.36450000000000005,0.04050035774707794,0.00030517578125,0.01831306889653206,0.0675736516714096
0.365,0.04050065949559212,0.00091552734375,0.018217025324702263,0.06856566667556763
0.36550000000000005,0.04050057381391525,0.00030517578125,0.018200967460870743,0.06862185150384903
0.366,0.04050028324127197,0.0,0.018447164446115494,0.06707095354795456
0.36650000000000005,0.04050055518746376,0.00030517578125,0.018155008554458618,0.06795340031385422
0.367,0.040500421077013016,0.00030517578125,0.01832464709877968,0.06845956295728683
0.36750000000000005,0.040500327944755554,-0.00030517578125,0.018189501017332077,0.06825514137744904
0.368,0.040500544011592865,0.0,0.018368380144238472,0.06820956617593765
0.36850000000000005,0.040500711649656296,0.00030517578125,0.01814812608063221,0.06709382683038712
0.369,0.04050038009881973,0.0,0.018255874514579773,0.06803357601165771
0.36950000000000005,0.04050028324127197,-0.00030517578125,0.01822912134230137,0.06761692464351654
0.37,0.040500491857528687,0.00030517578125,0.018558209761977196,0.06712818890810013
0.37050000000000005,0.0405004546046257,0.0006103515625,0.01853092759847641,0.06812550872564316
0.371,0.040500517934560776,0.00030517578125,0.018100326880812645,0.06713569909334183
0.37150000000000005,0.04050065949559212,0.0,0.01871548593044281,0.06754472851753235
0.372,0.040500424802303314,0.0006103515625,0.018233362585306168,0.06775011122226715
0.37250000000000005,0.040500458329916,0.00030517578125,0.018526380881667137,0.06746567785739899
0.373,0.04050036519765854,0.00030517578125,0.018176335841417313,0.06772668659687042
0.37350000000000005,0.04050061106681824,0.00030517578125,0.018277117982506752,0.06821621209383011
0.374,0.04050034284591675,0.0,0.01852022483944893,0.06754587590694427
0.37450000000000006,0.04050057381391525,0.0,0.018116910010576248,0.06824017316102982
0.375,0.040500640869140625,0.0,0.01804547943174839,0.06776226311922073
0.37549999999999994,0.04050036147236824,0.0006103515625,0.01874661073088646,0.06733690947294235
0.376,0.04050074517726898,0.00030517578125,0.01807817816734314,0.06790346652269363
0.37649999999999995,0.040500201284885406,0.0,0.018193362280726433,0.06765154004096985
0.377,0.04050026088953018,0.0006103515625,0.01851726695895195,0.06711999326944351
0.37749999999999995,0.04050052911043167,0.0,0.01809437945485115,0.0679081529378891
0.378,0.04050052911043167,0.0,0.017883166670799255,0.0679904967546463
0.37849999999999995,0.04050068184733391,-0.00030517578125,0.018596937879920006,0.06833449006080627
0.379,0.040500350296497345,0.00030517578125,0.018392683938145638,0.06762795150279999
0.37949999999999995,0.0405004657804966,0.00030517578125,0.01787702925503254,0.06792666018009186
0.38,0.04050053283572197,0.0,0.018345028162002563,0.06778287887573242
0.38049999999999995,0.04050029069185257,0.0,0.01807647943496704,0.06671872735023499
0.381,0.04050052538514137,0.0,0.01833123154938221,0.06684219092130661
0.38149999999999995,0.04050050303339958,0.00030517578125,0.018099578097462654,0.06822361797094345
0.382,0.040500618517398834,0.00030517578125,0.018105166032910347,0.06766998022794724
0.38249999999999995,0.040500082075595856,0.0,0.018654802814126015,0.06786942481994629
0.383,0.040500249713659286,0.00030517578125,0.018136518076062202,0.06726381927728653
0.38349999999999995,0.0405004620552063,0.0006103515625,0.01819307915866375,0.06740216910839081
0.384,0.040500275790691376,0.00030517578125,0.01826721988618374,0.06789280474185944
0.38449999999999995,0.04050033167004585,-0.00030517578125,0.018357491120696068,0.06648308783769608
0.385,0.04050048813223839,0.00030517578125,0.0186630692332983,0.06761457771062851
0.38549999999999995,0.04050033912062645,0.0,0.01793857477605343,0.06778580695390701
0.386,0.04050047695636749,-0.0006103515625,0.017944613471627235,0.06752024590969086
0.38649999999999995,0.04050032049417496,-0.00030517578125,0.01836000569164753,0.06763271987438202
0.387,0.04050048440694809,0.0,0.01822538860142231,0.06770078837871552
0.38749999999999996,0.040500618517398834,0.00030517578125,0.018375763669610023,0.06843998283147812
0.388,0.04050029441714287,-0.00030517578125,0.01834990084171295,0.06748414039611816
0.38849999999999996,0.04050060734152794,0.0006103515625,0.017942233011126518,0.06667447090148926
0.389,0.040500447154045105,-0.00030517578125,0.018485188484191895,0.06756533682346344
0.38949999999999996,0.040500231087207794,0.0,0.018003279343247414,0.06713669747114182
0.39,0.0405004620552063,0.0006103515625,0.01800556667149067,0.0677364245057106
0.39049999999999996,0.040500372648239136,0.0006103515625,0.01830623298883438,0.06789910793304443
0.391,0.040500324219465256,0.00030517578125,0.018068557605147362,0.06787202507257462
0.39149999999999996,0.0405004620552063,0.0,0.018111614510416985,0.0673849806189537
0.392,0.0405007041990757,0.0,0.0180642269551754,0.06760729849338531
0.39249999999999996,0.04050065577030182,0.00030517578125,0.018315481022000313,0.06794998794794083
0.393,0.04050040245056152,0.00030517578125,0.01820959337055683,0.06803692877292633
0.39349999999999996,0.04050040617585182,0.0,0.018253158777952194,0.0681045800447464
0.394,0.04050057753920555,0.00030517578125,0.01817270554602146,0.06803993880748749
0.39449999999999996,0.040500618517398834,0.00030517578125,0.017870210111141205,0.06803891807794571
0.395,0.040500376373529434,0.00030517578125,0.018094588071107864,0.0684194564819336
0.39549999999999996,0.040500640869140625,0.00030517578125,0.01844167895615101,0.06738078594207764
0.396,0.04050048813223839,-0.00030517578125,0.018269235268235207,0.06856072694063187
0.39649999999999996,0.040500298142433167,0.00030517578125,0.01803228072822094,0.06846731156110764
0.397,0.04050048068165779,0.00030517578125,0.01803407073020935,0.06727466732263565
0.39749999999999996,0.040500301867723465,0.00030517578125,0.01825239509344101,0.06794542819261551
0.398,0.04050028324127197,0.0,0.017973797395825386,0.06801016628742218
0.39849999999999997,0.040500376373529434,0.0,0.018189003691077232,0.06785298883914948
0.399,0.040500376373529434,0.0006103515625,0.018275167793035507,0.06763354688882828
0.39949999999999997,0.04050038382411003,0.0006103515625,0.018076444044709206,0.06781774014234543
0.4,0.040500007569789886,0.00030517578125,0.018026450648903847,0.06854715198278427
0.40049999999999997,0.04050053283572197,0.00030517578125,0.01798286847770214,0.06774412095546722
0.401,0.04050052911043167,-0.00030517578125,0.018197739496827126,0.06760620325803757
0.40149999999999997,0.040500227361917496,-0.00030517578125,0.018165340647101402,0.0679924488067627
0.402,0.04050050303339958,0.0,0.018239881843328476,0.06799089163541794
0.40249999999999997,0.04050038754940033,0.00030517578125,0.01802784763276577,0.0672871470451355
0.403,0.04050026088953018,0.00030517578125,0.018469858914613724,0.06731903553009033
0.40349999999999997,0.04050035402178764,-0.00030517578125,0.01846836693584919,0.06770411878824234
0.404,0.040500372648239136,0.0,0.018191689625382423,0.0678318589925766
0.40449999999999997,0.0405002124607563,0.00030517578125,0.01812848448753357,0.06695550680160522
0.405,0.04050030559301376,-0.00030517578125,0.018186800181865692,0.0675721988081932
0.40549999999999997,0.04050063714385033,0.0006103515625,0.01813589408993721,0.0677483007311821
0.406,0.04050041735172272,0.00030517578125,0.01820352114737034,0.06722548604011536
0.4065,0.04050032049417496,0.0,0.01853378862142563,0.06704283505678177
0.40700000000000003,0.04050036147236824,0.0,0.018221726641058922,0.0685679167509079
0.4075,0.040500394999980927,0.0006103515625,0.01820734702050686,0.06760907918214798
0.40800000000000003,0.040500350296497345,0.00030517578125,0.0182537492364645,0.06693501770496368
0.4085,0.04050026834011078,0.00030517578125,0.01837492175400257,0.06784097850322723
0.40900000000000003,0.040500663220882416,0.0,0.018257373943924904,0.06804507225751877
0.4095,0.04050040617585182,0.0006103515625,0.018184537068009377,0.06810300052165985
0.41000000000000003,0.04050043970346451,0.00030517578125,0.01808677241206169,0.0675429180264473
0.4105,0.040500376373529434,0.0,0.017902612686157227,0.06706225872039795
0.41100000000000003,0.04050054773688316,0.00091552734375,0.018783127889037132,0.06875894963741302
0.4115,0.04050024226307869,0.00030517578125,0.018730467185378075,0.06708910316228867
0.41200000000000003,0.04050048813223839,-0.0006103515625,0.018079692497849464,0.06743928045034409
0.4125,0.04050057381391525,-0.0006103515625,0.018294570967555046,0.06838805973529816
0.41300000000000003,0.040500618517398834,-0.00030517578125,0.01849808357656002,0.06748270243406296
0.4135,0.040500458329916,0.00030517578125,0.018307417631149292,0.06818453222513199
0.41400000000000003,0.04050042852759361,0.0006103515625,0.018153775483369827,0.06791454553604126
0.4145,0.04050061106681824,0.00030517578125,0.018325816839933395,0.06840386241674423
0.41500000000000004,0.04050036147236824,-0.00030517578125,0.018344346433877945,0.0674968808889389
0.4155,0.04050092399120331,0.0006103515625,0.018368281424045563,0.06786719709634781
0.41600000000000004,0.04050041735172272,0.0006103515625,0.018404174596071243,0.06849289685487747
0.4165,0.04050050675868988,0.0,0.018158359453082085,0.06715218722820282
0.41700000000000004,0.04050033539533615,-0.00030517578125,0.017923014238476753,0.0674094408750534
0.4175,0.040500566363334656,0.0,0.018130790442228317,0.06746537238359451
0.41800000000000004,0.04050065949559212,0.00030517578125,0.01830066740512848,0.06861242651939392
0.4185,0.040500350296497345,0.00030517578125,0.017944026738405228,0.06854867190122604
0.41900000000000004,0.04050074517726898,-0.00030517578125,0.018246367573738098,0.06750790774822235
0.4195,0.04050058498978615,0.00030517578125,0.0181757602840662,0.0682431310415268
0.42000000000000004,0.040500491857528687,0.00091552734375,0.01842867024242878,0.06824024766683578
0.4205,0.040500715374946594,0.0006103515625,0.01816130243241787,0.06828626245260239
0.42100000000000004,0.04050039127469063,0.00030517578125,0.01836545765399933,0.06766953319311142
0.4215,0.04050014168024063,0.0,0.017985882237553596,0.067669577896595
0.42200000000000004,0.040500376373529434,0.0006103515625,0.01843423955142498,0.06821294128894806
0.4225,0.04050039127469063,0.00030517578125,0.018310124054551125,0.06779395043849945
0.42300000000000004,0.0405004508793354,0.0,0.018135499209165573,0.06862316280603409
0.4235,0.040500346571207047,0.00030517578125,0.018282080069184303,0.06797291338443756
0.42400000000000004,0.04050048440694809,0.0006103515625,0.01835668832063675,0.06752193719148636
0.4245,0.04050056263804436,0.0006103515625,0.01830565743148327,0.06762326508760452
0.42500000000000004,0.040500227361917496,-0.00030517578125,0.01787777990102768,0.0675867348909378
0.4255,0.04050030559301376,0.0006103515625,0.018284784629940987,0.06908755004405975
0.42600000000000005,0.04050050675868988,0.0006103515625,0.018192581832408905,0.06789414584636688
0.4265,0.04050029441714287,0.0006103515625,0.01815636456012726,0.06775513291358948
0.42700000000000005,0.04050017148256302,0.0006103515625,0.01849878393113613,0.06826645880937576
0.4275,0.04050029441714287,-0.00030517578125,0.018483608961105347,0.06794342398643494
0.42800000000000005,0.040500458329916,0.00030517578125,0.0183485746383667,0.06766089797019958
0.4285,0.04050034284591675,-0.00030517578125,0.01811762899160385,0.06716487556695938
0.42900000000000005,0.040500394999980927,0.00030517578125,0.017677655443549156,0.06791392713785172
0.4295,0.04050027206540108,0.00030517578125,0.018474262207746506,0.06717447936534882
0.43000000000000005,0.040500253438949585,0.0,0.018344732001423836,0.06707869470119476
0.4305,0.04050027206540108,0.0,0.018226400017738342,0.0678129568696022
0.43100000000000005,0.04050043225288391,0.0006103515625,0.018685758113861084,0.0679841861128807
0.4315,0.04050042852759361,-0.00030517578125,0.01788880117237568,0.06792843341827393
0.43200000000000005,0.04050035774707794,-0.00030517578125,0.018399327993392944,0.06726094335317612
0.4325,0.040500544011592865,0.00030517578125,0.018234463408589363,0.06761785596609116
0.43300000000000005,0.04050026088953018,0.00030517578125,0.018266625702381134,0.06716784089803696
0.4335,0.04050060734152794,0.0,0.018121590837836266,0.0676410049200058
0.43400000000000005,0.04050068184733391,0.00030517578125,0.01816876046359539,0.06812750548124313
0.4345,0.04050031676888466,0.00030517578125,0.01845339685678482,0.06787142902612686
0.43500000000000005,0.04050017520785332,0.00030517578125,0.01855776272714138,0.06730987876653671
0.4355,0.04050058871507645,0.0,0.01814349554479122,0.06734330952167511
0.43600000000000005,0.0405004620552063,0.0,0.01806304231286049,0.06795461475849152
0.4365,0.04050029441714287,-0.0006103515625,0.018169661983847618,0.06801930069923401
0.43700000000000006,0.04050048068165779,-0.0006103515625,0.018225256353616714,0.06780353933572769
0.4375,0.04050024598836899,0.00030517578125,0.017992189154028893,0.06769204139709473
0.43799999999999994,0.04050081968307495,0.00030517578125,0.017956824973225594,0.06822388619184494
0.4385,0.040500156581401825,0.00030517578125,0.018374627456068993,0.06793244928121567
0.43899999999999995,0.040500394999980927,0.0,0.018168911337852478,0.06770436465740204
0.4395,0.04050060361623764,0.00030517578125,0.018559614196419716,0.06824088841676712
0.43999999999999995,0.04050052911043167,0.00030517578125,0.018291153013706207,0.06792356818914413
0.4405,0.04050034284591675,0.0,0.017955021932721138,0.06840810179710388
0.44099999999999995,0.04050039127469063,0.0006103515625,0.018193431198596954,0.06744492053985596
0.4415,0.04050055518746376,0.00030517578125,0.018629558384418488,0.06810082495212555
0.44199999999999995,0.040500398725271225,0.00030517578125,0.018058404326438904,0.06772267818450928
0.4425,0.0405004620552063,0.0,0.018368251621723175,0.067723847925663
0.44299999999999995,0.0405004620552063,0.0,0.01844695210456848,0.06823524832725525
0.4435,0.040500130504369736,0.00030517578125,0.018022455275058746,0.06768608093261719
0.44399999999999995,0.040500447154045105,0.0,0.01841735653579235,0.06781881302595139
0.4445,0.04050058498978615,0.0,0.018068721517920494,0.06780039519071579
0.44499999999999995,0.04050043597817421,0.0,0.01850229687988758,0.06817547231912613
0.4455,0.040500469505786896,-0.00030517578125,0.018335124477744102,0.06799284368753433
0.44599999999999995,0.040500760078430176,0.00030517578125,0.018336474895477295,0.0676945224404335
0.4465,0.04050043970346451,0.0006103515625,0.018501196056604385,0.06758423149585724
0.44699999999999995,0.04050024598836899,-0.00030517578125,0.01819232478737831,0.06757324934005737
0.4475,0.04050064831972122,0.00030517578125,0.018485115841031075,0.06793973594903946
0.44799999999999995,0.040500447154045105,0.00030517578125,0.01845931075513363,0.06789034605026245
0.4485,0.040500517934560776,0.0,0.018209494650363922,0.06756358593702316
0.44899999999999995,0.0405004620552063,-0.00030517578125,0.018364526331424713,0.06745481491088867
0.4495,0.04050065949559212,0.00030517578125,0.018231548368930817,0.06772948801517487
0.44999999999999996,0.04050067439675331,0.00030517578125,0.01802263781428337,0.06702197343111038
0.4505,0.04050038382411003,-0.00030517578125,0.018132289871573448,0.06788218021392822
0.45099999999999996,0.04050067067146301,0.00030517578125,0.01837947778403759,0.06804077327251434
0.4515,0.040500249713659286,0.0,0.018627025187015533,0.06754601001739502
0.45199999999999996,0.04050036519765854,0.0,0.018302995711565018,0.06744446605443954
0.4525,0.04050048440694809,0.0,0.018535614013671875,0.0680815652012825
0.45299999999999996,0.040500618517398834,0.0,0.018093954771757126,0.06771010905504227
0.4535,0.040500566363334656,0.00030517578125,0.018101096153259277,0.06892856955528259
0.45399999999999996,0.04050038754940033,0.00030517578125,0.01823853701353073,0.0683153048157692
0.4545,0.040500491857528687,0.0006103515625,0.018179841339588165,0.0678795874118805
0.45499999999999996,0.040500394999980927,0.00030517578125,0.018422463908791542,0.06814917922019958
0.4555,0.04050041735172272,-0.00030517578125,0.018522854894399643,0.06726662814617157
0.45599999999999996,0.040500473231077194,0.00030517578125,0.01867098920047283,0.0678257942199707
0.4565,0.04050034284591675,0.00030517578125,0.018002033233642578,0.06780344247817993
0.45699999999999996,0.04050048440694809,-0.00030517578125,0.018264586105942726,0.06735994666814804
0.4575,0.040500208735466,-0.00030517578125,0.01823345571756363,0.06770152598619461
0.45799999999999996,0.040500372648239136,0.0,0.0182701013982296,0.06775972247123718
0.4585,0.040500231087207794,0.00030517578125,0.01843278855085373,0.06803734600543976
0.45899999999999996,0.04050036519765854,0.0006103515625,0.018303105607628822,0.06721306592226028
0.4595,0.04050065577030182,0.0,0.018486857414245605,0.0680912658572197
0.45999999999999996,0.04050071910023689,0.0006103515625,0.017999297007918358,0.06827718764543533
0.4605,0.04050028696656227,0.0006103515625,0.018136536702513695,0.06713994592428207
0.46099999999999997,0.040500517934560776,0.00030517578125,0.018316496163606644,0.06730342656373978
0.4615,0.040500372648239136,0.0006103515625,0.018205875530838966,0.06741711497306824
0.46199999999999997,0.04050026834011078,-0.00030517578125,0.018288198858499527,0.06819850951433182
0.4625,0.04050016403198242,0.00030517578125,0.018228493630886078,0.0672285407781601
0.46299999999999997,0.04050057381391525,0.00030517578125,0.01851235330104828,0.06789170950651169
0.4635,0.040500346571207047,-0.00030517578125,0.018175791949033737,0.06780721247196198
0.46399999999999997,0.04050036892294884,0.00030517578125,0.018189501017332077,0.06746543198823929
0.4645,0.04050062596797943,0.0006103515625,0.01894841156899929,0.06792110204696655
0.46499999999999997,0.04050038382411003,0.00030517578125,0.018617473542690277,0.0669664666056633
0.4655,0.04050009325146675,-0.00030517578125,0.018209202215075493,0.06709779798984528
0.46599999999999997,0.040500447154045105,0.0,0.018084384500980377,0.06851601600646973
0.4665,0.040500469505786896,0.0,0.01877177692949772,0.06780890375375748
0.46699999999999997,0.04050011560320854,0.0006103515625,0.01813720352947712,0.06821919232606888
0.4675,0.040500491857528687,0.0,0.018250111490488052,0.06784354895353317
0.46799999999999997,0.040500324219465256,0.0,0.018359089270234108,0.06755998730659485
0.4685,0.04050043597817421,0.0,0.018477970734238625,0.06725143641233444
0.469,0.04050004109740257,0.00030517578125,0.018177464604377747,0.06729087978601456
0.46950000000000003,0.040500394999980927,0.00030517578125,0.01860390044748783,0.06809211522340775
0.47,0.0405002199113369,0.0,0.018727723509073257,0.0680890902876854
0.47050000000000003,0.040500231087207794,0.00030517578125,0.01822798140347004,0.06752969324588776
0.471,0.040500372648239136,0.0,0.01815328747034073,0.06781686097383499
0.47150000000000003,0.040500398725271225,0.0,0.018073642626404762,0.06745603680610657
0.472,0.04050038754940033,0.00030517578125,0.018304161727428436,0.06757756322622299
0.47250000000000003,0.040500324219465256,0.00030517578125,0.017869528383016586,0.06708486378192902
0.473,0.04050078243017197,0.0006103515625,0.018384812399744987,0.06804241240024567
0.47350000000000003,0.040500521659851074,0.00030517578125,0.018371984362602234,0.06867319345474243
0.474,0.04050033912062645,0.00030517578125,0.017863646149635315,0.0676492303609848
0.47450000000000003,0.040500491857528687,0.00030517578125,0.018186191096901894,0.06824938952922821
0.475,0.040500566363334656,0.00091552734375,0.018426818773150444,0.06763634085655212
0.47550000000000003,0.04050032049417496,0.0006103515625,0.018134625628590584,0.06764622777700424
0.476,0.04050048068165779,0.0006103515625,0.01827104762196541,0.06733456254005432
0.47650000000000003,0.04050074517726898,0.00030517578125,0.018324166536331177,0.0682956725358963
0.477,0.040500737726688385,0.00030517578125,0.01812869682908058,0.06797337532043457
0.47750000000000004,0.040500372648239136,0.00030517578125,0.01828830875456333,0.06771935522556305
0.478,0.04050050303339958,-0.00030517578125,0.018117213621735573,0.06780575960874557
0.47850000000000004,0.040500517934560776,0.00030517578125,0.018296733498573303,0.06791238486766815
0.479,0.04050058498978615,0.00030517578125,0.01843988709151745,0.06728740781545639
0.47950000000000004,0.040500666946172714,0.00030517578125,0.018350688740611076,0.06811776757240295
0.48,0.04050036892294884,0.0006103515625,0.018431762233376503,0.06878802925348282
0.48050000000000004,0.040500711649656296,0.00030517578125,0.0180914718657732,0.06831725686788559
0.481,0.04050053283572197,0.0,0.018060680478811264,0.06817667931318283
0.48150000000000004,0.040500521659851074,0.0006103515625,0.01817648857831955,0.06763164699077606
0.482,0.040500443428754807,0.00030517578125,0.018474355340003967,0.06820092350244522
0.48250000000000004,0.04050050303339958,0.0006103515625,0.018491165712475777,0.06758887320756912
0.483,0.04050035402178764,-0.00030517578125,0.01859925128519535,0.0679168552160263
0.48350000000000004,0.04050055518746376,0.00030517578125,0.017958464100956917,0.06647331267595291
0.484,0.04050051420927048,0.00091552734375,0.01813945546746254,0.06798829883337021
0.48450000000000004,0.040500275790691376,0.0006103515625,0.018258119001984596,0.06823893636465073
0.485,0.040500205010175705,0.00030517578125,0.0186595618724823,0.06741049140691757
0.48550000000000004,0.0405004657804966,0.00030517578125,0.018533801659941673,0.06826465576887131
0.486,0.04050035774707794,0.00030517578125,0.018280664458870888,0.06750742346048355
0.48650000000000004,0.040500495582818985,0.00030517578125,0.0186751876026392,0.06730527430772781
0.487,0.040500421077013016,0.0006103515625,0.01787029393017292,0.06772027164697647
0.48750000000000004,0.04050040990114212,-0.00030517578125,0.018674490973353386,0.06797198206186295
0.488,0.04050049930810928,0.0006103515625,0.018540270626544952,0.06801493465900421
0.48850000000000005,0.04050026834011078,0.00030517578125,0.019200662150979042,0.06689947843551636
0.489,0.04050050303339958,0.0,0.01809174381196499,0.06746132671833038
0.48950000000000005,0.04050032049417496,0.00030517578125,0.01806396245956421,0.06777980923652649
0.49,0.04050062596797943,0.0,0.018355194479227066,0.06743715703487396
0.49050000000000005,0.04050033912062645,0.0006103515625,0.01779225654900074,0.06737492233514786
0.491,0.04050029441714287,0.00030517578125,0.018444249406456947,0.06759791076183319
0.49150000000000005,0.04050040990114212,0.0,0.018163252621889114,0.06779567897319794
0.492,0.04050035774707794,0.0,0.018682528287172318,0.0674857497215271
0.49250000000000005,0.040500469505786896,0.00030517578125,0.01818922720849514,0.06720420718193054
0.493,0.04050065204501152,0.00030517578125,0.018216967582702637,0.06801974028348923
0.49350000000000005,0.04050053283572197,0.0,0.018219690769910812,0.06843248754739761
0.494,0.04050036892294884,0.00030517578125,0.018284151330590248,0.06793538480997086
0.49450000000000005,0.040500253438949585,0.0006103515625,0.018303439021110535,0.06734819710254669
0.495,0.040500447154045105,0.00030517578125,0.018120188266038895,0.06803938001394272
0.49550000000000005,0.040500495582818985,0.00030517578125,0.018401674926280975,0.06836830824613571
0.496,0.04050043970346451,0.0,0.0183529295027256,0.0675099790096283
0.49650000000000005,0.04050076752901077,0.00030517578125,0.01820860430598259,0.06836996972560883
0.497,0.04050038754940033,0.00030517578125,0.018497474491596222,0.06813665479421616
0.49750000000000005,0.040500350296497345,-0.00030517578125,0.01830643229186535,0.06719870865345001
0.498,0.04050050303339958,0.0,0.01772252842783928,0.06772252917289734
0.49850000000000005,0.04050051420927048,0.00030517578125,0.01812763325870037,0.06839781254529953
0.499,0.04050075635313988,0.00030517578125,0.018462317064404488,0.06811700761318207
0.49950000000000006,0.04050050675868988,0.0,0.017956679686903954,0.0672059953212738
0.5,0.04050087928771973,-0.00030517578125,0.018411464989185333,0.06750313192605972
0.5005,0.040500421077013016,0.00030517578125,0.01857657916843891,0.06871531158685684
0.5009999999999999,0.040500443428754807,0.0,0.018208317458629608,0.0674557015299797
0.5015000000000001,0.04050063341856003,0.00030517578125,0.018179630860686302,0.06811992079019547
0.502,0.0405004620552063,0.00030517578125,0.01857001893222332,0.06779825687408447
0.5025,0.040500201284885406,0.00030517578125,0.018056724220514297,0.06848202645778656
0.5029999999999999,0.04050035402178764,0.00030517578125,0.018196087330579758,0.06803610920906067
0.5035000000000001,0.04050060734152794,0.0006103515625,0.018165871500968933,0.06736143678426743
0.504,0.04050062224268913,0.00030517578125,0.01843484491109848,0.06785675883293152
0.5045,0.04050034284591675,0.0,0.01806621439754963,0.06766640394926071
0.5049999999999999,0.0405002199113369,0.00030517578125,0.018340159207582474,0.06745104491710663
0.5055000000000001,0.04050068557262421,0.0,0.01842304691672325,0.06796898692846298
0.506,0.04050050303339958,0.00030517578125,0.018408406525850296,0.06816482543945312
0.5065,0.04050039127469063,0.00091552734375,0.018449902534484863,0.06749927997589111
0.5069999999999999,0.040500760078430176,0.0006103515625,0.01839965395629406,0.06762906163930893
0.5075000000000001,0.04050061106681824,0.00030517578125,0.0182424858212471,0.06857187300920486
0.508,0.04050026834011078,0.0,0.018698902800679207,0.06811003386974335
0.5085,0.04050067439675331,0.0,0.018111981451511383,0.06728227436542511
0.5089999999999999,0.04050060734152794,0.00030517578125,0.01812584511935711,0.06762691587209702
0.5095000000000001,0.04050038009881973,0.00091552734375,0.018491260707378387,0.06747827678918839
0.51,0.04050059989094734,0.00030517578125,0.01810559071600437,0.06830930709838867
0.5105,0.040500540286302567,0.0,0.018260961398482323,0.06770975142717361
0.5109999999999999,0.04050030931830406,0.0,0.01824111118912697,0.06746257841587067
0.5115000000000001,0.04050038009881973,0.00030517578125,0.018026869744062424,0.06822562962770462
0.512,0.04050055518746376,0.0,0.018686171621084213,0.06730048358440399
0.5125,0.04050040990114212,0.00030517578125,0.01835559867322445,0.06691193580627441
0.5129999999999999,0.040500298142433167,0.0006103515625,0.017930610105395317,0.06755970418453217
0.5135000000000001,0.040500592440366745,0.00091552734375,0.018492812290787697,0.068179190158844
0.514,0.04050040245056152,0.0006103515625,0.018237462267279625,0.06750748306512833
0.5145,0.04050041362643242,0.00030517578125,0.01858542673289776,0.06755625456571579
0.5149999999999999,0.04050043597817421,0.0,0.018617166206240654,0.06777612119913101
0.5155000000000001,0.04050036519765854,0.0,0.018366316333413124,0.06681176275014877
0.516,0.04050057381391525,0.00030517578125,0.018523583188652992,0.0672694593667984
0.5165,0.040500249713659286,0.00030517578125,0.018237413838505745,0.06790619343519211
0.5169999999999999,0.04050064831972122,0.0,0.018451377749443054,0.06839755922555923
0.5175000000000001,0.040500327944755554,0.0006103515625,0.018518565222620964,0.06785111874341965
0.518,0.04050039127469063,0.00030517578125,0.018107783049345016,0.06797762960195541
0.5185,0.040500711649656296,0.00030517578125,0.017991606146097183,0.06846898794174194
0.5189999999999999,0.040500298142433167,0.00030517578125,0.018269313499331474,0.06820379197597504
0.5195000000000001,0.04050048813223839,-0.00030517578125,0.01836315169930458,0.06750161945819855
0.52,0.04050089791417122,0.00030517578125,0.01831241510808468,0.06731025129556656
0.5205,0.04050061106681824,0.00091552734375,0.01847151294350624,0.06829164177179337
0.5209999999999999,0.040500346571207047,0.0,0.018537385389208794,0.06868293136358261
0.5215000000000001,0.04050075262784958,0.0,0.01830695942044258,0.06740809977054596
0.522,0.04050051420927048,7.93670654296875,0.0180249884724617,0.06805285811424255
0.5225,0.040500689297914505,7.9449462890625,0.018235500901937485,0.06801434606313705
0.5229999999999999,0.040500447154045105,7.94952392578125,0.01785479672253132,0.06730170547962189
0.5235000000000001,0.04050048068165779,7.94342041015625,0.018271706998348236,0.06764435768127441
0.524,0.04050048440694809,7.94647216796875,0.018132304772734642,0.06834311038255692
0.5245,0.04050041362643242,7.9443359375,0.018099555745720863,0.06729284673929214
0.5249999999999999,0.04050048068165779,7.94189453125,0.018324177712202072,0.06800094246864319
0.5255000000000001,0.040500424802303314,7.94464111328125,0.019064458087086678,0.06785378605127335
0.526,0.04050026461482048,7.94403076171875,0.021931210532784462,0.06815588474273682
0.5265,0.04049917683005333,7.94036865234375,0.02769935503602028,0.0677051991224289
0.5269999999999999,0.04049752280116081,0.00091552734375,0.03952111303806305,0.06770776212215424
0.5275000000000001,0.040494389832019806,0.00091552734375,0.056641798466444016,0.06795884668827057
0.528,0.04049038514494896,0.00030517578125,0.07678151875734329,0.06865350902080536
0.5285,0.04048636555671692,0.0,0.09873967617750168,0.06904902309179306
0.5289999999999999,0.04048294946551323,0.0,0.11968784034252167,0.06836697459220886
0.5295000000000001,0.040481194853782654,0.00030517578125,0.13701556622982025,0.07040433585643768
0.53,0.040480684489011765,0.0,0.15150779485702515,0.07023721188306808
0.5305,0.0404820553958416,0.00030517578125,0.1614997386932373,0.07190069556236267
0.5309999999999999,0.04048452526330948,0.00030517578125,0.16669219732284546,0.07152561098337173
0.5315000000000001,0.04048822447657585,0.00030517578125,0.16857345402240753,0.07203617691993713
0.532,0.04049242287874222,7.93914794921875,0.1679462492465973,0.07267315685749054
0.5325,0.0404960960149765,7.94647216796875,0.16595280170440674,0.0720163956284523
0.5329999999999999,0.04049951210618019,7.9461669921875,0.1636780947446823,0.07273876667022705
0.5335000000000001,0.04050176218152046,7.94036865234375,0.16084130108356476,0.07378091663122177
0.534,0.04050314053893089,7.9425048828125,0.15795624256134033,0.07327800989151001
0.5345,0.04050446301698685,7.945556640625,0.15509724617004395,0.07418806105852127
0.5349999999999999,0.040504928678274155,7.94097900390625,0.15284986793994904,0.07398476451635361
0.5355000000000001,0.04050508141517639,7.94097900390625,0.15182210505008698,0.07503184676170349
0.536,0.04050451144576073,7.94403076171875,0.1550876647233963,0.07405541092157364
0.5365,0.04050222039222717,7.9425048828125,0.16597199440002441,0.073829784989357
0.5369999999999999,0.040498118847608566,0.00152587890625,0.18548385798931122,0.07478321343660355
0.5375000000000001,0.04049285128712654,0.0,0.21171283721923828,0.07425645738840103
0.538,0.04048614576458931,0.0006103515625,0.24111433327198029,0.07437955588102341
0.5385,0.04047999903559685,0.0006103515625,0.2727145850658417,0.07471554726362228
0.5389999999999999,0.04047545790672302,0.00091552734375,0.30336329340934753,0.07494262605905533
0.5395000000000001,0.04047221690416336,0.0006103515625,0.33407652378082275,0.07553000003099442
0.54,0.04047011584043503,0.00030517578125,0.36495551466941833,0.07519271224737167
0.5405,0.04046912491321564,0.00030517578125,0.3976493179798126,0.07635128498077393
0.5409999999999999,0.04046851769089699,0.00030517578125,0.43171706795692444,0.07600591331720352
0.5415000000000001,0.040467653423547745,0.0,0.46864694356918335,0.07632995396852493
0.542,0.0404660627245903,7.93853759765625,0.5081433057785034,0.07721952348947525
0.5425,0.040464404970407486,7.943115234375,0.5496721267700195,0.07837192714214325
0.5429999999999999,0.040462642908096313,7.94921875,0.5929344892501831,0.07809630781412125
0.5435000000000001,0.04046067222952843,7.93914794921875,0.6381021738052368,0.07751640677452087
0.544,0.04045911133289337,7.94189453125,0.6850159168243408,0.07873483747243881
0.5445,0.04045757278800011,7.94158935546875,0.7322518825531006,0.07931174337863922
0.5449999999999999,0.0404566153883934,7.9437255859375,0.7815329432487488,0.07915707677602768
0.5455000000000001,0.04045523330569267,7.94189453125,0.8317114114761353,0.07936147600412369
0.546,0.040454018861055374,7.94036865234375,0.8883246779441833,0.07972148805856705
0.5465,0.04045126587152481,7.94342041015625,0.9532104134559631,0.07952532917261124
0.5469999999999999,0.04044667258858681,0.00091552734375,1.0264078378677368,0.0790601521730423
0.5475000000000001,0.04044090956449509,0.0006103515625,1.1070988178253174,0.07953547686338425
0.548,0.04043451324105263,0.0006103515625,1.1898189783096313,0.0794740542769432
0.5485,0.04042927920818329,0.0006103515625,1.2712944746017456,0.07901354134082794
0.5489999999999999,0.040425851941108704,0.0,1.350458025932312,0.07817700505256653
0.5495000000000001,0.04042501747608185,0.00091552734375,1.4273568391799927,0.07885494828224182
0.55,0.04042530804872513,0.0006103515625,1.5033551454544067,0.07821356505155563
0.5505,0.04042673110961914,0.0,1.5792752504348755,0.07612954080104828
0.5509999999999999,0.04042836278676987,0.00030517578125,1.6551060676574707,0.07535237818956375
0.5515000000000001,0.04042963683605194,0.0,1.731560468673706,0.07453260570764542
0.552,0.04043052718043327,7.93609619140625,1.8087737560272217,0.07305999845266342
0.5525,0.04043105989694595,7.94189453125,1.8880127668380737,0.07148735225200653
0.5529999999999999,0.04043140262365341,7.95013427734375,1.967273235321045,0.07110076397657394
0.5535000000000001,0.04043111577630043,7.93975830078125,2.046229839324951,0.070863276720047
0.554,0.04043154418468475,7.943115234375,2.1233959197998047,0.06868768483400345
0.5545,0.04043252393603325,7.940673828125,2.197357654571533,0.06810412555932999
0.5549999999999999,0.04043447971343994,7.94342041015625,2.2672908306121826,0.06772182881832123
0.5555000000000001,0.04043731838464737,7.94281005859375,2.3340888023376465,0.06724843382835388
0.556,0.04044048488140106,7.93975830078125,2.40008544921875,0.06691807508468628
0.5565,0.04044368490576744,7.94281005859375,2.466158866882324,0.06675734370946884
0.5569999999999999,0.04044549539685249,0.0006103515625,2.5330183506011963,0.06718537956476212
0.5575000000000001,0.04044726863503456,0.0006103515625,2.599414110183716,0.06768070161342621
0.558,0.04044808819890022,0.00030517578125,2.6640894412994385,0.06803520768880844
0.5585,0.04044906422495842,0.0006103515625,2.728593587875366,0.06941753625869751
0.5589999999999999,0.04044998064637184,0.0,2.7927794456481934,0.07013889402151108
0.5595000000000001,0.04045066237449646,-0.00030517578125,2.857968330383301,0.07118996232748032
0.56,0.04045099392533302,0.00030517578125,2.9240882396698,0.07204265892505646
0.5605,0.04045087471604347,0.00030517578125,2.9896433353424072,0.0739542543888092
0.5609999999999999,0.04045085608959198,0.0006103515625,3.054731607437134,0.07519889622926712
0.5615000000000001,0.04045110195875168,-0.0006103515625,3.1178512573242188,0.07503306865692139
0.562,0.04045184701681137,0.0006103515625,3.179598808288574,0.07569141685962677
0.5625,0.04045283794403076,0.00030517578125,3.2396531105041504,0.07637512683868408
0.563,0.040454477071762085,0.0,3.297646999359131,0.07671213895082474
0.5634999999999999,0.040456343442201614,0.0006103515625,3.3516130447387695,0.07612964510917664
0.5640000000000001,0.040458306670188904,0.00030517578125,3.4054055213928223,0.07622707635164261
0.5645,0.04046085476875305,-0.00030517578125,3.4574432373046875,0.07603982836008072
0.565,0.040462858974933624,0.00030517578125,3.507297992706299,0.07515282183885574
0.5654999999999999,0.04046496003866196,0.0,3.5551486015319824,0.07398857921361923
0.5660000000000001,0.04046693816781044,0.0006103515625,3.6013946533203125,0.07304111123085022
0.5665,0.04046909138560295,-0.00030517578125,3.6444251537323,0.0716279074549675
0.567,0.040471628308296204,0.00030517578125,3.6834943294525146,0.07020530104637146
0.5674999999999999,0.040474455803632736,0.00030517578125,3.71993088722229,0.07026328891515732
0.5680000000000001,0.04047762230038643,0.0006103515625,3.7516205310821533,0.0693632960319519
0.5685,0.04048104211688042,0.0,3.7786998748779297,0.06832297146320343
0.569,0.040484752506017685,0.0,3.801776885986328,0.06860926002264023
0.5694999999999999,0.04048900678753853,0.0,3.821659564971924,0.06877574324607849
0.5700000000000001,0.04049297794699669,0.00030517578125,3.837510824203491,0.06897099316120148
0.5705,0.040496744215488434,-0.00030517578125,3.850445508956909,0.06897017359733582
0.571,0.04050029441714287,0.00030517578125,3.8603756427764893,0.06960462033748627
0.5714999999999999,0.04050380364060402,0.00030517578125,3.8661911487579346,0.07075769454240799
0.5720000000000001,0.04050717502832413,0.00030517578125,3.868344783782959,0.07115745544433594
0.5725,0.040510229766368866,-0.00030517578125,3.8659610748291016,0.07035468518733978
0.573,0.04051431640982628,0.0,3.8586106300354004,0.07039471715688705
0.5734999999999999,0.04051824286580086,0.0,3.846041202545166,0.0708925873041153
0.5740000000000001,0.040522605180740356,0.0,3.8266501426696777,0.0696805790066719
0.5745,0.04052785038948059,0.0006103515625,3.8008873462677,0.06936481595039368
0.575,0.040533263236284256,0.0006103515625,3.7668120861053467,0.06953674554824829
0.5754999999999999,0.0405394546687603,0.0006103515625,3.7260823249816895,0.0688013806939125
0.5760000000000001,0.04054603353142738,0.00030517578125,3.67716908454895,0.06806501001119614
0.5765,0.040553078055381775,0.0006103515625,3.6210830211639404,0.06818292289972305
0.577,0.040560174733400345,0.00030517578125,3.55671763420105,0.06820830702781677
0.5774999999999999,0.04056720808148384,-0.00030517578125,3.4854087829589844,0.06740280985832214
0.5780000000000001,0.04057466238737106,0.00030517578125,3.4075045585632324,0.06840565800666809
0.5785,0.040581390261650085,0.0,3.320976972579956,0.06890865415334702
0.579,0.040588364005088806,-0.00030517578125,3.2278506755828857,0.06960342079401016
0.5794999999999999,0.04059545695781708,0.00030517578125,3.1261308193206787,0.06980626285076141
0.5800000000000001,0.04060235992074013,0.00030517578125,3.0161936283111572,0.0702497661113739
0.5805,0.040609728544950485,0.0006103515625,2.898087739944458,0.07190870493650436
0.581,0.04061653092503548,-0.00030517578125,2.772534132003784,0.07315840572118759
0.5814999999999999,0.0406235009431839,0.0,2.6427206993103027,0.073527030646801
0.5820000000000001,0.040629204362630844,0.0,2.509788990020752,0.07501045614480972
0.5825,0.040633369237184525,0.0,2.377053737640381,0.07570642232894897
0.583,0.04063564911484718,0.00030517578125,2.247154951095581,0.07688209414482117
0.5834999999999999,0.040635254234075546,0.0,2.1216938495635986,0.0765744000673294
0.5840000000000001,0.04063275828957558,0.0,2.0011582374572754,0.07774357497692108
0.5845,0.04062793031334877,0.0,1.8879872560501099,0.07805627584457397
0.585,0.04062157869338989,-0.0006103515625,1.7814104557037354,0.07871861755847931
0.5854999999999999,0.04061390087008476,-0.00030517578125,1.6823232173919678,0.07877551764249802
0.5860000000000001,0.040605124086141586,0.00030517578125,1.5896269083023071,0.07934726029634476
0.5865,0.04059634357690811,-0.00030517578125,1.5040329694747925,0.07923807948827744
0.587,0.04058759659528732,0.00030517578125,1.4251865148544312,0.07858404517173767
0.5874999999999999,0.04057912901043892,0.00030517578125,1.3508461713790894,0.07813112437725067
0.5880000000000001,0.04057108983397484,0.00030517578125,1.2833491563796997,0.07848513126373291
0.5885,0.040563181042671204,-0.00030517578125,1.2207890748977661,0.07806475460529327
0.589,0.04055595397949219,0.0,1.1631591320037842,0.07604651153087616
0.5894999999999999,0.04054928198456764,0.0,1.1097207069396973,0.07657638192176819
0.5900000000000001,0.040543824434280396,0.00030517578125,1.060848593711853,0.07678403705358505
0.5905,0.04053832218050957,0.0,1.0150119066238403,0.07654768973588943
0.591,0.04053324833512306,0.00030517578125,0.9722744226455688,0.07627652585506439
0.5914999999999999,0.0405290424823761,-0.00030517578125,0.9331579804420471,0.07663104683160782
0.5920000000000001,0.04052551090717316,0.0006103515625,0.8952432870864868,0.07676298171281815
0.5925,0.040522389113903046,0.00030517578125,0.8598676323890686,0.07540270686149597
0.593,0.04051977023482323,0.0006103515625,0.8271259665489197,0.07586581259965897
0.5934999999999999,0.04051734507083893,0.0006103515625,0.7952579259872437,0.07715123146772385
0.5940000000000001,0.04051567614078522,0.0006103515625,0.7648943066596985,0.07568586617708206
0.5945,0.04051395133137703,0.0006103515625,0.7362520694732666,0.07622542977333069
0.595,0.04051269590854645,-0.00030517578125,0.7088180184364319,0.07662153244018555
0.5954999999999999,0.040511712431907654,0.00030517578125,0.6819362640380859,0.07589221000671387
0.5960000000000001,0.0405108667910099,0.00030517578125,0.6558161377906799,0.07552216202020645
0.5965,0.04050980508327484,0.00030517578125,0.6313627362251282,0.07559782266616821
0.597,0.040509238839149475,0.0006103515625,0.6073015332221985,0.0762455090880394
0.5974999999999999,0.04050871729850769,0.0006103515625,0.5836325883865356,0.07585103064775467
0.5980000000000001,0.04050825908780098,0.00030517578125,0.5614199638366699,0.07586945593357086
0.5985,0.040508002042770386,0.0006103515625,0.539921760559082,0.07682999223470688
0.599,0.040507204830646515,0.0,0.5190740823745728,0.07605814933776855
0.5994999999999999,0.04050690680742264,0.0006103515625,0.49897074699401855,0.07575809955596924
0.6000000000000001,0.04050649330019951,0.0006103515625,0.47960248589515686,0.07485485076904297
0.6005,0.04050616919994354,0.00030517578125,0.4613575339317322,0.07588502764701843
0.601,0.04050546884536743,0.0,0.44327372312545776,0.07531677931547165
0.6014999999999999,0.04050520807504654,0.0,0.42611050605773926,0.07562150061130524
0.6020000000000001,0.04050462692975998,0.00030517578125,0.409670889377594,0.07541793584823608
0.6025,0.040504299104213715,0.0006103515625,0.3939933180809021,0.07514137774705887
0.603,0.04050394892692566,-0.00030517578125,0.3785368800163269,0.07483896613121033
0.6034999999999999,0.0405036062002182,-0.0006103515625,0.3643346428871155,0.07349362224340439
0.6040000000000001,0.04050314426422119,0.00030517578125,0.3508917987346649,0.07559864223003387
0.6045,0.040502823889255524,0.0006103515625,0.33722323179244995,0.07520715147256851
0.605,0.040502723306417465,0.00030517578125,0.32504844665527344,0.0747632086277008
0.6054999999999999,0.04050237312912941,0.0006103515625,0.3130296468734741,0.07502099126577377
0.6060000000000001,0.040501918643713,0.0,0.3011418282985687,0.07489465922117233
0.6065,0.04050183296203613,0.0,0.29059332609176636,0.07417140901088715
0.607,0.040501564741134644,0.00030517578125,0.2800760567188263,0.0749659612774849
0.6074999999999999,0.040501244366168976,0.0006103515625,0.270076721906662,0.07458661496639252
0.6080000000000001,0.04050084576010704,-0.00030517578125,0.259694367647171,0.07429184764623642
0.6085,0.04050096869468689,0.0006103515625,0.2506715953350067,0.07417657226324081
0.609,0.040500860661268234,0.0006103515625,0.24164050817489624,0.07395656406879425
0.6094999999999999,0.040500421077013016,0.0,0.23314617574214935,0.07413323223590851
0.6100000000000001,0.04050040990114212,-0.00030517578125,0.22485995292663574,0.07437475025653839
0.6105,0.04050048440694809,0.0,0.21695581078529358,0.07374794781208038
0.611,0.040499892085790634,0.0006103515625,0.20965106785297394,0.07451538741588593
0.6114999999999999,0.04049999639391899,-0.00030517578125,0.20233462750911713,0.07370629906654358
0.6120000000000001,0.040500279515981674,0.0,0.19547399878501892,0.07398263365030289
0.6125,0.040500007569789886,0.00030517578125,0.18876110017299652,0.07375749200582504
0.613,0.040500055998563766,0.0006103515625,0.18264363706111908,0.07423657923936844
0.6134999999999999,0.04049990326166153,0.00030517578125,0.17623864114284515,0.07460223138332367
0.6140000000000001,0.040499914437532425,0.00030517578125,0.1706458479166031,0.07354769110679626
0.6145,0.04049980640411377,0.00030517578125,0.1649666726589203,0.07408598065376282
0.615,0.04050005227327347,0.00091552734375,0.1593964844942093,0.07280287891626358
0.6154999999999999,0.04049995541572571,0.0006103515625,0.15415075421333313,0.07373283058404922
0.6160000000000001,0.04049953073263168,0.0,0.1490892767906189,0.07329709082841873
0.6165,0.04049978405237198,0.00091552734375,0.14399050176143646,0.0737641379237175
0.617,0.04049969092011452,0.00030517578125,0.13915273547172546,0.07344086468219757
0.6174999999999999,0.04049964249134064,-0.00030517578125,0.13519226014614105,0.07329938560724258
0.6180000000000001,0.04049919545650482,0.0,0.1307051032781601,0.07286377996206284
0.6185,0.04049953818321228,-0.00030517578125,0.12701325118541718,0.07341787964105606
0.619,0.04049980267882347,0.0006103515625,0.1227884292602539,0.07342874258756638
0.6194999999999999,0.04049957916140556,0.00030517578125,0.11920014768838882,0.07286164909601212
0.6200000000000001,0.04049967601895332,0.00030517578125,0.11535530537366867,0.07272879034280777
0.6205,0.04049961268901825,0.0,0.112107053399086,0.07343325018882751
0.621,0.04049953073263168,0.00030517578125,0.10879390686750412,0.07277965545654297
0.6214999999999999,0.04049960523843765,0.0,0.10545843839645386,0.07241997867822647
0.6220000000000001,0.040499623864889145,0.00030517578125,0.10244844853878021,0.07285983115434647
0.6225,0.04049980640411377,0.0,0.09949635714292526,0.07324053347110748
0.623,0.0404997356235981,0.0006103515625,0.09644436091184616,0.07366437464952469
0.6234999999999999,0.04049956426024437,0.00030517578125,0.09380174428224564,0.07171329110860825
0.6240000000000001,0.04049982130527496,0.00091552734375,0.09140199422836304,0.07269736379384995
0.6245,0.0404994823038578,0.0,0.08867504447698593,0.07310643047094345
0.625,0.04049963131546974,0.00030517578125,0.08630777150392532,0.07258366793394089
0.6255,0.0404997318983078,0.00030517578125,0.08426913619041443,0.0723743885755539
0.6259999999999999,0.04049957916140556,0.00091552734375,0.08186939358711243,0.07257422804832458
0.6265000000000001,0.040499791502952576,0.00030517578125,0.07962736487388611,0.07352188229560852
0.627,0.040499843657016754,-0.00030517578125,0.07731044292449951,0.07293598353862762
0.6275,0.04049975425004959,0.0,0.07550104707479477,0.07196338474750519
0.6279999999999999,0.040499795228242874,0.00030517578125,0.07327868044376373,0.07240505516529083
0.6285000000000001,0.04050009697675705,0.0,0.07166169583797455,0.07208949327468872
0.629,0.04049961641430855,0.0,0.07022228091955185,0.07108920812606812
0.6295,0.040499769151210785,0.0,0.06789346039295197,0.07117137312889099
0.6299999999999999,0.040499959141016006,0.0006103515625,0.06616470962762833,0.07157807797193527
0.6305000000000001,0.04049960523843765,0.0006103515625,0.065116286277771,0.07176670432090759
0.631,0.04049992188811302,-0.00030517578125,0.06363042443990707,0.07103905826807022
0.6315,0.04049982503056526,0.0,0.06201661750674248,0.07105839252471924
0.6319999999999999,0.04049980640411377,0.0,0.06081043928861618,0.07082321494817734
0.6325000000000001,0.04049977660179138,0.0,0.059711385518312454,0.07140637934207916
0.633,0.04049987345933914,0.00030517578125,0.05804995819926262,0.07093947380781174
0.6335,0.04049966484308243,0.00030517578125,0.056646402925252914,0.07068609446287155
0.6339999999999999,0.04049976170063019,0.00030517578125,0.05655764415860176,0.07151695340871811
0.6345000000000001,0.04049944877624512,0.0,0.05523103103041649,0.07087650895118713
0.635,0.04049963131546974,0.0,0.053831856697797775,0.06997042894363403
0.6355,0.040499985218048096,0.00030517578125,0.05311547964811325,0.07061053812503815
0.6359999999999999,0.040499716997146606,0.0,0.052246443927288055,0.070602647960186
0.6365000000000001,0.0404997318983078,0.0006103515625,0.051601629704236984,0.07065126299858093
0.637,0.04049982130527496,0.0,0.0502159558236599,0.06981989741325378
0.6375,0.04049985483288765,0.0006103515625,0.04966576397418976,0.07098766416311264
0.6379999999999999,0.04049955680966377,0.00030517578125,0.049122072756290436,0.07095906138420105
0.6385000000000001,0.040499843657016754,-0.00030517578125,0.04855584353208542,0.07002202421426773
0.639,0.04049981012940407,0.00030517578125,0.04813893511891365,0.07097947597503662
0.6395,0.04049962759017944,-0.00030517578125,0.04701966792345047,0.07131299376487732
0.6399999999999999,0.040500130504369736,0.00030517578125,0.04654279723763466,0.07059215009212494
0.6405000000000001,0.0404999814927578,0.0,0.045957811176776886,0.07012470066547394
0.641,0.04050009325146675,0.00030517578125,0.04581301659345627,0.07024997472763062
0.6415,0.04049982503056526,0.00030517578125,0.04547876492142677,0.07055525481700897
0.6419999999999999,0.04050004482269287,0.0,0.045458320528268814,0.06966369599103928
0.6425000000000001,0.04050012677907944,0.00030517578125,0.04434746131300926,0.0699358657002449
0.643,0.04049987345933914,0.0,0.04429609328508377,0.07032483071088791
0.6435,0.04049995541572571,0.0006103515625,0.044077347964048386,0.06964336335659027
0.6439999999999999,0.04049994423985481,-0.00030517578125,0.04344259947538376,0.07059003412723541
0.6445000000000001,0.04049989581108093,0.00091552734375,0.04309965297579765,0.07038859277963638
0.645,0.040499769151210785,0.00030517578125,0.042751114815473557,0.06943000108003616
0.6455,0.040499940514564514,0.0,0.04236215725541115,0.07063368707895279
0.6459999999999999,0.040500201284885406,0.00030517578125,0.042376965284347534,0.07075589895248413
0.6465000000000001,0.04049999639391899,-0.0006103515625,0.041775040328502655,0.06985791772603989
0.647,0.04050002619624138,0.0,0.04081270471215248,0.07019402086734772
0.6475,0.040500011295080185,0.0,0.04077396169304848,0.06958384066820145
0.6479999999999999,0.04050034284591675,0.0,0.03994647413492203,0.0699436143040657
0.6485000000000001,0.04050026088953018,0.0,0.039322931319475174,0.06987156718969345
0.649,0.04050032049417496,0.0006103515625,0.0388394333422184,0.07020756602287292
0.6495,0.04050065577030182,0.00091552734375,0.03789035603404045,0.07079805433750153
0.6499999999999999,0.040500689297914505,0.00030517578125,0.03719870001077652,0.06964872777462006
0.6505000000000001,0.04050040245056152,0.00030517578125,0.03684145212173462,0.0693112388253212
0.651,0.04050048813223839,0.0006103515625,0.0364641435444355,0.07008446753025055
0.6515,0.04050065949559212,0.0,0.035493552684783936,0.06941093504428864
0.6519999999999999,0.04050058871507645,0.0,0.03508710488677025,0.06941676139831543
0.6525000000000001,0.04050084948539734,-0.0006103515625,0.03442242369055748,0.07009535282850266
0.653,0.040500666946172714,-0.00030517578125,0.03338807448744774,0.06940122693777084
0.6535,0.04050065949559212,0.00030517578125,0.0331679992377758,0.0707249864935875
0.6539999999999999,0.04050067439675331,0.00030517578125,0.032835640013217926,0.06962744146585464
0.6545000000000001,0.04050048068165779,0.00030517578125,0.032884951680898666,0.06953359395265579
0.655,0.04050032049417496,0.0,0.03259993717074394,0.0696890652179718
0.6555,0.040500372648239136,0.00030517578125,0.03210838511586189,0.06921987235546112
0.6559999999999999,0.04050033912062645,0.00030517578125,0.032399699091911316,0.06904931366443634
0.6565000000000001,0.04050026461482048,-0.0006103515625,0.03142140060663223,0.06955720484256744
0.657,0.04050014168024063,0.0,0.031207149848341942,0.06934868544340134
0.6575,0.04050001502037048,0.0,0.031086865812540054,0.06963200867176056
0.6579999999999999,0.04050051048398018,0.0,0.030907979235053062,0.0693889632821083
0.6585000000000001,0.040500372648239136,0.0,0.0304871853441,0.06920145452022552
0.659,0.040500618517398834,0.0,0.030274491757154465,0.06952495872974396
0.6595,0.04050065204501152,0.00030517578125,0.0298141036182642,0.06922066956758499
0.6599999999999999,0.04050033912062645,-0.00030517578125,0.02951166033744812,0.06911993771791458
0.6605000000000001,0.04050033167004585,-0.00030517578125,0.029308607801795006,0.06906603276729584
0.661,0.04050050303339958,0.0,0.0288542490452528,0.06999747455120087
0.6615,0.04050038009881973,-0.00030517578125,0.028642235323786736,0.06929048150777817
0.6619999999999999,0.040500350296497345,0.0,0.028076188638806343,0.068740613758564
0.6625000000000001,0.040500566363334656,0.00030517578125,0.027813788503408432,0.06930013746023178
0.663,0.04050064831972122,0.0,0.027094697579741478,0.06888440251350403
0.6635,0.040500760078430176,0.00030517578125,0.026382531970739365,0.06780065596103668
0.6639999999999999,0.04050068557262421,0.0,0.026078201830387115,0.06883448362350464
0.6645000000000001,0.04050074890255928,0.00030517578125,0.025837969034910202,0.06911055743694305
0.665,0.04050048813223839,-0.00030517578125,0.025497041642665863,0.06935648620128632
0.6655,0.040500711649656296,-0.00030517578125,0.024537760764360428,0.06889253109693527
0.6659999999999999,0.04050092399120331,0.00030517578125,0.024157008156180382,0.06928281486034393
0.6665000000000001,0.04050079733133316,0.00030517578125,0.02398991771042347,0.06890900433063507
0.667,0.04050076752901077,0.00091552734375,0.023656176403164864,0.06845168769359589
0.6675,0.04050053283572197,0.0,0.023154867812991142,0.06856922805309296
0.6679999999999999,0.04050067439675331,0.00030517578125,0.02257491461932659,0.06906876713037491
0.6685000000000001,0.040500663220882416,0.00030517578125,0.02247188240289688,0.06915566325187683
0.669,0.04050061106681824,0.00030517578125,0.022036897018551826,0.06714865565299988
0.6695,0.040500640869140625,0.00030517578125,0.02210015058517456,0.0687219575047493
0.6699999999999999,0.04050032049417496,0.00030517578125,0.021660715341567993,0.06910976767539978
0.6705000000000001,0.04050065949559212,0.00030517578125,0.02121095359325409,0.06847672909498215
0.671,0.040500618517398834,0.00030517578125,0.021430814638733864,0.06878741085529327
0.6715,0.04050063341856003,-0.00030517578125,0.021275024861097336,0.06839343905448914
0.6719999999999999,0.04050055518746376,0.0,0.02063058502972126,0.06857466697692871
0.6725000000000001,0.040500372648239136,0.0006103515625,0.02085498534142971,0.06788405776023865
0.673,0.04050047695636749,0.0006103515625,0.020976370200514793,0.06791211664676666
0.6735,0.0405004546046257,0.0,0.02089630998671055,0.0696403756737709
0.6739999999999999,0.040500540286302567,0.00030517578125,0.020196573808789253,0.06874699890613556
0.6745000000000001,0.04050040617585182,0.00030517578125,0.020323975011706352,0.06886426359415054
0.675,0.0405002236366272,0.0006103515625,0.020024988800287247,0.0677400678396225
0.6755,0.04050024226307869,0.00030517578125,0.01949984021484852,0.06875643134117126
0.6759999999999999,0.04050058498978615,0.0,0.019739743322134018,0.06938754767179489
0.6765000000000001,0.04050084948539734,-0.0006103515625,0.019448217004537582,0.06859443336725235
0.677,0.04050065949559212,0.00030517578125,0.01939157024025917,0.06833189725875854
0.6775,0.04050039127469063,0.00030517578125,0.019283432513475418,0.06876976788043976
0.6779999999999999,0.04050042852759361,0.00030517578125,0.018938321620225906,0.06894898414611816
0.6785000000000001,0.0405004657804966,-0.00030517578125,0.018887346610426903,0.06833542138338089
0.679,0.040500108152627945,0.00091552734375,0.0186370350420475,0.06821634620428085
0.6795,0.04050067439675331,0.00030517578125,0.01871284656226635,0.06912227720022202
0.6799999999999999,0.04050029069185257,0.0,0.018417663872241974,0.06909801065921783
0.6805000000000001,0.040500618517398834,-0.00030517578125,0.018072746694087982,0.06798246502876282
0.681,0.04050076752901077,0.0,0.018133126199245453,0.06832736730575562
0.6815,0.040500517934560776,0.0006103515625,0.018254877999424934,0.06884676218032837
0.6819999999999999,0.04050049930810928,0.00030517578125,0.018233558163046837,0.0682348683476448
0.6825000000000001,0.04050036892294884,0.0,0.017877347767353058,0.06817453354597092
0.683,0.040500663220882416,0.00030517578125,0.018160896375775337,0.0686638280749321
0.6835,0.040500324219465256,0.00030517578125,0.017735369503498077,0.06789110600948334
0.6839999999999999,0.040500544011592865,0.00091552734375,0.017961764708161354,0.06851616501808167
0.6845000000000001,0.040500469505786896,0.0006103515625,0.017579302191734314,0.06883187592029572
0.685,0.04050031304359436,0.0,0.017569098621606827,0.06873395293951035
0.6855,0.040500394999980927,0.00030517578125,0.01767631061375141,0.06859848648309708
0.6859999999999999,0.040500592440366745,0.0006103515625,0.01789075694978237,0.06836725026369095
0.6865000000000001,0.04050052538514137,0.0,0.017797812819480896,0.06818824261426926
0.687,0.04050051420927048,0.00030517578125,0.017896046862006187,0.06861158460378647
0.6875,0.04050041735172272,0.0006103515625,0.017636748030781746,0.06899081915616989
0.688,0.040500447154045105,0.0006103515625,0.0173968318849802,0.06906035542488098
0.6884999999999999,0.040500443428754807,0.00030517578125,0.017470797523856163,0.06861087679862976
0.6890000000000001,0.04050031304359436,0.0,0.017352668568491936,0.0681467279791832
0.6895,0.04050068557262421,0.0,0.01761082001030445,0.06825441867113113
0.69,0.0405004620552063,0.00091552734375,0.017412718385457993,0.0683465301990509
0.6904999999999999,0.04050048068165779,-0.00030517578125,0.017291443422436714,0.0675981193780899
0.6910000000000001,0.040500570088624954,0.0,0.016973527148365974,0.06818008422851562
0.6915,0.04050062596797943,0.0006103515625,0.01746615394949913,0.06891534477472305
0.692,0.04050032049417496,0.0,0.01696859486401081,0.06845138221979141
0.6924999999999999,0.04050051048398018,0.0,0.016617335379123688,0.06755943596363068
0.6930000000000001,0.04050065204501152,0.0,0.017275003716349602,0.06860708445310593
0.6935,0.040500544011592865,0.00030517578125,0.016858847811818123,0.06880828738212585
0.694,0.040500473231077194,0.00030517578125,0.01628490909934044,0.06816402822732925
0.6944999999999999,0.04050067812204361,0.0006103515625,0.016962552443146706,0.06812726706266403
0.6950000000000001,0.04050067439675331,0.00030517578125,0.016497347503900528,0.0683562159538269
0.6955,0.04050018638372421,-0.00030517578125,0.01631271280348301,0.06853561103343964
0.696,0.04050055146217346,0.0006103515625,0.01632649078965187,0.06760984659194946
0.6964999999999999,0.04050041735172272,0.00030517578125,0.016528431326150894,0.06756220012903214
0.6970000000000001,0.04050052538514137,-0.00030517578125,0.016304198652505875,0.06871985644102097
0.6975,0.04050052911043167,0.0,0.015983814373612404,0.06798995286226273
0.698,0.040500298142433167,0.00091552734375,0.01612265221774578,0.06750193238258362
0.6984999999999999,0.04050029441714287,0.0006103515625,0.015955297276377678,0.06798852235078812
0.6990000000000001,0.04050040617585182,0.0006103515625,0.01585628092288971,0.0682414323091507
0.6995,0.0405004508793354,-0.00030517578125,0.016294648870825768,0.06720633804798126
0.7,0.040500443428754807,0.00030517578125,0.01621740311384201,0.06672998517751694
0.7004999999999999,0.04050027206540108,0.0006103515625,0.015901360660791397,0.06839695572853088
0.7010000000000001,0.04050026834011078,0.0,0.015989577397704124,0.06738103181123734
0.7015,0.04050040617585182,0.0,0.01610781066119671,0.06797336041927338
0.702,0.04050055518746376,0.0,0.015748098492622375,0.06828819960355759
0.7024999999999999,0.040500517934560776,-0.00030517578125,0.015793779864907265,0.06848803162574768
0.7030000000000001,0.040500715374946594,0.0006103515625,0.015516889281570911,0.06810640543699265
0.7035,0.04050036892294884,0.00030517578125,0.01540878415107727,0.06672699749469757
0.704,0.04050040245056152,0.0,0.015447014011442661,0.06734061986207962
0.7044999999999999,0.04050025716423988,-0.0006103515625,0.015459872782230377,0.06831388175487518
0.7050000000000001,0.040500394999980927,0.0,0.015192313119769096,0.06835415959358215
0.7055,0.040500182658433914,0.0,0.01556170079857111,0.067875437438488
0.706,0.040500301867723465,0.00030517578125,0.015135366469621658,0.06808396428823471
0.7064999999999999,0.040500666946172714,0.0,0.015551812015473843,0.06827518343925476
0.7070000000000001,0.040500394999980927,0.0,0.015295400284230709,0.06832655519247055
0.7075,0.040500327944755554,0.00030517578125,0.015181634575128555,0.06652133911848068
0.708,0.04050062969326973,0.0,0.014823980629444122,0.06782709807157516
0.7084999999999999,0.04050051048398018,0.0,0.015303424559533596,0.06837019324302673
0.7090000000000001,0.04050038754940033,0.0006103515625,0.015094127506017685,0.06790143251419067
0.7095,0.040500707924366,0.00030517578125,0.014766169711947441,0.06702803075313568
0.71,0.040500707924366,0.0,0.015005298890173435,0.06694015860557556
0.7104999999999999,0.04050063341856003,0.00030517578125,0.014458224177360535,0.0686136782169342
0.7110000000000001,0.040500327944755554,0.0,0.014854800887405872,0.06723951548337936
0.7115,0.040500540286302567,0.00030517578125,0.014430188573896885,0.0666833221912384
0.712,0.040500618517398834,0.00030517578125,0.014726409688591957,0.06797728687524796
0.7124999999999999,0.04050048813223839,0.0,0.0145669374614954,0.0673539787530899
0.7130000000000001,0.04050058871507645,0.0006103515625,0.01430657971650362,0.06794083118438721
0.7135,0.040500614792108536,0.00030517578125,0.014934378676116467,0.06793657690286636
0.714,0.04050057381391525,0.00030517578125,0.01441159751266241,0.0677102729678154
0.7144999999999999,0.04050035774707794,0.0,0.01428163331001997,0.06831163913011551
0.7150000000000001,0.040500663220882416,0.0,0.014332561753690243,0.06763602793216705
0.7155,0.04050058126449585,0.00091552734375,0.014232141897082329,0.06760828197002411
0.716,0.040500458329916,0.0006103515625,0.01445634476840496,0.06811928004026413
0.7164999999999999,0.04050048440694809,0.0,0.014187606982886791,0.06739747524261475
0.7170000000000001,0.040500640869140625,0.0006103515625,0.01499258168041706,0.06831999868154526
0.7175,0.040500458329916,-0.00030517578125,0.014339680783450603,0.06744303554296494
0.718,0.040500205010175705,0.00091552734375,0.014074246399104595,0.06754899770021439
0.7184999999999999,0.0405004508793354,0.0,0.014622564427554607,0.06764110177755356
0.7190000000000001,0.04050067812204361,0.0,0.013971135020256042,0.06785411387681961
0.7195,0.0405004508793354,-0.00030517578125,0.01405246090143919,0.06739413738250732
0.72,0.04050058126449585,0.00030517578125,0.014853964559733868,0.0682397410273552
0.7204999999999999,0.04050048813223839,0.00030517578125,0.014006839133799076,0.068301722407341
0.7210000000000001,0.04050039127469063,0.0,0.014222471974790096,0.06727632135152817
0.7215,0.04050055146217346,0.00030517578125,0.014128737151622772,0.06787940114736557
0.722,0.04050048440694809,0.00030517578125,0.01436631754040718,0.0681011900305748
0.7224999999999999,0.040500491857528687,0.0006103515625,0.014480387791991234,0.06857941299676895
0.7230000000000001,0.040500421077013016,-0.00030517578125,0.014136141166090965,0.06798728555440903
0.7235,0.0405004620552063,0.0006103515625,0.014533198438584805,0.06717856228351593
0.724,0.040500447154045105,0.0,0.01442387793213129,0.06878126412630081
0.7244999999999999,0.04050058498978615,0.0006103515625,0.014599446207284927,0.06748262792825699
0.7250000000000001,0.04050040990114212,0.0006103515625,0.013994036242365837,0.06745605915784836
0.7255,0.040500491857528687,0.0,0.014171317219734192,0.06780391931533813
0.726,0.040500540286302567,0.0006103515625,0.014626541174948215,0.06755246967077255
0.7264999999999999,0.04050012305378914,0.00091552734375,0.014264144003391266,0.06834974884986877
0.7270000000000001,0.040500521659851074,0.0006103515625,0.014456852339208126,0.06784237176179886
0.7275,0.04050062224268913,0.0006103515625,0.014296909794211388,0.06763621419668198
0.728,0.04050036147236824,-0.00030517578125,0.014686131849884987,0.06785843521356583
0.7284999999999999,0.0405004508793354,0.00030517578125,0.014564400538802147,0.06762471795082092
0.7290000000000001,0.04050048068165779,0.0,0.014451785944402218,0.0673658698797226
0.7295,0.04050030931830406,0.0,0.01400602888315916,0.06766079366207123
0.73,0.04050024226307869,0.0,0.014385727234184742,0.06817151606082916
0.7304999999999999,0.04050028696656227,0.00030517578125,0.014220189303159714,0.06779853254556656
0.7310000000000001,0.040500324219465256,0.0006103515625,0.014211473986506462,0.06814990937709808
0.7315,0.04050038382411003,0.0,0.014340794645249844,0.06808602809906006
0.732,0.04050038754940033,0.00030517578125,0.014232791028916836,0.0679325982928276
0.7324999999999999,0.040500540286302567,0.00030517578125,0.014422050677239895,0.06769471615552902
0.7330000000000001,0.0405004508793354,0.0006103515625,0.013923091813921928,0.06735348701477051
0.7335,0.04050051048398018,0.0006103515625,0.014256054535508156,0.06833641976118088
0.734,0.04050023853778839,0.0,0.014365402050316334,0.06847366690635681
0.7344999999999999,0.0405002161860466,0.0,0.014210093766450882,0.06731555610895157
0.7350000000000001,0.04050063341856003,0.00030517578125,0.014176523312926292,0.0673765018582344
0.7355,0.040500491857528687,0.00030517578125,0.014444551430642605,0.06734292954206467
0.736,0.04050052538514137,0.0,0.014166881330311298,0.06763996928930283
0.7364999999999999,0.04050034284591675,0.00030517578125,0.014287414960563183,0.06664957851171494
0.7370000000000001,0.040500838309526443,0.0006103515625,0.014608639292418957,0.06855307519435883
0.7375,0.04050017520785332,0.00030517578125,0.013809905387461185,0.06783641874790192
0.738,0.04050030931830406,0.0,0.014145300723612309,0.06712795794010162
0.7384999999999999,0.04050024226307869,-0.00030517578125,0.01446397602558136,0.06745940446853638
0.7390000000000001,0.04050055518746376,0.00030517578125,0.014315756969153881,0.06819760054349899
0.7395,0.04050058126449585,0.0006103515625,0.014009816572070122,0.0674542486667633
0.74,0.04050051048398018,-0.00030517578125,0.013998158276081085,0.06711956113576889
0.7404999999999999,0.0405004508793354,0.0006103515625,0.014147487469017506,0.06776680052280426
0.7410000000000001,0.04050033912062645,0.0,0.01413880754262209,0.06772332638502121
0.7415,0.0405004620552063,0.00091552734375,0.014279327355325222,0.06749262660741806
0.742,0.04050064459443092,0.0,0.013920717872679234,0.06594056636095047
0.7424999999999999,0.04050062224268913,0.00030517578125,0.014630764722824097,0.06797318905591965
0.7430000000000001,0.04050040245056152,-0.00030517578125,0.014013601467013359,0.06758511066436768
0.7435,0.04050057753920555,0.00030517578125,0.014240166172385216,0.06703995913267136
0.744,0.04050053656101227,0.0,0.014084499329328537,0.06760752201080322
0.7444999999999999,0.04050054773688316,0.00030517578125,0.014085011556744576,0.06779547035694122
0.7450000000000001,0.040500447154045105,-0.00030517578125,0.01384788379073143,0.06811343878507614
0.7455,0.040500443428754807,0.0006103515625,0.013973360881209373,0.0673523098230362
0.746,0.04050067067146301,0.00030517578125,0.01408402156084776,0.06830178946256638
0.7464999999999999,0.04050029441714287,-0.00030517578125,0.01412216667085886,0.06782868504524231
0.7470000000000001,0.04050053656101227,0.00030517578125,0.014287823811173439,0.06723637878894806
0.7475,0.04050060361623764,0.00030517578125,0.01377114374190569,0.06680284440517426
0.748,0.04050032049417496,0.00030517578125,0.013920045457780361,0.06701410561800003
0.7484999999999999,0.04050030559301376,0.0,0.013843578286468983,0.06757519394159317
0.7490000000000001,0.04050043597817421,0.00030517578125,0.013989432714879513,0.06752002984285355
0.7495,0.04050038009881973,0.0,0.01392160914838314,0.06791678816080093
0.75,0.04050031304359436,0.00030517578125,0.013583196327090263,0.06787369400262833
0.7505,0.040500491857528687,0.00030517578125,0.014119413681328297,0.06793579459190369
0.7509999999999999,0.04050047695636749,0.00030517578125,0.013786925934255123,0.06762229651212692
0.7515000000000001,0.04050052538514137,0.00030517578125,0.013784658163785934,0.06741729378700256
0.752,0.04050038382411003,0.00030517578125,0.013880803249776363,0.06764758378267288
0.7525,0.04050055891275406,0.00030517578125,0.013730174861848354,0.06798679381608963
0.7529999999999999,0.04050036147236824,0.0,0.014037072658538818,0.0680604949593544
0.7535000000000001,0.04050024598836899,0.0,0.013616165146231651,0.06778796762228012
0.754,0.04050065577030182,0.0006103515625,0.01400318369269371,0.0679679736495018
0.7545,0.04050053656101227,0.00030517578125,0.014188001863658428,0.06771484017372131
0.7549999999999999,0.04050051420927048,0.0006103515625,0.013784296810626984,0.06701785326004028
0.7555000000000001,0.04050048813223839,0.0006103515625,0.013936364091932774,0.06744123250246048
0.756,0.040500469505786896,0.00030517578125,0.014088716357946396,0.06803958117961884
0.7565,0.04050043597817421,0.001220703125,0.013779915869235992,0.06793729215860367
0.7569999999999999,0.04050060361623764,0.0006103515625,0.013862524181604385,0.06716430187225342
0.7575000000000001,0.040500469505786896,0.0,0.013775821775197983,0.06749888509511948
0.758,0.04050062596797943,0.00030517578125,0.013735073618590832,0.06763477623462677
0.7585,0.04050047695636749,0.0,0.013553246855735779,0.06773567199707031
0.7589999999999999,0.04050047695636749,0.0,0.013657859526574612,0.06756458431482315
0.7595000000000001,0.04050055518746376,0.0006103515625,0.013798821717500687,0.0674775093793869
0.76,0.040500469505786896,0.0,0.01326898392289877,0.06803051382303238
0.7605,0.04050051048398018,0.00091552734375,0.014025582000613213,0.06774864345788956
0.7609999999999999,0.040500614792108536,0.00030517578125,0.013571745716035366,0.0670783743262291
0.7615000000000001,0.04050058126449585,-0.00030517578125,0.013733699917793274,0.06714638322591782
0.762,0.04050036519765854,0.00030517578125,0.014011337421834469,0.06732833385467529
0.7625,0.04050033167004585,0.0,0.013801924884319305,0.06793731451034546
0.7629999999999999,0.0405007041990757,0.0006103515625,0.013790869154036045,0.06680746376514435
0.7635000000000001,0.04050048440694809,0.00030517578125,0.013470539823174477,0.06673330813646317
0.764,0.04050062596797943,-0.00030517578125,0.013756518252193928,0.06757930666208267
0.7645,0.04050068557262421,0.00030517578125,0.014129496179521084,0.06689687818288803
0.7649999999999999,0.04050039127469063,0.00030517578125,0.01355354581028223,0.0668562576174736
0.7655000000000001,0.040500618517398834,0.00030517578125,0.013060428202152252,0.06703537702560425
0.766,0.04050017520785332,0.0,0.01353787537664175,0.06742336601018906
0.7665,0.04050055518746376,-0.00030517578125,0.01371941901743412,0.06720796227455139
0.7669999999999999,0.04050043970346451,0.00030517578125,0.013535529375076294,0.0671454444527626
0.7675000000000001,0.04050058126449585,0.0006103515625,0.013743337243795395,0.06716602295637131
0.768,0.04050050303339958,0.00030517578125,0.013704927638173103,0.06814415752887726
0.7685,0.0405004546046257,0.0,0.013884070329368114,0.06674551218748093
0.7689999999999999,0.04050061106681824,0.0,0.01316318940371275,0.0669618472456932
0.7695000000000001,0.040500469505786896,0.00030517578125,0.013763452880084515,0.06729044765233994
0.77,0.040500398725271225,0.00030517578125,0.013467458076775074,0.06725665181875229
0.7705,0.04050036519765854,0.0,0.013665297068655491,0.06687656790018082
0.7709999999999999,0.04050054773688316,0.00030517578125,0.01359006017446518,0.06744470447301865
0.7715000000000001,0.040500372648239136,0.00030517578125,0.013393147848546505,0.0681011900305748
0.772,0.04050039127469063,0.0,0.01357268262654543,0.06657342612743378
0.7725,0.04050065577030182,0.0,0.013446650467813015,0.06735443323850632
0.7729999999999999,0.04050059616565704,0.00091552734375,0.01400336716324091,0.06839317828416824
0.7735000000000001,0.04050035402178764,0.00030517578125,0.013314611278474331,0.06763483583927155
0.774,0.04050053656101227,0.00030517578125,0.01367317046970129,0.06741658598184586
0.7745,0.04050057753920555,0.0,0.013646257109940052,0.06765063852071762
0.7749999999999999,0.040500301867723465,0.0,0.01331654004752636,0.06767313182353973
0.7755000000000001,0.04050012677907944,0.0006103515625,0.013386160135269165,0.06779161095619202
0.776,0.040500372648239136,0.00030517578125,0.013669718988239765,0.06681991368532181
0.7765,0.040500398725271225,0.00030517578125,0.013665352016687393,0.06883866339921951
0.7769999999999999,0.04050023853778839,0.0,0.013714038766920567,0.06759566068649292
0.7775000000000001,0.040500521659851074,0.00030517578125,0.013688335195183754,0.06756642460823059
0.778,0.04050051048398018,0.0,0.013423863798379898,0.0672140046954155
0.7785,0.04050035402178764,0.00030517578125,0.013116064481437206,0.06704241782426834
0.7789999999999999,0.040500398725271225,-0.00030517578125,0.013405469246208668,0.06790458410978317
0.7795000000000001,0.04050058126449585,0.00030517578125,0.013742908835411072,0.06768375635147095
0.78,0.04050036147236824,0.0006103515625,0.013591336086392403,0.06783632934093475
0.7805,0.040500007569789886,0.0,0.013884896412491798,0.06737608462572098
0.7809999999999999,0.04050047695636749,0.0,0.013632874935865402,0.06743809580802917
0.7815000000000001,0.040500473231077194,0.0006103515625,0.01330745592713356,0.06764932721853256
0.782,0.04050040617585182,0.0006103515625,0.013820398598909378,0.06737154722213745
0.7825,0.040500521659851074,0.00030517578125,0.013267109170556068,0.06808402389287949
0.7829999999999999,0.04050035774707794,-0.00030517578125,0.01329756435006857,0.06762882322072983
0.7835000000000001,0.04050040245056152,-0.00030517578125,0.013403392396867275,0.06655360758304596
0.784,0.040500346571207047,-0.00030517578125,0.013297571800649166,0.06783994287252426
0.7845,0.04050018638372421,0.0,0.013603114522993565,0.06734582036733627
0.7849999999999999,0.04050065204501152,0.0,0.013317912817001343,0.06804938614368439
0.7855000000000001,0.04050049930810928,-0.00030517578125,0.013527688570320606,0.06810177862644196
0.786,0.04050040990114212,0.0,0.013353165239095688,0.06738459318876266
0.7865,0.04050058498978615,0.0,0.013687165454030037,0.06817765533924103
0.7869999999999999,0.04050035774707794,0.0,0.01341213844716549,0.06762298196554184
0.7875000000000001,0.0405002161860466,0.0,0.01335883978754282,0.06766311079263687
0.788,0.04050050303339958,0.0,0.013693948276340961,0.06668716669082642
0.7885,0.040500469505786896,0.0,0.013323027640581131,0.06730048358440399
0.7889999999999999,0.040500134229660034,0.0,0.013434239663183689,0.06758847832679749
0.7895000000000001,0.04050048813223839,0.0,0.01334907952696085,0.06734249740839005
0.79,0.040500447154045105,-0.00030517578125,0.013293142430484295,0.06831593811511993
0.7905,0.04050028696656227,0.00030517578125,0.013479738496243954,0.06783593446016312
0.7909999999999999,0.04050061106681824,0.0006103515625,0.0134078748524189,0.06718271225690842
0.7915000000000001,0.04050048440694809,0.0006103515625,0.013612104579806328,0.06705386936664581
0.792,0.040500707924366,0.0,0.013656715862452984,0.06747579574584961
0.7925,0.04050047695636749,0.00030517578125,0.013399602845311165,0.06664659082889557
0.7929999999999999,0.04050006717443466,0.00030517578125,0.013465670868754387,0.06677783280611038
0.7935000000000001,0.040500491857528687,0.00030517578125,0.01345860306173563,0.06758850812911987
0.794,0.04050055518746376,0.00030517578125,0.013013403862714767,0.06780599057674408
0.7945,0.040500398725271225,0.00030517578125,0.013561435975134373,0.06792892515659332
0.7949999999999999,0.04050040245056152,0.0006103515625,0.01345906499773264,0.06716566532850266
0.7955000000000001,0.0405004508793354,0.00030517578125,0.013333480805158615,0.06683634221553802
0.796,0.04050050675868988,0.0,0.013329530134797096,0.06753402203321457
0.7965,0.04050052911043167,0.0006103515625,0.013371377252042294,0.06723900139331818
0.7969999999999999,0.04050048440694809,0.00091552734375,0.013166668824851513,0.06703463196754456
0.7975000000000001,0.04050057753920555,0.0,0.013275832869112492,0.06809432059526443
0.798,0.04050061106681824,-0.00030517578125,0.013614612631499767,0.06770647317171097
0.7985,0.040500491857528687,0.00030517578125,0.013070688582956791,0.06669175624847412
0.7989999999999999,0.04050041735172272,0.0006103515625,0.013507205992937088,0.06683456897735596
0.7995000000000001,0.04050062596797943,0.0006103515625,0.013335075229406357,0.06739482283592224
0.8,0.040500544011592865,0.00030517578125,0.013292863965034485,0.06781536340713501
0.8005,0.04050043225288391,0.0006103515625,0.013530762866139412,0.06707435101270676
0.8009999999999999,0.0405004546046257,0.00030517578125,0.013430720195174217,0.06725310534238815
0.8015000000000001,0.04050023853778839,0.00030517578125,0.013551769778132439,0.06738807260990143
0.802,0.04050038009881973,0.0,0.013419869355857372,0.06747123599052429
0.8025,0.04050038382411003,0.00030517578125,0.013282832689583302,0.06799523532390594
0.8029999999999999,0.04050051420927048,0.00030517578125,0.013490539975464344,0.06732312589883804
0.8035000000000001,0.04050071910023689,0.00030517578125,0.013590162619948387,0.0679226964712143
0.804,0.04050012677907944,0.00030517578125,0.013081055134534836,0.06762591004371643
0.8045,0.040500860661268234,0.00030517578125,0.013614853844046593,0.066900834441185
0.8049999999999999,0.04050082713365555,0.0,0.013350815512239933,0.06832505762577057
0.8055000000000001,0.0405002161860466,0.00030517578125,0.013256072998046875,0.06760942935943604
0.806,0.04050040245056152,0.0006103515625,0.01366952434182167,0.0671616792678833
0.8065,0.040500521659851074,-0.00030517578125,0.013458536937832832,0.0665913000702858
0.8069999999999999,0.04050049930810928,0.0,0.01363272126764059,0.06727883964776993
0.8075000000000001,0.040500253438949585,0.0,0.012989295646548271,0.0675080344080925
0.808,0.040500495582818985,0.00030517578125,0.013271871954202652,0.06697563081979752
0.8085,0.04050050303339958,0.00091552734375,0.013643985614180565,0.06751906871795654
0.8089999999999999,0.04050055518746376,0.0006103515625,0.01284690573811531,0.06719187647104263
0.8095000000000001,0.04050040245056152,0.0,0.01334678940474987,0.06716232001781464
0.81,0.040500521659851074,0.00030517578125,0.013734676875174046,0.0672171488404274
0.8105,0.040500372648239136,-0.00030517578125,0.013703231699764729,0.06723443418741226
0.8109999999999999,0.040500156581401825,0.00030517578125,0.013334020972251892,0.06711328774690628
0.8115000000000001,0.04050042852759361,0.0,0.013685991987586021,0.06729425489902496
0.812,0.040500491857528687,0.00030517578125,0.01361336000263691,0.0666269063949585
0.8125,0.0405004620552063,0.00030517578125,0.013120641931891441,0.06724280118942261
0.813,0.04050055891275406,-0.00030517578125,0.013623437844216824,0.0678698793053627
0.8134999999999999,0.04050018638372421,0.00030517578125,0.013621914200484753,0.06812641024589539
0.8140000000000001,0.04050051048398018,0.00091552734375,0.013724143616855145,0.06706558912992477
0.8145,0.04050043225288391,0.0006103515625,0.013341776095330715,0.06771500408649445
0.815,0.04050032049417496,0.00030517578125,0.013426993042230606,0.06680244207382202
0.8154999999999999,0.04050054773688316,0.0006103515625,0.013334300369024277,0.0670190081000328
0.8160000000000001,0.040500421077013016,0.0,0.013390953652560711,0.06752078235149384
0.8165,0.04050038382411003,0.00030517578125,0.013407763093709946,0.06798414885997772
0.817,0.04050068557262421,0.0006103515625,0.013657370582222939,0.06840567290782928
0.8174999999999999,0.040500346571207047,0.00030517578125,0.013303213752806187,0.06692497432231903
0.8180000000000001,0.04050057753920555,0.00030517578125,0.013181554153561592,0.06760619580745697
0.8185,0.040500618517398834,0.00030517578125,0.013379490934312344,0.06818467378616333
0.819,0.04050026088953018,0.00030517578125,0.013656728900969028,0.0665699914097786
0.8194999999999999,0.040500517934560776,0.00030517578125,0.01327573787420988,0.06772037595510483
0.8200000000000001,0.0405004546046257,0.00030517578125,0.013577401638031006,0.06735852360725403
0.8205,0.04050052538514137,0.0006103515625,0.013760427013039589,0.06803585588932037
0.821,0.04050034284591675,0.00030517578125,0.013101763091981411,0.06759441643953323
0.8214999999999999,0.04050077870488167,-0.00030517578125,0.013732893392443657,0.06730552017688751
0.8220000000000001,0.04050058498978615,0.00030517578125,0.013424144126474857,0.06805406510829926
0.8225,0.04050038754940033,0.0006103515625,0.013621916063129902,0.06739083677530289
0.823,0.0405004620552063,0.00030517578125,0.013228063471615314,0.06656299531459808
0.8234999999999999,0.04050038754940033,0.00030517578125,0.013808286748826504,0.06680945307016373
0.8240000000000001,0.040500458329916,-0.00030517578125,0.012913414277136326,0.06743080914020538
0.8245,0.04050043225288391,0.00030517578125,0.013267569243907928,0.0671621635556221
0.825,0.04050028324127197,0.0,0.013336212374269962,0.0670405924320221
0.8254999999999999,0.040500614792108536,0.0,0.012930065393447876,0.06766385585069656
0.8260000000000001,0.040500424802303314,0.0,0.01369387749582529,0.06816353648900986
0.8265,0.04050068184733391,0.00030517578125,0.013108557090163231,0.06725791096687317
0.827,0.040500279515981674,0.0,0.013521858491003513,0.06712523847818375
0.8274999999999999,0.04050030559301376,0.00030517578125,0.013517598621547222,0.06712383776903152
0.8280000000000001,0.04050052538514137,0.0,0.013159693218767643,0.06790249794721603
0.8285,0.04050058498978615,0.0006103515625,0.013526320457458496,0.06747540831565857
0.829,0.0405004508793354,0.00030517578125,0.01343977265059948,0.06719794124364853
0.8294999999999999,0.04050033167004585,0.0006103515625,0.013447356410324574,0.06718102842569351
0.8300000000000001,0.040500424802303314,0.00030517578125,0.01314439345151186,0.06740039587020874
0.8305,0.04050065949559212,-0.00030517578125,0.013303643092513084,0.06778376549482346
0.831,0.040500298142433167,0.00030517578125,0.013271666131913662,0.0667879581451416
0.8314999999999999,0.040500298142433167,0.0006103515625,0.013405058532953262,0.06697020679712296
0.8320000000000001,0.04050062969326973,0.0,0.013173535466194153,0.06817830353975296
0.8325,0.040500324219465256,0.00030517578125,0.013283221051096916,0.06701010465621948
0.833,0.040500495582818985,-0.00030517578125,0.013457202352583408,0.06737887859344482
0.8334999999999999,0.0405004620552063,0.0,0.013141239993274212,0.06747137755155563
0.8340000000000001,0.0405004546046257,0.0006103515625,0.013350949622690678,0.06778068840503693
0.8345,0.04050027206540108,0.00030517578125,0.012947116047143936,0.06792084127664566
0.835,0.040500517934560776,-0.00030517578125,0.012960691936314106,0.0674201026558876
0.8354999999999999,0.040500421077013016,-0.00030517578125,0.013632984831929207,0.06807694584131241
0.8360000000000001,0.04050041735172272,0.00030517578125,0.01324500422924757,0.06740803271532059
0.8365,0.04050036892294884,0.00030517578125,0.012801115401089191,0.06767868995666504
0.837,0.0405004620552063,0.0,0.013861537910997868,0.06794418394565582
0.8374999999999999,0.04050064831972122,0.0,0.013379279524087906,0.06745961308479309
0.8380000000000001,0.04050041735172272,0.00030517578125,0.013317456468939781,0.06848786771297455
0.8385,0.04050033167004585,0.00030517578125,0.013358993455767632,0.06783899664878845
0.839,0.04050028696656227,0.0,0.013424215838313103,0.06762711703777313
0.8394999999999999,0.04050048813223839,0.00030517578125,0.012826457619667053,0.0686735212802887
0.8400000000000001,0.04050048440694809,0.0,0.013049524277448654,0.0673687756061554
0.8405,0.04050068184733391,0.0006103515625,0.01333053968846798,0.06788500398397446
0.841,0.04050049930810928,-0.00030517578125,0.01331794261932373,0.06793353706598282
0.8414999999999999,0.04050040617585182,0.00030517578125,0.013225718401372433,0.06744407117366791
0.8420000000000001,0.040500205010175705,0.00030517578125,0.013691697269678116,0.0676959976553917
0.8425,0.04050048440694809,0.0,0.013198710978031158,0.06798778474330902
0.843,0.04050043597817421,0.00030517578125,0.013210324570536613,0.06810261309146881
0.8434999999999999,0.04050040990114212,0.00030517578125,0.013287873938679695,0.06741727888584137
0.8440000000000001,0.040500447154045105,0.0006103515625,0.013712018728256226,0.06704624742269516
0.8445,0.0405004508793354,0.00030517578125,0.013244044966995716,0.06710339337587357
0.845,0.04050032049417496,0.0006103515625,0.01356248278170824,0.06789202243089676
0.8454999999999999,0.04050040617585182,0.0,0.01338107418268919,0.06730527430772781
0.8460000000000001,0.04050030931830406,-0.00030517578125,0.01366890873759985,0.06717118620872498
0.8465,0.04050060361623764,0.0,0.013224567286670208,0.06717997044324875
0.847,0.04050035774707794,-0.00030517578125,0.013154422864317894,0.06772388517856598
0.8474999999999999,0.04050059989094734,0.0,0.01359971147030592,0.06793259084224701
0.8480000000000001,0.04050058871507645,0.0006103515625,0.01326380018144846,0.06738997995853424
0.8485,0.04050052538514137,0.0,0.013605744577944279,0.06731972843408585
0.849,0.04050019383430481,0.0,0.013148904778063297,0.06734710186719894
0.8494999999999999,0.0405002199113369,-0.00030517578125,0.014020558446645737,0.0659380853176117
0.8500000000000001,0.04050026461482048,0.0,0.013381954282522202,0.06639212369918823
0.8505,0.040500346571207047,-0.00030517578125,0.013448119163513184,0.0676845833659172
0.851,0.04050043225288391,-0.00030517578125,0.01320607215166092,0.06698514521121979
0.8514999999999999,0.04050049930810928,-0.00030517578125,0.013158186338841915,0.066918283700943
0.8520000000000001,0.04050060361623764,0.0,0.013325462117791176,0.06773333996534348
0.8525,0.0405004546046257,0.0006103515625,0.013223025016486645,0.06744706630706787
0.853,0.04050043970346451,0.00091552734375,0.01343010924756527,0.06746950000524521
0.8534999999999999,0.04050053656101227,0.00030517578125,0.013169363141059875,0.06702941656112671
0.8540000000000001,0.040500540286302567,0.0006103515625,0.013484175316989422,0.0668533444404602
0.8545,0.04050056263804436,0.0,0.013567357324063778,0.06761131435632706
0.855,0.04050035402178764,0.0006103515625,0.013192711398005486,0.06757719814777374
0.8554999999999999,0.04050077870488167,-0.00030517578125,0.013516771607100964,0.0675349161028862
0.8560000000000001,0.04050035774707794,0.00030517578125,0.013626743108034134,0.0673428401350975
0.8565,0.040500540286302567,0.00030517578125,0.013293961994349957,0.06771071255207062
0.857,0.040500298142433167,-0.00091552734375,0.013408767059445381,0.06686326861381531
0.8574999999999999,0.04050068184733391,0.00030517578125,0.013476787135004997,0.06657519191503525
0.8580000000000001,0.04050053656101227,0.0,0.01333441399037838,0.0676356628537178
0.8585,0.040500491857528687,0.00030517578125,0.012832628563046455,0.06753785163164139
0.859,0.04050055146217346,0.0,0.013759026303887367,0.06766421347856522
0.8594999999999999,0.04050053656101227,0.00030517578125,0.013130849227309227,0.06770005077123642
0.8600000000000001,0.04050051048398018,0.0006103515625,0.013233370147645473,0.0679483711719513
0.8605,0.04050041735172272,0.0,0.013409966602921486,0.06750274449586868
0.861,0.04050059989094734,0.00030517578125,0.013500492088496685,0.06797332316637039
0.8614999999999999,0.0405004620552063,0.0,0.012999766506254673,0.06793177872896194
0.8620000000000001,0.04050041735172272,0.0,0.013519790954887867,0.0678323358297348
0.8625,0.04050056263804436,-0.00030517578125,0.013772322796285152,0.06810829043388367
0.863,0.04050019383430481,0.00030517578125,0.013102334924042225,0.06663120537996292
0.8634999999999999,0.04050055146217346,0.0006103515625,0.013836758211255074,0.0675167515873909
0.8640000000000001,0.04050068184733391,0.00030517578125,0.012956399470567703,0.06846161186695099
0.8645,0.04050030931830406,0.00030517578125,0.013209697790443897,0.06764191389083862
0.865,0.04050055146217346,0.00030517578125,0.013262053020298481,0.0683751180768013
0.8654999999999999,0.04050055518746376,0.00030517578125,0.013224656693637371,0.06771285086870193
0.8660000000000001,0.040500376373529434,0.00030517578125,0.013357904739677906,0.06776060909032822
0.8665,0.040500376373529434,0.0,0.013508199714124203,0.06791596859693527
0.867,0.04050067439675331,0.0,0.013306855224072933,0.06712609529495239
0.8674999999999999,0.040500473231077194,0.0006103515625,0.013428227044641972,0.06780093908309937
0.8680000000000001,0.040500372648239136,0.0006103515625,0.013221907429397106,0.06748927384614944
0.8685,0.0405004657804966,-0.00030517578125,0.01291682105511427,0.06738004833459854
0.869,0.04050024226307869,-0.00030517578125,0.013617100194096565,0.06779235601425171
0.8694999999999999,0.04050057753920555,0.0,0.013084807433187962,0.06674624979496002
0.8700000000000001,0.04050065949559212,0.0006103515625,0.013363092206418514,0.06792114675045013
0.8705,0.0405004546046257,0.00030517578125,0.0132272494956851,0.06714864075183868
0.871,0.04050064459443092,0.0006103515625,0.0131231639534235,0.06720124185085297
0.8714999999999999,0.040500398725271225,0.0,0.01318345870822668,0.06719978898763657
0.8720000000000001,0.04050060361623764,0.00030517578125,0.012968766503036022,0.06700046360492706
0.8725,0.040500495582818985,0.00030517578125,0.013563291169703007,0.06743443012237549
0.873,0.04050033167004585,0.0,0.01377053465694189,0.06730064749717712
0.8734999999999999,0.040500592440366745,0.0,0.013250233605504036,0.0680149644613266
0.8740000000000001,0.04050041735172272,0.00030517578125,0.012991088442504406,0.06747755408287048
0.8745,0.04050067067146301,0.00030517578125,0.013221735134720802,0.06769421696662903
0.875,0.040500424802303314,0.00030517578125,0.013241687789559364,0.06737987697124481
0.8755,0.040500421077013016,0.0006103515625,0.013082899153232574,0.06751552224159241
0.8759999999999999,0.04050041735172272,0.00030517578125,0.013187303207814693,0.06751328706741333
0.8765000000000001,0.04050043970346451,0.00030517578125,0.013205640949308872,0.06634701043367386
0.877,0.04050058498978615,0.00030517578125,0.01279405876994133,0.0678272694349289
0.8775,0.04050036147236824,0.0,0.012939984910190105,0.06803309917449951
0.8779999999999999,0.040500443428754807,0.0006103515625,0.01342397928237915,0.0681631937623024
0.8785000000000001,0.040500156581401825,0.0006103515625,0.01310537476092577,0.06781835854053497
0.879,0.04050043970346451,0.00030517578125,0.013037486933171749,0.06790599972009659
0.8795,0.04050048440694809,0.0,0.012901172041893005,0.0675935372710228
0.8799999999999999,0.04050023853778839,0.0,0.013131750747561455,0.06652135401964188
0.8805000000000001,0.04050055891275406,-0.00030517578125,0.013394792564213276,0.06704002618789673
0.881,0.04050036147236824,0.00030517578125,0.013157680630683899,0.06780170649290085
0.8815,0.04050040245056152,0.0006103515625,0.01344718411564827,0.0675094798207283
0.8819999999999999,0.04050053283572197,-0.00030517578125,0.012958979234099388,0.06690329313278198
0.8825000000000001,0.040500469505786896,0.00091552734375,0.013286055065691471,0.06768996268510818
0.883,0.04050031676888466,0.00030517578125,0.013341732323169708,0.06732157617807388
0.8835,0.04050025716423988,0.0006103515625,0.012921676971018314,0.06656204909086227
0.8839999999999999,0.04050043225288391,0.00030517578125,0.01307546254247427,0.06704126298427582
0.8845000000000001,0.040500566363334656,0.0006103515625,0.013531151227653027,0.0677083432674408
0.885,0.04050023481249809,0.0,0.013071199879050255,0.06770435720682144
0.8855,0.04050026834011078,0.0,0.013055910356342793,0.06697167456150055
0.8859999999999999,0.040500517934560776,0.00030517578125,0.013434993103146553,0.06678511947393417
0.8865000000000001,0.04050028696656227,-0.00030517578125,0.013088833540678024,0.06752095371484756
0.887,0.04050028696656227,0.00030517578125,0.013529789634048939,0.06743141263723373
0.8875,0.04050040245056152,-0.00030517578125,0.01316570769995451,0.06691744923591614
0.8879999999999999,0.04050062969326973,0.00030517578125,0.013297634199261665,0.06719565391540527
0.8885000000000001,0.04050026461482048,0.0,0.01303830835968256,0.06774073839187622
0.889,0.04050055146217346,0.0,0.013218886218965054,0.06704733520746231
0.8895,0.04050056263804436,0.0006103515625,0.013531043194234371,0.06639762222766876
0.8899999999999999,0.040500372648239136,0.0006103515625,0.013304678723216057,0.06737526506185532
0.8905000000000001,0.04050043970346451,0.0,0.012874900363385677,0.0675881952047348
0.891,0.040500495582818985,0.0006103515625,0.013300099410116673,0.06730122864246368
0.8915,0.04050043597817421,0.0006103515625,0.013237161561846733,0.0669136792421341
0.8919999999999999,0.040500469505786896,0.00030517578125,0.0131648238748312,0.06828725337982178
0.8925000000000001,0.040500298142433167,0.0006103515625,0.013268223032355309,0.06737753748893738
0.893,0.04050067439675331,0.0,0.013330289162695408,0.0673503577709198
0.8935,0.04050036519765854,0.00030517578125,0.013079931028187275,0.06751546263694763
0.8939999999999999,0.040500324219465256,0.0006103515625,0.012980785220861435,0.0675988718867302
0.8945000000000001,0.0405004546046257,-0.00030517578125,0.013245423324406147,0.06729735434055328
0.895,0.040500350296497345,0.00030517578125,0.013353277929127216,0.06645563244819641
0.8955,0.04050036519765854,0.00030517578125,0.013166897930204868,0.06725487112998962
0.8959999999999999,0.04050038754940033,0.0,0.01326457504183054,0.06804229319095612
0.8965000000000001,0.04050057381391525,0.0006103515625,0.013444214127957821,0.06724993884563446
0.897,0.04050038009881973,0.0,0.012982740998268127,0.06721018254756927
0.8975,0.04050055518746376,0.00030517578125,0.013133344240486622,0.06761464476585388
0.8979999999999999,0.04050043597817421,0.0,0.013402068987488747,0.06829079240560532
0.8985000000000001,0.04050055518746376,-0.00030517578125,0.013184953480958939,0.06727961450815201
0.899,0.0405004546046257,0.0,0.013238358311355114,0.06738238036632538
0.8995,0.04050030559301376,0.00030517578125,0.013207043521106243,0.06791147589683533
0.8999999999999999,0.04050035402178764,0.00091552734375,0.013147012330591679,0.06775745004415512
0.9005000000000001,0.040500447154045105,0.0,0.013166640885174274,0.06749436259269714
0.901,0.0405004508793354,0.0,0.01312315370887518,0.06723028421401978
0.9015,0.04050059616565704,0.00030517578125,0.013884086161851883,0.06813830882310867
0.9019999999999999,0.04050031676888466,0.00030517578125,0.012964370660483837,0.06739021837711334
0.9025000000000001,0.04050050303339958,0.00030517578125,0.013332301750779152,0.06771982461214066
0.903,0.04050065577030182,0.00030517578125,0.013284522108733654,0.06757915765047073
0.9035,0.04050033912062645,0.0006103515625,0.013116867281496525,0.06772428750991821
0.9039999999999999,0.04050038382411003,0.0,0.013208109885454178,0.06804025173187256
0.9045000000000001,0.040500592440366745,0.0006103515625,0.013558149337768555,0.0675709918141365
0.905,0.04050056263804436,0.0,0.013641690835356712,0.0677831694483757
0.9055,0.040500201284885406,0.00030517578125,0.012916660867631435,0.06735033541917801
0.9059999999999999,0.04050036892294884,0.00091552734375,0.013646597974002361,0.06744295358657837
0.9065000000000001,0.040500618517398834,0.0,0.013370567001402378,0.06712033599615097
0.907,0.040500350296497345,-0.00030517578125,0.013409632258117199,0.0673208013176918
0.9075,0.04050014540553093,0.00030517578125,0.013205254450440407,0.06778673827648163
0.9079999999999999,0.040500711649656296,0.00030517578125,0.013371890410780907,0.06706541031599045
0.9085000000000001,0.040500398725271225,0.00091552734375,0.013131701387465,0.06687892228364944
0.909,0.04050026088953018,-0.00030517578125,0.013395773246884346,0.06727264821529388
0.9095,0.04050055891275406,0.0006103515625,0.013681961223483086,0.06705496460199356
0.9099999999999999,0.040500495582818985,0.0006103515625,0.013418481685221195,0.06698472052812576
0.9105000000000001,0.04050060361623764,0.00030517578125,0.013262348249554634,0.06698307394981384
0.911,0.040500108152627945,0.00030517578125,0.013220814056694508,0.0675128847360611
0.9115,0.04050052538514137,0.0,0.01333940401673317,0.06735841184854507
0.9119999999999999,0.04050042852759361,0.0,0.013029174879193306,0.06750054657459259
0.9125000000000001,0.04050030931830406,0.0006103515625,0.013598899357020855,0.06724957376718521
0.913,0.040500689297914505,0.00030517578125,0.013452266342937946,0.06818760931491852
0.9135,0.04050040245056152,0.0,0.01328305248171091,0.0673489049077034
0.9139999999999999,0.04050043597817421,0.00030517578125,0.013173086568713188,0.06726463884115219
0.9145000000000001,0.04050040990114212,0.0,0.013046713545918465,0.06752220541238785
0.915,0.04050075635313988,0.00030517578125,0.013092719949781895,0.06751168519258499
0.9155,0.040500443428754807,0.0006103515625,0.013282840140163898,0.06698725372552872
0.9159999999999999,0.040500544011592865,-0.00030517578125,0.012826747260987759,0.06700912863016129
0.9165000000000001,0.04050051048398018,0.0,0.013328498229384422,0.06773941218852997
0.917,0.0405004620552063,0.0,0.012820134870707989,0.06770520657300949
0.9175,0.04050062596797943,0.0,0.013131784275174141,0.06740245223045349
0.9179999999999999,0.04050055146217346,0.00091552734375,0.01273072324693203,0.06723719090223312
0.9185000000000001,0.0405007004737854,0.0,0.013272099196910858,0.06721895188093185
0.919,0.0405004508793354,0.00030517578125,0.013342997059226036,0.06815070658922195
0.9195,0.040500517934560776,0.0,0.01320574525743723,0.06734433770179749
0.9199999999999999,0.04050047695636749,0.0006103515625,0.013335773721337318,0.06754553318023682
0.9205000000000001,0.040500398725271225,0.0,0.013046537525951862,0.06722727417945862
0.921,0.040500458329916,0.0006103515625,0.013189561665058136,0.06710517406463623
0.9215,0.04050048440694809,0.00030517578125,0.013082809746265411,0.06742305308580399
0.9219999999999999,0.04050041362643242,0.0006103515625,0.013253388926386833,0.06688927859067917
0.9225000000000001,0.04050035774707794,-0.0006103515625,0.012779803946614265,0.06869775801897049
0.923,0.04050047695636749,-0.00030517578125,0.013219404965639114,0.06687814742326736
0.9235,0.040500372648239136,0.0,0.012965133413672447,0.06621579080820084
0.9239999999999999,0.04050029441714287,0.00091552734375,0.013284163549542427,0.06740401685237885
0.9245000000000001,0.04050036147236824,0.0,0.012961512431502342,0.06715541332960129
0.925,0.040500421077013016,0.00030517578125,0.013407005928456783,0.06743490695953369
0.9255,0.0405004657804966,0.00030517578125,0.013350469060242176,0.06742863357067108
0.9259999999999999,0.04050061106681824,0.00030517578125,0.012973690405488014,0.06808920949697495
0.9265000000000001,0.040500666946172714,0.0006103515625,0.013598855584859848,0.06856274604797363
0.927,0.04050058871507645,-0.00030517578125,0.013145137578248978,0.0675332099199295
0.9275,0.04050051420927048,0.00030517578125,0.013014912605285645,0.06770269572734833
0.9279999999999999,0.04050055891275406,0.00030517578125,0.013548357412219048,0.06780920177698135
0.9285000000000001,0.04050052538514137,-0.00030517578125,0.01350343320518732,0.06717170029878616
0.929,0.040500253438949585,-0.0006103515625,0.012836932204663754,0.06654968112707138
0.9295,0.040500570088624954,0.0,0.01323340367525816,0.0668754056096077
0.9299999999999999,0.04050074517726898,0.0,0.013033631257712841,0.0678546354174614
0.9305000000000001,0.0405002124607563,0.0,0.01318935677409172,0.06750351935625076
0.931,0.040500298142433167,-0.00030517578125,0.013502221554517746,0.06681148707866669
0.9315,0.040500394999980927,0.00030517578125,0.013057475909590721,0.06733839213848114
0.9319999999999999,0.040500346571207047,0.00030517578125,0.013617000542581081,0.06794087588787079
0.9325000000000001,0.04050041362643242,0.00030517578125,0.013188370503485203,0.06674610823392868
0.933,0.0405004546046257,-0.00030517578125,0.013031043112277985,0.06760862469673157
0.9335,0.0405006930232048,0.00030517578125,0.013539600186049938,0.067575603723526
0.9339999999999999,0.04050033167004585,0.0,0.013266553170979023,0.06819946318864822
0.9345000000000001,0.04050033539533615,0.00030517578125,0.012986928224563599,0.06699609011411667
0.935,0.040500521659851074,0.0006103515625,0.013265335932374,0.06781437993049622
0.9355,0.040500327944755554,0.0,0.01318881381303072,0.06760923564434052
0.9359999999999999,0.0405004508793354,0.0,0.013272386975586414,0.06755193322896957
0.9365000000000001,0.04050050303339958,0.00030517578125,0.013316988945007324,0.06800570338964462
0.937,0.040500424802303314,0.00030517578125,0.013161544688045979,0.0674462839961052
0.9375,0.04050026461482048,0.0,0.013307005167007446,0.06797398626804352
0.938,0.04050019755959511,0.0006103515625,0.01296412292867899,0.06725815683603287
0.9384999999999999,0.04050028696656227,0.00030517578125,0.013148200698196888,0.06725337356328964
0.9390000000000001,0.04050043225288391,0.00030517578125,0.013216845691204071,0.06780454516410828
0.9395,0.04050028696656227,-0.00030517578125,0.012557531706988811,0.06783168762922287
0.94,0.04050047695636749,0.00030517578125,0.01312373299151659,0.06784168630838394
0.9404999999999999,0.04050057381391525,0.0006103515625,0.01336572878062725,0.06745832413434982
0.9410000000000001,0.04050036147236824,0.0006103515625,0.013307567685842514,0.06754156202077866
0.9415,0.040500350296497345,0.00030517578125,0.013078571297228336,0.06811925768852234
0.942,0.040500521659851074,0.00030517578125,0.013081374578177929,0.06685841083526611
0.9424999999999999,0.04050052538514137,0.0,0.013236891478300095,0.06753822416067123
0.9430000000000001,0.04050051420927048,0.0006103515625,0.013151663355529308,0.06766247749328613
0.9435,0.0405004657804966,0.00030517578125,0.013303784653544426,0.06791184842586517
0.944,0.040500421077013016,0.0,0.013242878951132298,0.06760585308074951
0.9444999999999999,0.040500570088624954,0.00091552734375,0.013379771262407303,0.06708957254886627
0.9450000000000001,0.04050053656101227,0.00030517578125,0.013337749987840652,0.06772907823324203
0.9455,0.04050058498978615,0.0006103515625,0.013439910486340523,0.06724925339221954
0.946,0.04050060361623764,0.00030517578125,0.013082736171782017,0.0669788122177124
0.9464999999999999,0.040500447154045105,0.00030517578125,0.013491249643266201,0.06823147088289261
0.9470000000000001,0.040500707924366,0.0006103515625,0.013486585579812527,0.06791138648986816
0.9475,0.04050041362643242,0.0,0.013177898712456226,0.06756603717803955
0.948,0.04050035402178764,0.00030517578125,0.013440175913274288,0.06655116379261017
0.9484999999999999,0.04050071910023689,0.0,0.013448493555188179,0.06721320748329163
0.9490000000000001,0.04050035402178764,0.0006103515625,0.013226167298853397,0.06777433305978775
0.9495,0.040500614792108536,0.0006103515625,0.013276923447847366,0.06771982461214066
0.95,0.04050054773688316,-0.00030517578125,0.013123595155775547,0.06768327206373215
0.9504999999999999,0.04050033539533615,0.0,0.013208229094743729,0.06733787804841995
0.9510000000000001,0.04050043225288391,0.00030517578125,0.01338194403797388,0.0672188326716423
0.9515,0.04050031304359436,0.0,0.013327060267329216,0.06675930321216583
0.952,0.040500592440366745,0.0,0.013228165917098522,0.06772180646657944
0.9524999999999999,0.040500346571207047,0.0006103515625,0.013282679952681065,0.06760136038064957
0.9530000000000001,0.04050062224268913,0.00030517578125,0.013084146194159985,0.06721681356430054
0.9535,0.04050059616565704,0.00030517578125,0.013109653256833553,0.0685025155544281
0.954,0.04050013795495033,0.00030517578125,0.013021323829889297,0.0675530880689621
0.9544999999999999,0.040500350296497345,0.00030517578125,0.013013812713325024,0.06721542775630951
0.9550000000000001,0.04050040617585182,0.00030517578125,0.013168859295547009,0.06717339903116226
0.9555,0.040500614792108536,0.00030517578125,0.013110646978020668,0.06732891499996185
0.956,0.04050019383430481,-0.00030517578125,0.012593825347721577,0.0674983486533165
0.9564999999999999,0.04050048440694809,0.00030517578125,0.013077386654913425,0.06767392158508301
0.9570000000000001,0.04050043225288391,0.00030517578125,0.012959473766386509,0.0672382190823555
0.9575,0.04050009325146675,0.00030517578125,0.013128966093063354,0.06744611263275146
0.958,0.04050055518746376,0.0,0.013374444097280502,0.06835813820362091
0.9584999999999999,0.04050043597817421,0.0006103515625,0.013153181411325932,0.06807523965835571
0.9590000000000001,0.04050058498978615,0.0006103515625,0.013485141098499298,0.06729329377412796
0.9595,0.040500424802303314,0.00030517578125,0.01342905592173338,0.06818150728940964
0.96,0.040500253438949585,0.0,0.013399839401245117,0.06827513873577118
0.9604999999999999,0.04050063714385033,0.00030517578125,0.012950547970831394,0.06775949895381927
0.9610000000000001,0.040500301867723465,0.00030517578125,0.013414604589343071,0.06741887331008911
0.9615,0.040500346571207047,0.00030517578125,0.013422921299934387,0.06799682229757309
0.962,0.04050048068165779,0.0,0.013412021100521088,0.06735945492982864
0.9624999999999999,0.04050049930810928,0.00030517578125,0.01314761396497488,0.06785587966442108
0.9630000000000001,0.040500376373529434,-0.0006103515625,0.013241355307400227,0.06688189506530762
0.9635,0.04050018638372421,0.0,0.013521269895136356,0.06724261492490768
0.964,0.04050067812204361,0.0006103515625,0.013089990243315697,0.06763753294944763
0.9644999999999999,0.040500424802303314,0.00030517578125,0.013249029405415058,0.0670449286699295
0.9650000000000001,0.040500458329916,0.00030517578125,0.013018419966101646,0.06720694899559021
0.9655,0.04050050675868988,0.0,0.013194452971220016,0.06768445670604706
0.966,0.040500473231077194,0.0006103515625,0.013228715397417545,0.06778880953788757
0.9664999999999999,0.04050032049417496,0.0,0.01280948705971241,0.06735774874687195
0.9670000000000001,0.0405004508793354,0.00030517578125,0.013740877620875835,0.06746621429920197
0.9675,0.04050065949559212,0.0,0.01316879317164421,0.06796840578317642
0.968,0.04050056263804436,0.00091552734375,0.013280953280627728,0.06714029610157013
0.9684999999999999,0.04050042852759361,0.00030517578125,0.01315036229789257,0.06732736527919769
0.9690000000000001,0.04050059989094734,0.0,0.013037169352173805,0.06680750846862793
0.9695,0.040500346571207047,0.00030517578125,0.013060765340924263,0.06715183705091476
0.97,0.040500350296497345,0.00030517578125,0.013113876804709435,0.06692920625209808
0.9704999999999999,0.04050040990114212,0.0,0.013352182693779469,0.06785692274570465
0.9710000000000001,0.04050059616565704,0.0,0.013179246336221695,0.0678163468837738
0.9715,0.040500640869140625,0.0,0.013194900006055832,0.06686574965715408
0.972,0.040500666946172714,0.0,0.013134530745446682,0.06789994984865189
0.9724999999999999,0.040500909090042114,0.00030517578125,0.0134128388017416,0.067755326628685
0.9730000000000001,0.04050034284591675,0.0,0.01286120805889368,0.06756529211997986
0.9735,0.04050052538514137,0.0006103515625,0.013392627239227295,0.06699061393737793
0.974,0.040500760078430176,0.0,0.013279285281896591,0.06766624003648758
0.9744999999999999,0.04050038382411003,0.0,0.013162604533135891,0.06750626116991043
0.9750000000000001,0.04050039127469063,0.0006103515625,0.012993385083973408,0.06694474816322327
0.9755,0.040500327944755554,0.0,0.013099591247737408,0.06716364622116089
0.976,0.0405004657804966,0.0,0.013172633945941925,0.06744008511304855
0.9764999999999999,0.0405004508793354,-0.0006103515625,0.012955037876963615,0.0676434189081192
0.9770000000000001,0.040500521659851074,-0.00030517578125,0.013489135541021824,0.06731611490249634
0.9775,0.04050051048398018,0.0,0.013240124098956585,0.06644685566425323
0.978,0.040500447154045105,0.00030517578125,0.01338358223438263,0.06788671016693115
0.9784999999999999,0.040500249713659286,0.00030517578125,0.012811034917831421,0.06717397272586823
0.9790000000000001,0.040500346571207047,0.00091552734375,0.013101939111948013,0.06766731292009354
0.9795,0.0405004657804966,0.0006103515625,0.013398462906479836,0.06780315935611725
0.98,0.0405004508793354,-0.00030517578125,0.012925961054861546,0.06716087460517883
0.9804999999999999,0.04050039127469063,0.0,0.013215571641921997,0.0680927187204361
0.9810000000000001,0.040500566363334656,0.0006103515625,0.013230348937213421,0.06685126572847366
0.9815,0.04050043225288391,0.00030517578125,0.013160528615117073,0.06771666556596756
0.982,0.04050023853778839,-0.00030517578125,0.013019136153161526,0.0668596476316452
0.9824999999999999,0.04050062596797943,0.0,0.013374115340411663,0.06765559315681458
0.9830000000000001,0.040500469505786896,0.00091552734375,0.013396486639976501,0.06760341674089432
0.9835,0.040500517934560776,0.0,0.013069652952253819,0.06723259389400482
0.984,0.04050054773688316,0.00030517578125,0.013131578452885151,0.06769891083240509
0.9844999999999999,0.04050026834011078,0.0,0.013081196695566177,0.06728474795818329
0.9850000000000001,0.04050055146217346,0.00030517578125,0.013125842437148094,0.0678505077958107
0.9855,0.04050038009881973,0.0,0.013137186877429485,0.06793665885925293
0.986,0.04050059989094734,0.00030517578125,0.013307249173521996,0.0672583132982254
0.9864999999999999,0.04050033539533615,-0.0006103515625,0.01299971155822277,0.06813462823629379
0.9870000000000001,0.04050051420927048,0.0,0.013142534531652927,0.06720711290836334
0.9875,0.040500715374946594,0.00030517578125,0.01345936581492424,0.06717925518751144
0.988,0.04050019010901451,0.0,0.013168280012905598,0.06689795106649399
0.9884999999999999,0.04050052538514137,0.00030517578125,0.012980319559574127,0.06773216277360916
0.9890000000000001,0.04050057381391525,0.0,0.013515342958271503,0.06741272658109665
0.9895,0.04050068184733391,0.00030517578125,0.0130739975720644,0.06740793585777283
0.99,0.04050041362643242,0.00030517578125,0.01282885018736124,0.06714823096990585
0.9904999999999999,0.04050052911043167,-0.00030517578125,0.013107090257108212,0.06759601831436157
0.9910000000000001,0.040500666946172714,0.00030517578125,0.01332989800721407,0.06755822896957397
0.9915,0.040500253438949585,-0.00030517578125,0.013070952147245407,0.06717023253440857
0.992,0.04050048440694809,0.00030517578125,0.013184692710638046,0.06695324927568436
0.9924999999999999,0.040500458329916,0.00030517578125,0.012950886972248554,0.06734184920787811
0.9930000000000001,0.04050047695636749,0.00030517578125,0.012950750067830086,0.06788024306297302
0.9935,0.04050035402178764,-0.00030517578125,0.01303926669061184,0.06744634360074997
0.994,0.040500618517398834,0.0006103515625,0.012946994043886662,0.06746986508369446
0.9944999999999999,0.04050040245056152,0.00030517578125,0.013145764358341694,0.06719042360782623
0.9950000000000001,0.04050043225288391,-0.00030517578125,0.012616095133125782,0.06676629930734634
0.9955,0.04050035402178764,-0.0006103515625,0.012684628367424011,0.0671650618314743
0.996,0.04050053283572197,0.0,0.013252228498458862,0.06751295924186707
0.9964999999999999,0.04050050675868988,0.00030517578125,0.012890877202153206,0.06713598966598511
0.9970000000000001,0.04050033912062645,-0.00030517578125,0.013134784996509552,0.06788267940282822
0.9975,0.040500376373529434,0.0,0.013120416551828384,0.06819265335798264
0.998,0.04050041735172272,0.0006103515625,0.013000033795833588,0.06739338487386703
0.9984999999999999,0.040500424802303314,0.0,0.013479094952344894,0.0673234611749649
0.9990000000000001,0.04050030559301376,0.00030517578125,0.01263593789190054,0.06722605973482132
0.9995,0.04050060734152794,0.00030517578125,0.01332132052630186,0.06796692311763763
1.0,0.040500473231077194,-0.00030517578125,0.013164516538381577,0.0676523819565773
1.0005,0.0405004508793354,0.00030517578125,0.012840447016060352,0.06724702566862106
1.001,0.0405004657804966,0.00030517578125,0.01329070795327425,0.06751374155282974
1.0015,0.040500327944755554,-0.0006103515625,0.013254314661026001,0.06763412058353424
1.002,0.040500298142433167,0.00030517578125,0.012967901304364204,0.06738869100809097
1.0025,0.04050053283572197,0.0,0.013253343291580677,0.06726549565792084
1.003,0.04050055518746376,0.0,0.013221267610788345,0.06756461411714554
1.0035,0.04050057753920555,0.00030517578125,0.012592547573149204,0.06790772080421448
1.004,0.04050051420927048,0.00030517578125,0.013393010944128036,0.0670572817325592
1.0045,0.040500544011592865,0.00030517578125,0.013318749144673347,0.0679902732372284
1.005,0.040500469505786896,0.0,0.013327877968549728,0.06768157333135605
1.0055,0.04050053283572197,0.0,0.013091432861983776,0.06696121394634247
1.006,0.04050051420927048,0.0006103515625,0.013291395269334316,0.06819164007902145
1.0065,0.04050051420927048,0.0006103515625,0.013507675379514694,0.0676826611161232
1.007,0.040500521659851074,0.0006103515625,0.013004557229578495,0.06775639206171036
1.0075,0.040500298142433167,-0.00030517578125,0.013111721724271774,0.06801459193229675
1.008,0.040500521659851074,-0.00030517578125,0.013435499742627144,0.0672052651643753
1.0085,0.04050038009881973,0.0006103515625,0.013104443438351154,0.06727846711874008
1.009,0.040500491857528687,0.00030517578125,0.013357878662645817,0.06706109642982483
1.0095,0.04050040990114212,0.00030517578125,0.013420921750366688,0.06753650307655334
1.01,0.04050039127469063,0.00030517578125,0.012965260073542595,0.06793957948684692
1.0105,0.04050040617585182,0.0006103515625,0.013261704705655575,0.06758591532707214
1.011,0.040500152856111526,0.00091552734375,0.013399632647633553,0.06739386916160583
1.0115,0.04050057381391525,-0.00030517578125,0.013141773641109467,0.06742700189352036
1.012,0.04050035402178764,0.00030517578125,0.01313723810017109,0.06756453216075897
1.0125,0.04050054773688316,0.0,0.013449732214212418,0.0666351392865181
1.013,0.040500424802303314,0.00091552734375,0.012947462499141693,0.06781589239835739
1.0135,0.04050029069185257,0.0,0.013035531155765057,0.06820358335971832
1.014,0.04050031676888466,0.00030517578125,0.013294709846377373,0.0664861649274826
1.0145,0.040500618517398834,0.0006103515625,0.013408704660832882,0.06806620210409164
1.015,0.04050035402178764,0.0,0.013066224753856659,0.06648171693086624
1.0155,0.04050031676888466,0.0006103515625,0.012798478826880455,0.06705938279628754
1.016,0.040500458329916,0.00030517578125,0.012782872654497623,0.06677664816379547
1.0165,0.04050054773688316,0.0,0.012958702631294727,0.06720451265573502
1.017,0.04050043225288391,0.0,0.01326748263090849,0.06674215942621231
1.0175,0.04050040245056152,0.0,0.012838696129620075,0.06695927679538727
1.018,0.040500640869140625,0.0,0.013213411904871464,0.06812064349651337
1.0185,0.040500346571207047,-0.00030517578125,0.013385456055402756,0.06734483689069748
1.019,0.04050054773688316,0.0,0.013001733459532261,0.06710163503885269
1.0195,0.04050062969326973,0.00030517578125,0.012988868169486523,0.06745482981204987
1.02,0.04050049930810928,0.00030517578125,0.01304728351533413,0.06728822737932205
1.0205,0.04050026461482048,0.0006103515625,0.012993883341550827,0.06769990175962448
1.021,0.04050032049417496,0.00030517578125,0.013321231119334698,0.067555733025074
1.0215,0.04050053656101227,0.00030517578125,0.012949188239872456,0.06756187230348587
1.022,0.040500156581401825,0.00030517578125,0.013085170648992062,0.06790224462747574
1.0225,0.04050059616565704,-0.0006103515625,0.012869264930486679,0.06758755445480347
1.023,0.040500447154045105,-0.0006103515625,0.013147776946425438,0.0668136477470398
1.0235,0.04050033167004585,0.0006103515625,0.013113923370838165,0.06777134537696838
1.024,0.04050039127469063,0.0006103515625,0.012977122329175472,0.06786322593688965
1.0245,0.04050040617585182,0.00030517578125,0.01350926049053669,0.06708305329084396
1.025,0.04050035402178764,0.0,0.013011196628212929,0.06780868023633957
1.0255,0.04050038009881973,0.0,0.013380836695432663,0.06763577461242676
1.026,0.040500421077013016,0.0006103515625,0.01294949371367693,0.06735914200544357
1.0265,0.04050081968307495,0.00030517578125,0.013056816533207893,0.06810455769300461
1.027,0.04050048068165779,0.0,0.013282081112265587,0.06786805391311646
1.0275,0.04050030559301376,0.00030517578125,0.0133320651948452,0.06795817613601685
1.028,0.04050043597817421,0.0,0.013001788407564163,0.06737764924764633
1.0285,0.04050041362643242,0.0006103515625,0.013392032124102116,0.06683862209320068
1.029,0.0405004546046257,0.00030517578125,0.01312912255525589,0.06708602607250214
1.0295,0.040500540286302567,0.0,0.013076269067823887,0.06722242385149002
1.03,0.04050050675868988,0.0006103515625,0.0131800202652812,0.06749354302883148
1.0305,0.0405004620552063,0.00030517578125,0.012728462927043438,0.06798440963029861
1.031,0.04050058871507645,0.00030517578125,0.013216172344982624,0.06741973012685776
1.0315,0.040500521659851074,0.00030517578125,0.01299263909459114,0.0672815814614296
1.032,0.04050030931830406,-0.00030517578125,0.012727268971502781,0.06734344363212585
1.0325,0.04050054773688316,0.00030517578125,0.013084623031318188,0.0676320493221283
1.033,0.04050036147236824,0.00030517578125,0.013320977799594402,0.06758507341146469
1.0335,0.040500346571207047,0.0,0.013466250151395798,0.06733690202236176
1.034,0.040500473231077194,0.00091552734375,0.013220563530921936,0.06798884272575378
1.0345,0.040500566363334656,0.00091552734375,0.013615569099783897,0.06762919574975967
1.035,0.04050068184733391,0.00030517578125,0.013107966631650925,0.06778301298618317
1.0355,0.04050052538514137,0.0006103515625,0.012839814648032188,0.06692636758089066
1.036,0.04050032049417496,0.00030517578125,0.013297932222485542,0.06761117279529572
1.0365,0.040500350296497345,0.0,0.01279161311686039,0.06718536466360092
1.037,0.04050036147236824,0.0006103515625,0.013175713829696178,0.06637197732925415
1.0375,0.04050011560320854,0.0,0.012975826859474182,0.06713718920946121
1.038,0.04050053656101227,0.0006103515625,0.013588206842541695,0.06708403676748276
1.0385,0.040500372648239136,0.00091552734375,0.01303102821111679,0.06759104877710342
1.039,0.040500458329916,0.00030517578125,0.013239946216344833,0.06713414192199707
1.0395,0.040500350296497345,0.00030517578125,0.013022142462432384,0.06766863167285919
1.04,0.040500570088624954,0.0006103515625,0.013310453854501247,0.06730809062719345
1.0405,0.0405004620552063,0.00030517578125,0.013145707547664642,0.06726224720478058
1.041,0.040500227361917496,-0.00030517578125,0.013219518586993217,0.06776251643896103
1.0415,0.04050048440694809,0.00030517578125,0.0134630361571908,0.06688348948955536
1.042,0.04050035774707794,-0.00030517578125,0.013300877064466476,0.06655057519674301
1.0425,0.04050038382411003,-0.00030517578125,0.013357261195778847,0.06808119267225266
1.043,0.040500327944755554,0.00030517578125,0.013067122548818588,0.06709850579500198
1.0435,0.04050062224268913,0.00030517578125,0.01355639286339283,0.06753390282392502
1.044,0.040500458329916,-0.00030517578125,0.01312199141830206,0.06770464032888412
1.0445,0.04050059616565704,0.0,0.012930670753121376,0.06771475821733475
1.045,0.04050068557262421,0.0,0.013662994839251041,0.0678749829530716
1.0455,0.04050038009881973,0.0006103515625,0.01285581849515438,0.06747104227542877
1.046,0.04050055146217346,0.00030517578125,0.012949992902576923,0.06776085495948792
1.0465,0.04050038009881973,-0.00030517578125,0.01355745829641819,0.06761758774518967
1.047,0.04050038382411003,0.00030517578125,0.013077269308269024,0.06767839193344116
1.0475,0.04050036892294884,0.00091552734375,0.013152345083653927,0.06686460226774216
1.048,0.040500208735466,0.0006103515625,0.013339201919734478,0.06761129200458527
1.0485,0.04050051048398018,0.0,0.013000501319766045,0.06780942529439926
1.049,0.040500521659851074,0.0,0.01311764307320118,0.0671328753232956
1.0495,0.0405006967484951,0.0,0.013125637546181679,0.06704596430063248
1.05,0.04050052911043167,0.0006103515625,0.012839407660067081,0.06798196583986282
1.0505,0.040500491857528687,0.0,0.013052576221525669,0.0674433559179306
1.051,0.040500301867723465,-0.00030517578125,0.013349630869925022,0.06659720093011856
1.0515,0.04050048440694809,0.0006103515625,0.013202388770878315,0.06787274777889252
1.052,0.04050067067146301,0.0006103515625,0.013211582787334919,0.06764470040798187
1.0525,0.040500447154045105,0.00030517578125,0.013339119963347912,0.06685664504766464
1.053,0.04050073027610779,0.0,0.012837163172662258,0.06794874370098114
1.0535,0.04050047695636749,0.00030517578125,0.013353726826608181,0.06854908168315887
1.054,0.0405006930232048,0.00030517578125,0.013140719383955002,0.06760001927614212
1.0545,0.04050023853778839,0.0,0.012857571244239807,0.06684520095586777
1.055,0.040500517934560776,0.0,0.013401039876043797,0.0673651397228241
1.0555,0.040500469505786896,0.0,0.013267524540424347,0.06755852699279785
1.056,0.0405002161860466,0.0,0.013440901413559914,0.06752355396747589
1.0565,0.04050043225288391,0.0006103515625,0.013090542517602444,0.06710747629404068
1.057,0.040500469505786896,-0.00030517578125,0.013257988728582859,0.06806454807519913
1.0575,0.04050017520785332,-0.00030517578125,0.013309355825185776,0.06712817400693893
1.058,0.04050050675868988,0.00030517578125,0.013115731067955494,0.06697641313076019
1.0585,0.040500324219465256,0.0006103515625,0.013457041233778,0.06786775588989258
1.059,0.040500424802303314,-0.00030517578125,0.013244773261249065,0.06661034375429153
1.0595,0.040500473231077194,0.00030517578125,0.012940333224833012,0.06721650809049606
1.06,0.04050038754940033,0.00030517578125,0.012904715724289417,0.06717158108949661
1.0605,0.04050052538514137,0.00030517578125,0.012918716296553612,0.06778786331415176
1.061,0.04050028696656227,0.0,0.013634785078465939,0.06725648045539856
1.0615,0.040500327944755554,0.00030517578125,0.01295803114771843,0.06758767366409302
1.062,0.040500640869140625,-0.00030517578125,0.013415773399174213,0.06774017214775085
1.0625,0.04050023853778839,0.00030517578125,0.013218999840319157,0.06741993874311447
1.063,0.040500130504369736,0.00030517578125,0.013281494379043579,0.06728830933570862
1.0635,0.04050030559301376,0.0,0.01355528924614191,0.06749547272920609
1.064,0.04050058126449585,0.0006103515625,0.01301329955458641,0.06778083741664886
1.0645,0.040500227361917496,0.00030517578125,0.012991777621209621,0.06698950380086899
1.065,0.04050017148256302,0.00030517578125,0.01315857470035553,0.06675837188959122
1.0655,0.040500544011592865,0.0006103515625,0.01354818046092987,0.06788121163845062
1.066,0.040500491857528687,0.0,0.01316817570477724,0.0678366869688034
1.0665,0.0405004546046257,0.0006103515625,0.013489351607859135,0.06732406467199326
1.067,0.04050050303339958,0.0,0.01320081576704979,0.06874261796474457
1.0675,0.040500760078430176,0.0,0.012998956255614758,0.06769472360610962
1.068,0.040500372648239136,0.0,0.012988779693841934,0.06737916171550751
1.0685,0.0405004657804966,0.00030517578125,0.013432987965643406,0.0673874244093895
1.069,0.04050067439675331,0.00030517578125,0.013285445049405098,0.0664965957403183
1.0695,0.04050030559301376,0.0006103515625,0.013026685453951359,0.06729838252067566
1.07,0.04050047695636749,0.00030517578125,0.013307635672390461,0.06738685816526413
1.0705,0.04050051420927048,0.00030517578125,0.013203422538936138,0.06765393912792206
1.071,0.04050033167004585,0.00030517578125,0.013284903950989246,0.06753678619861603
1.0715,0.040500182658433914,0.0,0.013260489329695702,0.06678643822669983
1.072,0.040500491857528687,0.0,0.013109090737998486,0.06754066050052643
1.0725,0.04050036147236824,0.00030517578125,0.013577590696513653,0.06668026745319366
1.073,0.040500544011592865,0.0006103515625,0.01298416405916214,0.06727588176727295
1.0735,0.04050040617585182,0.0,0.013017827644944191,0.0677063837647438
1.074,0.04050062969326973,0.0,0.013221343979239464,0.06719693541526794
1.0745,0.04050048813223839,0.0,0.013384330086410046,0.06696685403585434
1.075,0.040500327944755554,0.00030517578125,0.012779188342392445,0.0670088604092598
1.0755,0.04050040617585182,0.0,0.013387423008680344,0.0675453394651413
1.076,0.0405002236366272,0.0,0.013028141111135483,0.06703273952007294
1.0765,0.04050039127469063,0.00030517578125,0.012941824272274971,0.0660572350025177
1.077,0.04050031676888466,0.0006103515625,0.013127954676747322,0.06779666990041733
1.0775,0.04050040617585182,0.0,0.013263117522001266,0.06760617345571518
1.078,0.040500376373529434,0.0,0.013157213106751442,0.06703361868858337
1.0785,0.04050048440694809,0.0,0.013012402690947056,0.06699813902378082
1.079,0.04050061106681824,0.00030517578125,0.013233006931841373,0.0678478553891182
1.0795,0.040500279515981674,0.00091552734375,0.013286570087075233,0.06779452413320541
1.08,0.040500566363334656,0.0,0.0131712406873703,0.06720983982086182
1.0805,0.04050075635313988,0.0,0.013432595878839493,0.0671851634979248
1.081,0.040500324219465256,0.0,0.013408226892352104,0.06822453439235687
1.0815,0.040500346571207047,0.0006103515625,0.013102278113365173,0.06685884296894073
1.082,0.04050058126449585,0.00030517578125,0.01314044650644064,0.06731964647769928
1.0825,0.04050048068165779,0.0006103515625,0.013280535116791725,0.06759610772132874
1.083,0.040500517934560776,0.00030517578125,0.013309127651154995,0.06734192371368408
1.0835,0.04050030559301376,0.00030517578125,0.013553386554121971,0.0672357827425003
1.084,0.0405007041990757,0.00030517578125,0.0132380910217762,0.06765122711658478
1.0845,0.04050051420927048,0.0,0.013060254044830799,0.06812480837106705
1.085,0.04050016775727272,0.00030517578125,0.012634411454200745,0.06712512671947479
1.0855,0.04050058126449585,0.00030517578125,0.013163944706320763,0.06779441237449646
1.086,0.04050036519765854,0.0006103515625,0.013231500051915646,0.06806483119726181
1.0865,0.04050036519765854,0.00030517578125,0.013403152115643024,0.06652790307998657
1.087,0.04050038754940033,-0.00030517578125,0.013298009522259235,0.06741388887166977
1.0875,0.04050047695636749,0.0006103515625,0.013488193042576313,0.06798034906387329
1.088,0.04050059616565704,0.00030517578125,0.013222891837358475,0.06725291907787323
1.0885,0.04050067067146301,-0.00030517578125,0.013347220607101917,0.06683424860239029
1.089,0.04050040617585182,0.00030517578125,0.013408356346189976,0.06757849454879761
1.0895,0.04050042852759361,0.0006103515625,0.013121484778821468,0.06818043440580368
1.09,0.04050026461482048,0.0,0.01324812974780798,0.06730356812477112
1.0905,0.040500517934560776,0.00030517578125,0.0134131396189332,0.06695414334535599
1.091,0.04050058126449585,0.00030517578125,0.013372871093451977,0.06748917698860168
1.0915,0.0405004546046257,0.00030517578125,0.013294471427798271,0.06703338027000427
1.092,0.04050055891275406,0.0006103515625,0.01323165837675333,0.06827155500650406
1.0925,0.04050039127469063,0.00091552734375,0.01313635241240263,0.06709447503089905
1.093,0.040500566363334656,-0.0006103515625,0.013105317950248718,0.06858614832162857
1.0935,0.040500491857528687,-0.00030517578125,0.012967312708497047,0.06794833391904831
1.094,0.04050048813223839,0.0,0.013368015177547932,0.06715328246355057
1.0945,0.04050040990114212,0.00030517578125,0.013003986328840256,0.06843023002147675
1.095,0.040500398725271225,0.00030517578125,0.013108846731483936,0.06746390461921692
1.0955,0.04050048068165779,-0.00030517578125,0.013299606740474701,0.06794340163469315
1.096,0.04050048813223839,0.0,0.01334626879543066,0.06824753433465958
1.0965,0.040500275790691376,0.0006103515625,0.012914791703224182,0.06751313805580139
1.097,0.040500394999980927,0.0,0.013209553435444832,0.06723233312368393
1.0975,0.04050038009881973,0.0006103515625,0.013096106238663197,0.06794225424528122
1.098,0.04050033167004585,0.00030517578125,0.012932595796883106,0.06848440319299698
1.0985,0.04050038382411003,0.00030517578125,0.012985529378056526,0.06729007512331009
1.099,0.04050043225288391,0.0,0.013355805538594723,0.06735474616289139
1.0995,0.04050026088953018,0.00030517578125,0.013400303199887276,0.06750136613845825
1.1,0.04050041362643242,0.00030517578125,0.01298330444842577,0.06769241392612457
1.1005,0.0405004620552063,0.00030517578125,0.013435053639113903,0.06716994941234589
1.101,0.0405004546046257,0.00030517578125,0.013373514637351036,0.06791557371616364
1.1015,0.04050026461482048,-0.00030517578125,0.012860654853284359,0.0676155686378479
1.102,0.040500618517398834,0.00030517578125,0.013243726454675198,0.06753158569335938
1.1025,0.0405004620552063,0.00030517578125,0.013183030299842358,0.06701857596635818
1.103,0.04050040617585182,0.00030517578125,0.012871809303760529,0.06726936995983124
1.1035,0.040500104427337646,0.00030517578125,0.013371199369430542,0.06704186648130417
1.104,0.040500346571207047,0.00030517578125,0.012864889577031136,0.06741095334291458
1.1045,0.040500350296497345,0.00030517578125,0.01341718714684248,0.06786932051181793
1.105,0.04050065577030182,0.0,0.012765263207256794,0.06722842901945114
1.1055,0.04050063714385033,0.00030517578125,0.013212990015745163,0.06749659776687622
1.106,0.04050050675868988,0.0,0.013303601182997227,0.06708034127950668
1.1065,0.04050033167004585,0.0,0.013483590446412563,0.06762086600065231
1.107,0.04050027206540108,0.00030517578125,0.013519711792469025,0.0672316625714302
1.1075,0.04050060361623764,0.0,0.013049990870058537,0.06684545427560806
1.108,0.040500741451978683,0.0,0.013219175860285759,0.06772132217884064
1.1085,0.04050042852759361,-0.00030517578125,0.013037564232945442,0.06758434325456619
1.109,0.04050051420927048,0.00030517578125,0.013293947093188763,0.06702708452939987
1.1095,0.04050058126449585,0.0006103515625,0.013427022844552994,0.06733481585979462
1.11,0.040500298142433167,0.0,0.013139067217707634,0.0680093914270401
1.1105,0.040500350296497345,0.0,0.012932934798300266,0.06752931326627731
1.111,0.04050052911043167,0.0,0.013455085456371307,0.0666063204407692
1.1115,0.04050058126449585,-0.00030517578125,0.013162792660295963,0.0678509995341301
1.112,0.040500447154045105,0.0,0.012968669645488262,0.06769046187400818
1.1125,0.04050033912062645,0.0,0.013418424874544144,0.06681551784276962
1.113,0.04050041735172272,0.0,0.0133490776643157,0.06797830760478973
1.1135,0.040500447154045105,0.0,0.013122412376105785,0.0675872340798378
1.114,0.040500301867723465,0.00030517578125,0.01361424196511507,0.06756341457366943
1.1145,0.04050067812204361,0.00030517578125,0.012864775955677032,0.06768806278705597
1.115,0.04050059989094734,-0.00030517578125,0.012994290329515934,0.06809450685977936
1.1155,0.040500424802303314,0.00091552734375,0.012916562147438526,0.06742287427186966
1.116,0.04050056263804436,0.00030517578125,0.013232455588877201,0.06749173253774643
1.1165,0.04050033912062645,0.00030517578125,0.012907449156045914,0.06748489290475845
1.117,0.04050035774707794,0.0006103515625,0.013351310044527054,0.06752768903970718
1.1175,0.040500327944755554,-0.00030517578125,0.012855191715061665,0.06807398051023483
1.118,0.04050036519765854,0.0006103515625,0.012977344915270805,0.06753602623939514
1.1185,0.04050051420927048,0.00030517578125,0.013187515549361706,0.06823643296957016
1.119,0.04050061106681824,0.0,0.013303890824317932,0.06841352581977844
1.1195,0.040500517934560776,0.0,0.013373034074902534,0.06754738092422485
1.12,0.04050038009881973,0.00030517578125,0.01306263916194439,0.0674193874001503
1.1205,0.040500447154045105,0.0006103515625,0.013093301095068455,0.06798890978097916
1.121,0.04050040990114212,0.00030517578125,0.013135225512087345,0.06796929240226746
1.1215,0.040500421077013016,0.0,0.013265110552310944,0.06759729236364365
1.122,0.040500443428754807,0.00030517578125,0.012874007225036621,0.06777054816484451
1.1225,0.04050068184733391,0.0006103515625,0.013303442858159542,0.06873340159654617
1.123,0.04050065204501152,0.0006103515625,0.013186710886657238,0.06732640415430069
1.1235,0.04050036519765854,0.00030517578125,0.01321195438504219,0.06668521463871002
1.124,0.040500458329916,0.0,0.01281113363802433,0.06757612526416779
1.1245,0.040500424802303314,0.0006103515625,0.013573825359344482,0.06779644638299942
1.125,0.040500491857528687,0.0,0.013374590314924717,0.06799183785915375
1.1255,0.040500130504369736,0.0,0.01313524879515171,0.06750524789094925
1.126,0.04050063341856003,0.0,0.013339158147573471,0.06818883866071701
1.1265,0.040500424802303314,0.0,0.013371508568525314,0.06825582683086395
1.127,0.0405002236366272,0.00030517578125,0.013303413987159729,0.06686072051525116
1.1275,0.040500231087207794,0.0,0.012913665734231472,0.06717386096715927
1.128,0.040500663220882416,-0.00030517578125,0.013334173709154129,0.06708672642707825
1.1285,0.040500491857528687,0.00030517578125,0.01316835917532444,0.06720153987407684
1.129,0.040500424802303314,0.00030517578125,0.013439933769404888,0.06745945662260056
1.1295,0.04050043225288391,-0.00030517578125,0.013009706512093544,0.06709487736225128
1.13,0.04050041735172272,-0.00030517578125,0.013212461955845356,0.06709569692611694
1.1305,0.040500182658433914,0.0006103515625,0.013348161242902279,0.067015640437603
1.131,0.04050050675868988,0.00030517578125,0.012843799777328968,0.06752941757440567
1.1315,0.04050063714385033,0.00030517578125,0.01336765754967928,0.06742743402719498
1.132,0.04050030931830406,0.00030517578125,0.013052305206656456,0.06744254380464554
1.1325,0.04050048813223839,0.0006103515625,0.01319203432649374,0.06705401837825775
1.133,0.040500443428754807,0.0,0.01322878710925579,0.06773364543914795
1.1335,0.04050033912062645,0.00030517578125,0.013327794149518013,0.06727458536624908
1.134,0.04050023853778839,0.00030517578125,0.01310047972947359,0.06673122942447662
1.1345,0.04050041735172272,0.00030517578125,0.013349918648600578,0.06751056015491486
1.135,0.04050067812204361,0.0006103515625,0.013560367748141289,0.06772467494010925
1.1355,0.04050029069185257,0.0006103515625,0.012923795729875565,0.06701122969388962
1.136,0.04050036892294884,0.0,0.013251847587525845,0.06780259311199188
1.1365,0.04050041735172272,0.0,0.013198583386838436,0.06732907891273499
1.137,0.04050042852759361,0.0,0.013329533860087395,0.06732155382633209
1.1375,0.0405002199113369,0.00030517578125,0.01295356173068285,0.06763206422328949
1.138,0.0405004546046257,0.0,0.013479144312441349,0.06739340722560883
1.1385,0.04050055518746376,0.00030517578125,0.01297476701438427,0.06737139075994492
1.139,0.04050040245056152,0.00030517578125,0.013266874477267265,0.06816340982913971
1.1395,0.04050052538514137,0.00030517578125,0.013517466373741627,0.06847291439771652
1.14,0.04050052538514137,0.0006103515625,0.01302279345691204,0.06764429807662964
1.1405,0.04050049930810928,0.0,0.01333867572247982,0.06805813312530518
1.141,0.040500447154045105,-0.00030517578125,0.013059434480965137,0.0682988092303276
1.1415,0.04050051420927048,0.0006103515625,0.013231594115495682,0.0681782066822052
1.142,0.04050031676888466,0.00030517578125,0.013194636441767216,0.06743620336055756
1.1425,0.04050048068165779,0.00030517578125,0.012883653864264488,0.06791722029447556
1.143,0.04050062969326973,0.0,0.013673647306859493,0.06741700321435928
1.1435,0.040500495582818985,0.00030517578125,0.012949567288160324,0.0670541301369667
1.144,0.04050059616565704,0.00030517578125,0.013254948891699314,0.06714412569999695
1.1445,0.04050051420927048,-0.00030517578125,0.013468137942254543,0.06787125766277313
1.145,0.040500447154045105,-0.00030517578125,0.013170551508665085,0.06757066398859024
1.1455,0.04050062596797943,0.00030517578125,0.013177035376429558,0.06733940541744232
1.146,0.04050052538514137,0.00030517578125,0.013096663169562817,0.06824527680873871
1.1465,0.040500398725271225,0.00030517578125,0.01321895606815815,0.06755494326353073
1.147,0.0405004546046257,0.0,0.013278933241963387,0.0673329308629036
1.1475,0.04050038009881973,0.0,0.013178498484194279,0.06740209460258484
1.148,0.04050025716423988,0.00030517578125,0.013145489618182182,0.0677080824971199
1.1485,0.04050055891275406,0.0,0.0133177125826478,0.0670512318611145
1.149,0.040500421077013016,0.0,0.012841558083891869,0.06687933951616287
1.1495,0.040500666946172714,0.00030517578125,0.013268809765577316,0.06878587603569031
1.15,0.04050065577030182,0.0006103515625,0.013345488347113132,0.067670077085495
1.1505,0.040500231087207794,-0.00030517578125,0.012843186035752296,0.06696874648332596
1.151,0.04050029069185257,-0.00030517578125,0.013196993619203568,0.06733735650777817
1.1515,0.0405004546046257,-0.00030517578125,0.01320999301970005,0.06746862828731537
1.152,0.040500324219465256,0.00030517578125,0.01334290113300085,0.06751512736082077
1.1525,0.04050030931830406,0.0006103515625,0.012834006920456886,0.06655103713274002
1.153,0.040500521659851074,0.00030517578125,0.013263174332678318,0.0680636540055275
1.1535,0.04050014913082123,0.0,0.013274087570607662,0.06792009621858597
1.154,0.04050036147236824,0.00030517578125,0.013073498383164406,0.06704991310834885
1.1545,0.04050038754940033,0.0006103515625,0.012841113843023777,0.06701377034187317
1.155,0.04050067439675331,0.0006103515625,0.013348636217415333,0.06823189556598663
1.1555,0.040500376373529434,0.00030517578125,0.01316833309829235,0.06753955781459808
1.156,0.04050030559301376,0.0,0.013055436313152313,0.06684178858995438
1.1565,0.04050053283572197,0.0006103515625,0.013323156163096428,0.06811895221471786
1.157,0.04050024598836899,0.00030517578125,0.012635182589292526,0.06760264933109283
1.1575,0.04050026461482048,-0.00030517578125,0.013357327319681644,0.0671318918466568
1.158,0.04050035402178764,0.0006103515625,0.012829557992517948,0.06766851246356964
1.1585,0.04050016775727272,0.0006103515625,0.013245247304439545,0.06782321631908417
1.159,0.040500253438949585,0.0,0.013430356979370117,0.06723416596651077
1.1595,0.040500566363334656,0.0,0.013010364025831223,0.06757888942956924
1.16,0.04050060361623764,-0.00030517578125,0.013349560089409351,0.06831392645835876
1.1605,0.040500447154045105,0.0,0.013135738670825958,0.06786195933818817
1.161,0.04050062969326973,0.0006103515625,0.013187096454203129,0.06680861860513687
1.1615,0.04050026088953018,0.00030517578125,0.0130540756508708,0.06774085015058517
1.162,0.04050060361623764,0.00030517578125,0.013320152647793293,0.06805983185768127
1.1625,0.040500521659851074,0.0,0.013270759023725986,0.06785580515861511
1.163,0.04050043225288391,-0.00030517578125,0.013324455358088017,0.0673392042517662
1.1635,0.04050077870488167,0.00030517578125,0.013199545443058014,0.06811210513114929
1.164,0.0405004546046257,0.0,0.01315030176192522,0.068385548889637
1.1645,0.04050049930810928,0.00030517578125,0.01321580819785595,0.0674486979842186
1.165,0.04050062224268913,0.0006103515625,0.01335260458290577,0.06742920726537704
1.1655,0.0405004620552063,-0.00030517578125,0.01317480020225048,0.06843508780002594
1.166,0.04050043970346451,0.0,0.013203090988099575,0.06713160127401352
1.1665,0.040500458329916,0.0,0.01345483586192131,0.068637914955616
1.167,0.04050043225288391,0.00030517578125,0.013178846798837185,0.06751217693090439
1.1675,0.04050043597817421,0.00030517578125,0.012986413203179836,0.06691763550043106
1.168,0.0405002161860466,0.0,0.012816807255148888,0.0668390765786171
1.1685,0.04050053656101227,0.0,0.012940552085638046,0.06718263775110245
1.169,0.04050043970346451,0.0006103515625,0.013203195296227932,0.06771577894687653
1.1695,0.04050047695636749,0.0006103515625,0.013014927506446838,0.06665492057800293
1.17,0.040500376373529434,0.0,0.013141714967787266,0.06757188588380814
1.1705,0.04050030559301376,0.0006103515625,0.013420630246400833,0.06804103404283524
1.171,0.04050043597817421,0.00030517578125,0.013299540616571903,0.06720709055662155
1.1715,0.04050005227327347,0.0006103515625,0.012928868643939495,0.06668775528669357
1.172,0.04050052911043167,0.00091552734375,0.013169785030186176,0.06730258464813232
1.1725,0.040500517934560776,0.00030517578125,0.013224586844444275,0.06759937852621078
1.173,0.040500205010175705,0.0,0.013279923237860203,0.06776721030473709
1.1735,0.04050040245056152,0.0006103515625,0.013218473643064499,0.06735653430223465
1.174,0.040500592440366745,0.0,0.013159341178834438,0.0676410049200058
1.1745,0.040500134229660034,0.0,0.012972013093531132,0.06695641577243805
1.175,0.04050031304359436,0.0,0.013038931414484978,0.06734095513820648
1.1755,0.04050049930810928,0.00091552734375,0.013614997267723083,0.06740231812000275
1.176,0.0405004546046257,0.0,0.013048999942839146,0.06704660505056381
1.1765,0.040500301867723465,0.00030517578125,0.013370568864047527,0.06741014122962952
1.177,0.04050059616565704,0.0,0.01316775381565094,0.06817217916250229
1.1775,0.040500201284885406,-0.00030517578125,0.013099429197609425,0.06783942878246307
1.178,0.04050028696656227,0.0006103515625,0.013283107429742813,0.06805213540792465
1.1785,0.040500473231077194,-0.0006103515625,0.012997451238334179,0.06777671724557877
1.179,0.04050035774707794,-0.00030517578125,0.013279537670314312,0.06764329969882965
1.1795,0.04050016403198242,0.00030517578125,0.013137743808329105,0.06740820407867432
1.18,0.04050024226307869,0.00030517578125,0.013259814120829105,0.06730017811059952
1.1805,0.04050040617585182,0.00030517578125,0.013258910737931728,0.06726542115211487
1.181,0.0405002236366272,0.00030517578125,0.013083075173199177,0.06734659522771835
1.1815,0.040500443428754807,0.0,0.013292104937136173,0.06766333431005478
1.182,0.04050030559301376,0.0,0.013287547044456005,0.06725240498781204
1.1825,0.040500298142433167,0.0006103515625,0.013297204859554768,0.06804967671632767
1.183,0.04050064831972122,-0.00030517578125,0.013305971398949623,0.06701300293207169
1.1835,0.040500372648239136,0.00030517578125,0.013274314813315868,0.06774981319904327
1.184,0.04050043597817421,0.00091552734375,0.013231366872787476,0.06720025092363358
1.1845,0.04050036147236824,0.0006103515625,0.013259950093925,0.06725680828094482
1.185,0.04050047695636749,0.00030517578125,0.013213898055255413,0.06757590919733047
1.1855,0.040500707924366,-0.00030517578125,0.013128011487424374,0.06784483045339584
1.186,0.040500469505786896,-0.00030517578125,0.01373104564845562,0.06821344792842865
1.1865,0.04050064459443092,0.00030517578125,0.0130236791446805,0.067902572453022
1.187,0.0405006930232048,-0.00030517578125,0.013393783941864967,0.06792069971561432
1.1875,0.04050059616565704,0.0,0.013201805762946606,0.06791999936103821
1.188,0.04050024226307869,0.00030517578125,0.013379723764955997,0.06676088273525238
1.1885,0.04050007462501526,0.0,0.013429258950054646,0.06709956377744675
1.189,0.04050055518746376,0.00030517578125,0.013522028923034668,0.0672120675444603
1.1895,0.0405004508793354,0.0006103515625,0.012790747918188572,0.06752369552850723
1.19,0.04050053656101227,0.00030517578125,0.013193228282034397,0.06756847351789474
1.1905,0.040500666946172714,0.0006103515625,0.01341354101896286,0.06739579886198044
1.191,0.04050029069185257,0.0,0.013157387264072895,0.06786718964576721
1.1915,0.04050065949559212,0.0,0.013115964829921722,0.06723901629447937
1.192,0.04050086811184883,0.0,0.013251306489109993,0.06763891130685806
1.1925,0.040500469505786896,0.0006103515625,0.0137822600081563,0.06734315305948257
1.193,0.04050038382411003,0.00030517578125,0.013092813082039356,0.0685768648982048
1.1935,0.0405004620552063,0.0,0.01343974657356739,0.06768848747015
1.194,0.04050050675868988,0.00030517578125,0.0132465660572052,0.06769845634698868
1.1945,0.0405007004737854,0.0,0.012941637076437473,0.06790311634540558
1.195,0.04050033167004585,0.00030517578125,0.013245311565697193,0.0671556293964386
1.1955,0.04050075262784958,0.00030517578125,0.01314875204116106,0.06763136386871338
1.196,0.04050059989094734,0.0,0.013340926729142666,0.06764140725135803
1.1965,0.04050055146217346,0.00030517578125,0.013026170432567596,0.06754929572343826
1.197,0.04050054773688316,-0.00030517578125,0.012851565144956112,0.06737915426492691
1.1975,0.04050038382411003,0.00030517578125,0.013166899792850018,0.06730372458696365
1.198,0.040500447154045105,0.00030517578125,0.013184507377445698,0.06783542037010193
1.1985,0.04050043970346451,0.00030517578125,0.013066552579402924,0.06755922734737396
1.199,0.0405004657804966,0.0,0.013139428570866585,0.06731630116701126
1.1995,0.04050047695636749,0.0,0.013266193680465221,0.06828036904335022
1.2,0.04050019010901451,0.0,0.013177777640521526,0.06785920262336731
1.2005,0.04050040990114212,0.0,0.013144250027835369,0.06764024496078491
1.201,0.04050055891275406,0.0,0.013277118094265461,0.06743493676185608
1.2015,0.040500301867723465,0.00030517578125,0.012880959548056126,0.06811290979385376
1.202,0.040500394999980927,0.00030517578125,0.013624905608594418,0.06744646281003952
1.2025,0.040500491857528687,0.00030517578125,0.013408861123025417,0.0669868215918541
1.203,0.0405004546046257,-0.00030517578125,0.013242525048553944,0.06741220504045486
1.2035,0.040500517934560776,0.00030517578125,0.01314378809183836,0.069088414311409
1.204,0.040500458329916,0.00030517578125,0.01346916425973177,0.06758476793766022
1.2045,0.040500447154045105,0.0,0.01329833921045065,0.06801889836788177
1.205,0.040500421077013016,0.0,0.013018575496971607,0.06827810406684875
1.2055,0.040500495582818985,0.00030517578125,0.013397333212196827,0.06790527701377869
1.206,0.04050032049417496,0.0006103515625,0.013254513032734394,0.06756168603897095
1.2065,0.04050035774707794,0.0,0.012876462191343307,0.06712781637907028
1.207,0.04050038754940033,0.0,0.013452109880745411,0.0682893693447113
1.2075,0.04050035402178764,0.00030517578125,0.013789044693112373,0.0674748495221138
1.208,0.04050029069185257,0.00030517578125,0.013180081732571125,0.06735414266586304
1.2085,0.040500443428754807,0.0,0.013205858878791332,0.06737900525331497
1.209,0.040500614792108536,-0.00030517578125,0.013259503059089184,0.067548006772995
1.2095,0.04050012677907944,0.0,0.013482515700161457,0.06729263812303543
1.21,0.04050062969326973,0.0,0.013050977140665054,0.06724019348621368
1.2105,0.04050049930810928,0.00030517578125,0.01316540502011776,0.06780607253313065
1.211,0.040499910712242126,0.0,0.013570618815720081,0.06692926585674286
1.2115,0.040500208735466,-0.0006103515625,0.013217155821621418,0.0674896091222763
1.212,0.04050047695636749,0.00030517578125,0.013138145208358765,0.06732973456382751
1.2125,0.04050064459443092,0.00030517578125,0.013043835759162903,0.06735273450613022
1.213,0.040500421077013016,-0.00030517578125,0.01306148711591959,0.06764926761388779
1.2135,0.04050028696656227,0.00030517578125,0.013366137631237507,0.06764992326498032
1.214,0.040500540286302567,0.00030517578125,0.013179530389606953,0.06819779425859451
1.2145,0.04050056263804436,0.0,0.01319114025682211,0.06658235937356949
1.215,0.040500376373529434,0.0006103515625,0.013385538943111897,0.06664480268955231
1.2155,0.04050050675868988,0.00030517578125,0.01308216992765665,0.06798115372657776
1.216,0.04050049930810928,0.0,0.013553180731832981,0.06720298528671265
1.2165,0.04050050675868988,0.00030517578125,0.013319375924766064,0.06712311506271362
1.217,0.04050029441714287,0.0,0.012719537131488323,0.06704326719045639
1.2175,0.04050049930810928,0.0,0.013157921843230724,0.06835344433784485
1.218,0.040500324219465256,0.00030517578125,0.012791434302926064,0.0670904740691185
1.2185,0.04050062224268913,0.0006103515625,0.013153658248484135,0.06727229058742523
1.219,0.04050033539533615,-0.00030517578125,0.013410462997853756,0.06771741062402725
1.2195,0.0405002236366272,0.00030517578125,0.013359574601054192,0.06781753152608871
1.22,0.04050031304359436,0.00030517578125,0.013017729856073856,0.06731251627206802
1.2205,0.04050024226307869,0.0,0.013348490931093693,0.06785270571708679
1.221,0.04050042852759361,0.0,0.013198460452258587,0.06699693948030472
1.2215,0.040500394999980927,0.0,0.012991747818887234,0.06739860028028488
1.222,0.040500324219465256,-0.00030517578125,0.013012588024139404,0.06817343086004257
1.2225,0.04050041362643242,-0.00030517578125,0.013314732350409031,0.06846605241298676
1.223,0.04050055146217346,0.00030517578125,0.013157705776393414,0.06741389632225037
1.2235,0.0405002236366272,0.00030517578125,0.013179963454604149,0.06718633323907852
1.224,0.04050043597817421,0.00030517578125,0.013374922797083855,0.06782183796167374
1.2245,0.040500424802303314,-0.00030517578125,0.013219560496509075,0.0677666962146759
1.225,0.04050041362643242,0.0,0.012834800407290459,0.06732876598834991
1.2255,0.04050028324127197,0.00030517578125,0.013321910984814167,0.06759712100028992
1.226,0.040500447154045105,0.0,0.013278654776513577,0.06797444820404053
1.2265,0.04050051048398018,-0.00030517578125,0.01322530210018158,0.0679100751876831
1.227,0.04050058126449585,-0.00030517578125,0.012912657111883163,0.06698141992092133
1.2275,0.0405004657804966,0.00030517578125,0.01332761812955141,0.06803718954324722
1.228,0.040500566363334656,0.0,0.013615033589303493,0.06757927685976028
1.2285,0.04050036892294884,0.00030517578125,0.013071817345917225,0.0672350600361824
1.229,0.04050038754940033,0.0006103515625,0.01290880050510168,0.06800546497106552
1.2295,0.04050065577030182,-0.00030517578125,0.013440529815852642,0.06781236082315445
1.23,0.040500279515981674,0.0,0.0133517449721694,0.06745292991399765
1.2305,0.040500178933143616,0.0,0.013123191893100739,0.06729890406131744
1.231,0.040500495582818985,0.0006103515625,0.013428696431219578,0.06832291185855865
1.2315,0.04050031304359436,-0.00030517578125,0.013466661795973778,0.06731504946947098
1.232,0.040500495582818985,0.0,0.013142497278749943,0.06740208715200424
1.2325,0.040500517934560776,0.0,0.013447009958326817,0.06752211600542068
1.233,0.04050039127469063,0.0006103515625,0.013452785089612007,0.06820503622293472
1.2335,0.04050040990114212,0.0,0.013237926177680492,0.06781681627035141
1.234,0.040500279515981674,0.0006103515625,0.012872418388724327,0.067092165350914
1.2345,0.04050040990114212,0.0,0.013182494789361954,0.06778816878795624
1.235,0.04050047695636749,0.00030517578125,0.012940514832735062,0.06720492243766785
1.2355,0.04050036519765854,0.0,0.013189317658543587,0.06704320758581161
1.236,0.0405004546046257,0.00030517578125,0.01320452056825161,0.06744567304849625
1.2365,0.04050051420927048,0.00030517578125,0.013260516338050365,0.06729019433259964
1.237,0.040500346571207047,0.0,0.012752184644341469,0.06793903559446335
1.2375,0.04050029069185257,0.00091552734375,0.013054571114480495,0.06761807203292847
1.238,0.040500517934560776,0.00030517578125,0.013429258950054646,0.06742972880601883
1.2385,0.04050030931830406,0.00030517578125,0.013168721459805965,0.0671154037117958
1.239,0.04050038009881973,0.0,0.013124329969286919,0.06754115968942642
1.2395,0.04050035402178764,0.00030517578125,0.013315930962562561,0.06818882375955582
1.24,0.04050051420927048,0.00030517578125,0.01325712725520134,0.06736993789672852
1.2405,0.040500521659851074,0.0,0.013246893882751465,0.06754467636346817
1.241,0.04050034284591675,-0.00030517578125,0.01325940154492855,0.06777510792016983
1.2415,0.0405004508793354,0.0,0.012964834459125996,0.06778895854949951
1.242,0.04050043970346451,0.00030517578125,0.013283752836287022,0.0672646090388298
1.2425,0.04050059989094734,0.00030517578125,0.013391630724072456,0.0676608607172966
1.243,0.040500424802303314,0.00030517578125,0.013309045694768429,0.06711112707853317
1.2435,0.04050062596797943,-0.00030517578125,0.013318384066224098,0.06767234206199646
1.244,0.0405004657804966,0.00030517578125,0.013729498721659184,0.0670139342546463
1.2445,0.04050036892294884,0.0,0.013192839920520782,0.0672292485833168
1.245,0.040500350296497345,0.00030517578125,0.012876040302217007,0.06804056465625763
1.2455,0.04050059989094734,0.0,0.013560748659074306,0.06804678589105606
1.246,0.0405004546046257,0.00030517578125,0.013249942101538181,0.0675070732831955
1.2465,0.040500469505786896,0.00030517578125,0.01333200465887785,0.06777161359786987
1.247,0.040500618517398834,0.0,0.013187305070459843,0.06718851625919342
1.2475,0.040500227361917496,0.0,0.013101024553179741,0.06722275912761688
1.248,0.040500640869140625,-0.00030517578125,0.013131947256624699,0.06755750626325607
1.2485,0.04050049930810928,0.00030517578125,0.01346643641591072,0.06826603412628174
1.249,0.04050055146217346,0.00030517578125,0.013284307904541492,0.06756169348955154
1.2495,0.04050077497959137,0.0,0.013044795952737331,0.06772541254758835
1.25,0.04050040990114212,0.00030517578125,0.013421938754618168,0.06767179071903229
1.2505,0.04050035402178764,0.0006103515625,0.012974382378160954,0.0673687681555748
1.251,0.040500592440366745,0.00030517578125,0.01310623437166214,0.0673658549785614
1.2515,0.040500249713659286,0.00030517578125,0.012876304797828197,0.06704181432723999
1.252,0.040500491857528687,0.0,0.013377632014453411,0.06757852435112
1.2525,0.04050039127469063,0.00030517578125,0.013393143191933632,0.06722590327262878
1.253,0.04050040617585182,0.00030517578125,0.013023760169744492,0.06844963878393173
1.2535,0.04050063714385033,0.0,0.013305875472724438,0.06874760240316391
1.254,0.040500324219465256,0.0,0.013217898085713387,0.06764060258865356
1.2545,0.04050050675868988,0.00030517578125,0.013375803828239441,0.06728596240282059
1.255,0.04050059989094734,0.00030517578125,0.013153830543160439,0.0679224282503128
1.2555,0.04050026834011078,-0.00030517578125,0.013256493024528027,0.06821273267269135
1.256,0.040500227361917496,0.0,0.01353591587394476,0.06691255420446396
1.2565,0.04050043970346451,0.0,0.013143087737262249,0.06808295100927353
1.257,0.040500443428754807,0.0006103515625,0.013139736838638783,0.06867872923612595
1.2575,0.04050042852759361,0.0006103515625,0.013041481375694275,0.0677575096487999
1.258,0.04050064831972122,0.00030517578125,0.013558847829699516,0.06799300014972687
1.2585,0.04050055518746376,0.00030517578125,0.013289477676153183,0.068246990442276
1.259,0.04050055146217346,0.0,0.012785223312675953,0.06799105554819107
1.2595,0.0405004546046257,0.00030517578125,0.01323644258081913,0.06772245466709137
1.26,0.040500458329916,0.00030517578125,0.013194302096962929,0.0682184249162674
1.2605,0.04050033912062645,0.00030517578125,0.013384348712861538,0.06775181740522385
1.261,0.04050007835030556,0.00030517578125,0.01312659028917551,0.06780574470758438
1.2615,0.04050061106681824,0.0,0.013385151512920856,0.06715910136699677
1.262,0.04050029069185257,0.0,0.013237625360488892,0.06772293150424957
1.2625,0.040500182658433914,0.0,0.013121162541210651,0.06818579137325287
1.263,0.04050043225288391,0.0006103515625,0.013047736138105392,0.0676434263586998
1.2635,0.04050080478191376,0.0,0.013625717721879482,0.06767389178276062
1.264,0.04050043225288391,0.0,0.013053925707936287,0.06805101037025452
1.2645,0.04050055518746376,0.0,0.013163000345230103,0.06775276362895966
1.265,0.040500424802303314,0.00030517578125,0.013646415434777737,0.06689656525850296
1.2655,0.040500469505786896,0.00030517578125,0.01252592634409666,0.06800766289234161
1.266,0.04050036147236824,0.0006103515625,0.013154816813766956,0.06809616833925247
1.2665,0.04050056263804436,-0.0006103515625,0.013721765950322151,0.06741590052843094
1.267,0.0405007041990757,0.00030517578125,0.01314118504524231,0.06812450289726257
1.2675,0.040500707924366,0.00030517578125,0.01322628278285265,0.06756183505058289
1.268,0.040500544011592865,0.00030517578125,0.013357268646359444,0.06726466119289398
1.2685,0.04050067812204361,-0.0006103515625,0.013062022626399994,0.06656625121831894
1.269,0.0405004657804966,0.00030517578125,0.013136100955307484,0.06698828935623169
1.2695,0.04050051048398018,0.0,0.01318039558827877,0.06818236410617828
1.27,0.04050055891275406,0.0006103515625,0.013029963709414005,0.06752116978168488
1.2705,0.04050043970346451,0.00030517578125,0.013371945358812809,0.06718011945486069
1.271,0.04050031676888466,0.0,0.012776167131960392,0.06744296848773956
1.2715,0.04050038754940033,0.0,0.01322273351252079,0.06749971210956573
1.272,0.040500007569789886,0.0006103515625,0.013142362236976624,0.0668194368481636
1.2725,0.040500663220882416,0.00030517578125,0.013383745215833187,0.06706216931343079
1.273,0.04050036892294884,0.00030517578125,0.013216312043368816,0.06885949522256851
1.2735,0.040500372648239136,0.00030517578125,0.013032646849751472,0.06696679443120956
1.274,0.0405004546046257,0.0,0.013176580891013145,0.06701553612947464
1.2745,0.04050036147236824,0.00030517578125,0.013158037327229977,0.06791176646947861
1.275,0.040500491857528687,0.0,0.013363165780901909,0.06779267638921738
1.2755,0.040500473231077194,0.0,0.013151746243238449,0.06665091216564178
1.276,0.04050057753920555,0.0,0.013349761255085468,0.06807448714971542
1.2765,0.04050017148256302,0.00030517578125,0.013552580028772354,0.06804966926574707
1.277,0.04050047695636749,0.0,0.013037776574492455,0.06707625836133957
1.2775,0.040500473231077194,0.0,0.013717387802898884,0.06788621097803116
1.278,0.040500495582818985,0.00030517578125,0.01306379958987236,0.06762845814228058
1.2785,0.04050051420927048,0.00030517578125,0.01331142894923687,0.06769504398107529
1.279,0.040500208735466,0.00030517578125,0.013103591278195381,0.06759647279977798
1.2795,0.040500201284885406,0.0,0.012967756949365139,0.06741423904895782
1.28,0.040500566363334656,-0.00030517578125,0.01310810074210167,0.0681992694735527
1.2805,0.04050024598836899,0.00091552734375,0.013379208743572235,0.06785407662391663
1.281,0.04050033912062645,0.0006103515625,0.013285627588629723,0.06752221286296844
1.2815,0.040500473231077194,0.0006103515625,0.013412811793386936,0.06827397644519806
1.282,0.040500394999980927,0.0,0.013598327524960041,0.06759972870349884
1.2825,0.04050033167004585,0.00030517578125,0.013088248670101166,0.06747429072856903
1.283,0.04050029069185257,0.0,0.01341314148157835,0.06733402609825134
1.2835,0.04050043225288391,-0.00030517578125,0.013133200816810131,0.06876955926418304
1.284,0.0405002161860466,0.00030517578125,0.013542729429900646,0.06779832392930984
1.2845,0.040500275790691376,0.00030517578125,0.013248358853161335,0.06768681108951569
1.285,0.040500327944755554,0.0006103515625,0.013344373553991318,0.06787945330142975
1.2855,0.040500469505786896,0.00030517578125,0.013214207254350185,0.06732644140720367
1.286,0.04050055146217346,0.00030517578125,0.013146345503628254,0.0677141398191452
1.2865,0.0405002236366272,0.0006103515625,0.01348541397601366,0.06781814992427826
1.287,0.040500711649656296,0.00091552734375,0.01333711203187704,0.06762441992759705
1.2875,0.04050036892294884,-0.00030517578125,0.013160325586795807,0.06748919188976288
1.288,0.04050024598836899,0.0,0.013095671311020851,0.06791701167821884
1.2885,0.04050055146217346,0.00030517578125,0.013337326236069202,0.06793095171451569
1.289,0.04050029069185257,0.0,0.01300316397100687,0.0675513744354248
1.2895,0.04050043597817421,0.00030517578125,0.013067654334008694,0.06745044142007828
1.29,0.04050056263804436,-0.00030517578125,0.01273657102137804,0.06786872446537018
1.2905,0.040500398725271225,0.0,0.013318554498255253,0.06799603998661041
1.291,0.040500447154045105,0.00030517578125,0.01320730336010456,0.0674411803483963
1.2915,0.04050059616565704,0.0,0.013218293897807598,0.06733164191246033
1.292,0.04050035402178764,0.0006103515625,0.01342786755412817,0.06738542765378952
1.2925,0.04050042852759361,-0.0006103515625,0.013092703185975552,0.06698844581842422
1.293,0.04050053656101227,0.00030517578125,0.013476950116455555,0.06776782870292664
1.2935,0.040500447154045105,0.00030517578125,0.012840716168284416,0.06836599856615067
1.294,0.04050042852759361,0.0006103515625,0.013283317908644676,0.06800571084022522
1.2945,0.040500473231077194,0.0,0.012972629629075527,0.0675751194357872
1.295,0.040500398725271225,0.00030517578125,0.013472260907292366,0.06728287041187286
1.2955,0.04050040990114212,0.00030517578125,0.013246233575046062,0.0668857991695404
1.296,0.04050049930810928,0.0006103515625,0.012905058450996876,0.06760646402835846
1.2965,0.04050025716423988,-0.00030517578125,0.013129660859704018,0.06730885803699493
1.297,0.040500540286302567,-0.00030517578125,0.01309096347540617,0.06770768761634827
1.2975,0.040500447154045105,0.00030517578125,0.0128959184512496,0.06831897050142288
1.298,0.04050033167004585,0.00030517578125,0.013100657612085342,0.06813471764326096
1.2985,0.04050068557262421,0.0,0.013337280601263046,0.06747214496135712
1.299,0.04050049930810928,0.0,0.012929544784128666,0.06771945208311081
1.2995,0.04050061106681824,-0.00030517578125,0.013074752874672413,0.0670490637421608
1.3,0.04050019383430481,0.0,0.013113684952259064,0.06710962951183319
1.3005,0.04050035402178764,0.00030517578125,0.01320714969187975,0.06790979951620102
1.301,0.040500469505786896,0.0006103515625,0.012921817600727081,0.06771905720233917
1.3015,0.0405002161860466,-0.00030517578125,0.012918917462229729,0.06770983338356018
1.302,0.040500491857528687,0.0,0.013006700202822685,0.06831183284521103
1.3025,0.04050033167004585,0.00030517578125,0.01336420327425003,0.06729476153850555
1.303,0.0405004546046257,0.0,0.013465650379657745,0.0674966350197792
1.3035,0.040500231087207794,0.0006103515625,0.01295178197324276,0.06777478754520416
1.304,0.04050051048398018,0.00030517578125,0.013474006205797195,0.06768646836280823
1.3045,0.04050054773688316,0.00030517578125,0.013171682134270668,0.06771417707204819
1.305,0.040500350296497345,0.00030517578125,0.012875956483185291,0.06740701198577881
1.3055,0.04050051048398018,-0.00030517578125,0.01342832576483488,0.06783835589885712
1.306,0.04050040990114212,0.0,0.013103330507874489,0.06834390014410019
1.3065,0.04050007089972496,0.00030517578125,0.013539980165660381,0.06722119450569153
1.307,0.040500443428754807,0.00030517578125,0.012888933531939983,0.06817928701639175
1.3075,0.04050049930810928,0.0,0.01362820528447628,0.06779609620571136
1.308,0.0405004546046257,0.0006103515625,0.013136113993823528,0.06769426167011261
1.3085,0.04050058126449585,0.0,0.013212542980909348,0.06735483556985855
1.309,0.040500458329916,0.0,0.013655155897140503,0.06752654165029526
1.3095,0.04050049930810928,0.0,0.01304243877530098,0.06761433184146881
1.31,0.04050029441714287,0.0,0.013164728879928589,0.06759626418352127
1.3105,0.040500540286302567,0.00030517578125,0.013255556114017963,0.06787457317113876
1.311,0.04050065949559212,0.00030517578125,0.013327731750905514,0.06818079203367233
1.3115,0.040500298142433167,0.0,0.013038522563874722,0.06740988045930862
1.312,0.04050052538514137,0.0,0.013590019196271896,0.06694108247756958
1.3125,0.04050039127469063,0.00030517578125,0.013302766717970371,0.06804967671632767
1.313,0.040500279515981674,-0.00030517578125,0.01314311008900404,0.06794563680887222
1.3135,0.040500249713659286,-0.00030517578125,0.013058151118457317,0.06730752438306808
1.314,0.040500473231077194,-0.00030517578125,0.013058588840067387,0.06687668710947037
1.3145,0.04050032049417496,0.0006103515625,0.01323714293539524,0.0679512545466423
1.315,0.04050002992153168,0.00030517578125,0.013546689413487911,0.06727040559053421
1.3155,0.04050065204501152,0.00030517578125,0.013504762202501297,0.06682071089744568
1.316,0.04050019383430481,0.0,0.013336369767785072,0.06828469783067703
1.3165,0.04050051048398018,0.00030517578125,0.01329677365720272,0.06744558364152908
1.317,0.040500491857528687,0.00030517578125,0.01322011649608612,0.0670611560344696
1.3175,0.04050053656101227,0.0,0.01339229941368103,0.06720676273107529
1.318,0.04050040617585182,0.0,0.013440243899822235,0.06804859638214111
1.3185,0.0404999740421772,0.0,0.013316182419657707,0.06695857644081116
1.319,0.04050051048398018,0.00030517578125,0.013376304879784584,0.06728219240903854
1.3195,0.04050048068165779,0.0,0.013471810147166252,0.06786703318357468
1.32,0.040500521659851074,0.00030517578125,0.012980423867702484,0.06728490442037582
1.3205,0.04050028696656227,0.00030517578125,0.013503966853022575,0.06708783656358719
1.321,0.040500473231077194,0.00030517578125,0.013669240288436413,0.0671636313199997
1.3215,0.04050056263804436,0.0,0.013481701724231243,0.06811273097991943
1.322,0.04050041735172272,-0.00030517578125,0.013384900987148285,0.06797130405902863
1.3225,0.04050047695636749,-0.00030517578125,0.013533958233892918,0.06685856729745865
1.323,0.04050053656101227,0.00030517578125,0.013462346978485584,0.06731420010328293
1.3235,0.04050053283572197,0.00030517578125,0.013094071298837662,0.06751834601163864
1.324,0.04050040990114212,-0.00030517578125,0.013611529022455215,0.06737767904996872
1.3245,0.0405004546046257,0.0,0.013632216490805149,0.0678786188364029
1.325,0.040500424802303314,0.0006103515625,0.013166924938559532,0.06712247431278229
1.3255,0.04050024226307869,0.0,0.01340055838227272,0.06776860356330872
1.326,0.04050033912062645,0.00091552734375,0.013300960883498192,0.0679716095328331
1.3265,0.04050052538514137,0.0,0.013622423633933067,0.0672241672873497
1.327,0.040500491857528687,0.0,0.01318673137575388,0.06754583865404129
1.3275,0.040500566363334656,0.0006103515625,0.013615552335977554,0.06697461754083633
1.328,0.04050059616565704,0.00030517578125,0.013680225238204002,0.06796074658632278
1.3285,0.040500372648239136,0.00030517578125,0.013031360693275928,0.06845267862081528
1.329,0.04050067439675331,0.00030517578125,0.013662763871252537,0.06756194680929184
1.3295,0.040500279515981674,0.0006103515625,0.013203021138906479,0.06729587912559509
1.33,0.04050067812204361,0.0006103515625,0.012951978482306004,0.06776276975870132
1.3305,0.040500544011592865,0.00030517578125,0.01333836279809475,0.06785670667886734
1.331,0.040500398725271225,-0.00030517578125,0.013532870449125767,0.06670840829610825
1.3315,0.04050055518746376,0.00030517578125,0.013294124975800514,0.06815776973962784
1.332,0.04050014913082123,0.00030517578125,0.013138828799128532,0.06832531094551086
1.3325,0.04050054773688316,-0.00030517578125,0.013254598714411259,0.06769437342882156
1.333,0.04050054773688316,0.0,0.013187156990170479,0.06825556606054306
1.3335,0.04050029069185257,0.0,0.012917682528495789,0.06745852530002594
1.334,0.04050091654062271,0.00030517578125,0.013149560429155827,0.06771480292081833
1.3345,0.04050039127469063,0.00030517578125,0.012984330765902996,0.06740177422761917
1.335,0.040500394999980927,0.00030517578125,0.013306284323334694,0.06767307221889496
1.3355,0.0405002124607563,-0.00030517578125,0.012950973585247993,0.06800628453493118
1.336,0.04050068557262421,0.00030517578125,0.012969199568033218,0.06722583621740341
1.3365,0.040500424802303314,-0.00030517578125,0.013151352293789387,0.06711211055517197
1.337,0.04050040245056152,0.0,0.013084941543638706,0.06704138219356537
1.3375,0.04050040990114212,0.00030517578125,0.013249125331640244,0.06768803298473358
1.338,0.04050038382411003,0.00030517578125,0.013220343738794327,0.06827370822429657
1.3385,0.040500298142433167,-0.00030517578125,0.013201422989368439,0.06789235025644302
1.339,0.04050041362643242,0.00030517578125,0.013306904584169388,0.06804737448692322
1.3395,0.04050059989094734,0.0,0.013405225239694118,0.06745373457670212
1.34,0.0405004620552063,0.00030517578125,0.013342173770070076,0.06734482944011688
1.3405,0.04050026088953018,0.0006103515625,0.013310851529240608,0.06802533566951752
1.341,0.040500592440366745,0.0,0.013422956690192223,0.06717896461486816
1.3415,0.040500372648239136,0.0,0.013198599219322205,0.06746089458465576
1.342,0.04050024226307869,0.0,0.013002388179302216,0.06806699931621552
1.3425,0.040500473231077194,0.0006103515625,0.013650705106556416,0.06767033040523529
1.343,0.04050038009881973,0.00030517578125,0.013859139755368233,0.06708816438913345
1.3435,0.04050030559301376,0.00030517578125,0.013326792977750301,0.06734461337327957
1.344,0.040500376373529434,0.00030517578125,0.013417317532002926,0.06816279143095016
1.3445,0.04050064459443092,0.00030517578125,0.013624656945466995,0.06801004707813263
1.345,0.04050050303339958,0.00030517578125,0.013265744782984257,0.06733966618776321
1.3455,0.040500447154045105,-0.00030517578125,0.013209393247961998,0.06719312816858292
1.346,0.04050055891275406,0.0006103515625,0.013468217104673386,0.06769555062055588
1.3465,0.04050041735172272,0.00091552734375,0.013334694318473339,0.0674234926700592
1.347,0.04050043597817421,0.0,0.013540267944335938,0.0679374411702156
1.3475,0.04050065577030182,0.0,0.013462509959936142,0.06761359423398972
1.348,0.04050064831972122,0.0,0.013357466086745262,0.06750992685556412
1.3485,0.040500324219465256,0.0,0.01361341867595911,0.0674741342663765
1.349,0.04050039127469063,0.0,0.013356819748878479,0.06748199462890625
1.3495,0.04050058871507645,0.0006103515625,0.013560695573687553,0.06730421632528305
1.35,0.04050033912062645,-0.00030517578125,0.01301863044500351,0.06755632907152176
1.3505,0.0405002161860466,0.0006103515625,0.013566327281296253,0.06724833697080612
1.351,0.04050064459443092,0.0,0.013445442542433739,0.06772758066654205
1.3515,0.04050055518746376,0.00030517578125,0.013418499380350113,0.06781595200300217
1.352,0.04050033167004585,-0.00030517578125,0.013332116417586803,0.06770912557840347
1.3525,0.040500469505786896,-0.00030517578125,0.013188149780035019,0.06806604564189911
1.353,0.04050062969326973,0.0,0.013657311908900738,0.06840081512928009
1.3535,0.04050062969326973,0.0,0.013162989169359207,0.06810867786407471
1.354,0.04050029069185257,-0.00030517578125,0.013463015668094158,0.06749363243579865
1.3545,0.04050058498978615,0.0,0.013372479006648064,0.06701222062110901
1.355,0.04050051048398018,0.0006103515625,0.013681762851774693,0.06786037236452103
1.3555,0.040500275790691376,0.00030517578125,0.012993733398616314,0.06702491641044617
1.356,0.04050065204501152,0.0,0.013605494052171707,0.067777618765831
1.3565,0.04050038754940033,0.0,0.01342163234949112,0.06671837717294693
1.357,0.040500786155462265,0.00030517578125,0.013116174377501011,0.06826621294021606
1.3575,0.04050048813223839,0.0006103515625,0.01340316142886877,0.06786724179983139
1.358,0.04050058498978615,0.0,0.013053007423877716,0.06719642132520676
1.3585,0.04050055518746376,0.0006103515625,0.013477676548063755,0.06732483953237534
1.359,0.040500398725271225,0.0,0.013434892520308495,0.06701240688562393
1.3595,0.04050055891275406,0.0,0.013402383774518967,0.067850761115551
1.36,0.040500447154045105,0.00030517578125,0.013417810201644897,0.06744857132434845
1.3605,0.04050062224268913,0.00030517578125,0.01330240536481142,0.06784677505493164
1.361,0.04050007462501526,0.00030517578125,0.013405109755694866,0.0682569071650505
1.3615,0.04050042852759361,0.00030517578125,0.013354399241507053,0.0678233727812767
1.362,0.04050031304359436,0.0,0.01318276021629572,0.06739453971385956
1.3625,0.04050029069185257,0.00030517578125,0.013256455771625042,0.06710213422775269
1.363,0.04050049930810928,0.0,0.013370192609727383,0.06785646080970764
1.3635,0.04050034284591675,0.00030517578125,0.013383789919316769,0.06781110912561417
1.364,0.040500469505786896,0.00030517578125,0.013276896439492702,0.06730232387781143
1.3645,0.04050035774707794,0.0,0.013524218462407589,0.06855034083127975
1.365,0.0405004620552063,0.0006103515625,0.013373147696256638,0.06769746541976929
1.3655,0.04050043597817421,-0.0006103515625,0.012909192591905594,0.06745501607656479
1.366,0.040500298142433167,0.00030517578125,0.013628486543893814,0.0678999125957489
1.3665,0.04050062224268913,0.00030517578125,0.01341201737523079,0.06820420175790787
1.367,0.04050038754940033,0.0006103515625,0.01333050336688757,0.06733280420303345
1.3675,0.0405002161860466,0.0,0.013772686943411827,0.067285917699337
1.368,0.04050041735172272,0.0,0.013485508039593697,0.0677635595202446
1.3685,0.040500301867723465,0.0006103515625,0.013860216364264488,0.06723068654537201
1.369,0.04050029069185257,-0.00030517578125,0.01340524386614561,0.06704557687044144
1.3695,0.04050060734152794,0.00030517578125,0.013133796863257885,0.06764503568410873
1.37,0.04050058126449585,0.00030517578125,0.013646785169839859,0.0678657814860344
1.3705,0.04050058126449585,0.0,0.013136602006852627,0.0673677995800972
1.371,0.040500517934560776,0.0,0.012919696979224682,0.06789398193359375
1.3715,0.040500458329916,0.0,0.013249890878796577,0.06817866116762161
1.372,0.04050040990114212,0.0006103515625,0.013415506109595299,0.06709504872560501
1.3725,0.04050024598836899,0.0006103515625,0.01347249187529087,0.06661722809076309
1.373,0.04050059989094734,0.0,0.013304341584444046,0.06850022822618484
1.3735,0.04050036519765854,0.0006103515625,0.013110729865729809,0.06745222210884094
1.374,0.040500544011592865,0.0,0.013172213919460773,0.06728819757699966
1.3745,0.0405004620552063,0.00030517578125,0.013255693018436432,0.06805377453565598
1.375,0.04050026834011078,0.0,0.012955217622220516,0.06811006367206573
1.3755,0.040500372648239136,0.0,0.01338914968073368,0.06767510622739792
1.376,0.04050052538514137,0.0,0.01298841368407011,0.0671922117471695
1.3765,0.0405004546046257,0.00091552734375,0.013561549596488476,0.06732913106679916
1.377,0.040500447154045105,0.00030517578125,0.013138743117451668,0.0678405612707138
1.3775,0.04050043597817421,0.0,0.013295692391693592,0.06771115958690643
1.378,0.040500447154045105,0.0,0.013319690711796284,0.06790710985660553
1.3785,0.04050036519765854,0.00030517578125,0.01328207552433014,0.06785900145769119
1.379,0.040500540286302567,0.00030517578125,0.013559622690081596,0.0681355744600296
1.3795,0.04050051420927048,0.0006103515625,0.013109295628964901,0.0674748420715332
1.38,0.04050074517726898,-0.00030517578125,0.013491971418261528,0.0680670216679573
1.3805,0.040500249713659286,-0.00030517578125,0.013270515017211437,0.0677487924695015
1.381,0.04050060361623764,0.00030517578125,0.01352032832801342,0.06721848994493484
1.3815,0.04050026088953018,0.0006103515625,0.01334314700216055,0.06824618577957153
1.382,0.040500517934560776,0.0,0.013315667398273945,0.06788928806781769
1.3825,0.04050038382411003,0.0,0.013111002743244171,0.06727529317140579
1.383,0.04050033539533615,0.00030517578125,0.012890546582639217,0.06694710999727249
1.3835,0.040500808507204056,0.00030517578125,0.013280578888952732,0.06809992343187332
1.384,0.04050050303339958,0.0,0.01293056458234787,0.0685427188873291
1.3845,0.04050052538514137,0.0,0.012928768061101437,0.06760533899068832
1.385,0.04050057381391525,0.0006103515625,0.013705219142138958,0.0679609626531601
1.3855,0.040500566363334656,0.0006103515625,0.013421033509075642,0.06785228103399277
1.386,0.040500443428754807,0.0,0.01304963231086731,0.06704863905906677
1.3865,0.040500327944755554,0.00030517578125,0.013157735578715801,0.0678657591342926
1.387,0.04050040990114212,0.00030517578125,0.013487509451806545,0.06751476973295212
1.3875,0.0405004546046257,0.0,0.01324522402137518,0.06821224093437195
1.388,0.04050047695636749,0.0,0.013173449784517288,0.06800445914268494
1.3885,0.040500421077013016,0.0,0.013354419730603695,0.06823427230119705
1.389,0.04050059989094734,0.0,0.013371129520237446,0.06781904399394989
1.3895,0.0405002199113369,0.00030517578125,0.013360850512981415,0.06689197570085526
1.39,0.040500495582818985,0.0006103515625,0.012997218407690525,0.06737369298934937
1.3905,0.04050036519765854,-0.00030517578125,0.013597015291452408,0.06760071963071823
1.391,0.04050060734152794,0.00030517578125,0.013210892677307129,0.06762008368968964
1.3915,0.040500182658433914,0.00030517578125,0.013629906810820103,0.06759428977966309
1.392,0.040500152856111526,0.00030517578125,0.013426040299236774,0.06715807318687439
1.3925,0.04050074517726898,0.00030517578125,0.013457790948450565,0.06695391237735748
1.393,0.04050058871507645,0.00030517578125,0.013382341712713242,0.06798320263624191
1.3935,0.04050068184733391,0.0006103515625,0.013323014602065086,0.06748968362808228
1.394,0.04050057753920555,0.0,0.013271855190396309,0.06840923428535461
1.3945,0.04050040245056152,0.00030517578125,0.013256353326141834,0.06794016808271408
1.395,0.04050035402178764,0.00030517578125,0.01309321541339159,0.06736443936824799
1.3955,0.040500275790691376,0.0,0.013635190203785896,0.06776265054941177
1.396,0.0405004620552063,0.00030517578125,0.013202343136072159,0.067561574280262
1.3965,0.04050057753920555,0.00030517578125,0.013411049731075764,0.06798665225505829
1.397,0.040500760078430176,0.00030517578125,0.013135424815118313,0.06813354045152664
1.3975,0.04050041362643242,-0.00030517578125,0.013226468116044998,0.06814782321453094
1.398,0.040500570088624954,-0.00030517578125,0.013325857929885387,0.06793094426393509
1.3985,0.04050050303339958,0.0006103515625,0.013616763055324554,0.06793177127838135
1.399,0.04050038754940033,0.0,0.01353523787111044,0.06777935475111008
1.3995,0.040500540286302567,0.0,0.013255744241178036,0.06746067106723785
1.4,0.04050040245056152,0.00030517578125,0.013693897053599358,0.06755533069372177
1.4005,0.040500663220882416,0.00091552734375,0.013337412849068642,0.0679522231221199
1.401,0.04050048440694809,0.0006103515625,0.01340530626475811,0.06834544986486435
1.4015,0.040500327944755554,0.00030517578125,0.013453125953674316,0.06736776232719421
1.402,0.04050056263804436,0.0,0.013455825857818127,0.06771597266197205
1.4025,0.04050041735172272,0.0006103515625,0.01361804734915495,0.0674571543931961
1.403,0.04050054773688316,0.00030517578125,0.013524923473596573,0.06655377894639969
1.4035,0.04050071910023689,0.0,0.013598274439573288,0.0675060972571373
1.404,0.040500566363334656,0.00030517578125,0.013594543561339378,0.06694790720939636
1.4045,0.040500447154045105,0.00030517578125,0.01365039125084877,0.06844013184309006
1.405,0.04050040245056152,0.00030517578125,0.01343249436467886,0.06779732555150986
1.4055,0.0405004657804966,0.00030517578125,0.013660303317010403,0.06795535236597061
1.406,0.04050043225288391,0.00030517578125,0.013414855115115643,0.06797585636377335
1.4065,0.04050040990114212,0.0006103515625,0.013262723572552204,0.06760875135660172
1.407,0.040500540286302567,0.00030517578125,0.013743102550506592,0.0683990865945816
1.4075,0.04050050303339958,0.0,0.013108723796904087,0.06728082150220871
1.408,0.040500376373529434,0.0,0.013134065084159374,0.06748845428228378
1.4085,0.04050012677907944,-0.00030517578125,0.013586861081421375,0.06721575558185577
1.409,0.04050060361623764,0.00030517578125,0.01345289871096611,0.0671917200088501
1.4095,0.0405002236366272,0.0006103515625,0.013328411616384983,0.06806059926748276
1.41,0.04050050675868988,0.00030517578125,0.013357068412005901,0.06725459545850754
1.4105,0.04050052911043167,0.00030517578125,0.013449438847601414,0.06755733489990234
1.411,0.04050036147236824,0.0006103515625,0.013508285395801067,0.06742552667856216
1.4115,0.040500394999980927,0.00030517578125,0.01337019819766283,0.06680942326784134
1.412,0.04050036147236824,0.00030517578125,0.013194331899285316,0.06714504212141037
1.4125,0.04050077125430107,0.0,0.013226267881691456,0.06787741929292679
1.413,0.040500201284885406,0.0,0.01302364096045494,0.06799264252185822
1.4135,0.04050039127469063,0.0006103515625,0.01324333157390356,0.06755886971950531
1.414,0.04050026834011078,0.00030517578125,0.01339640561491251,0.06719299405813217
1.4145,0.04050007089972496,0.00030517578125,0.013051384128630161,0.06716674566268921
1.415,0.040500421077013016,0.00030517578125,0.0132930101826787,0.0679202452301979
1.4155,0.040500447154045105,0.00091552734375,0.013278467580676079,0.06730739772319794
1.416,0.04050051048398018,0.00030517578125,0.013049250468611717,0.06696837395429611
1.4165,0.04050026461482048,-0.0006103515625,0.013404903002083302,0.06709901988506317
1.417,0.04050036892294884,0.00030517578125,0.01367329340428114,0.06677910685539246
1.4175,0.04050036892294884,0.00091552734375,0.012890391051769257,0.06710778176784515
1.418,0.04050042852759361,0.0,0.013327357359230518,0.06773413717746735
1.4185,0.040500156581401825,0.0,0.013577541336417198,0.06737547367811203
1.419,0.04050055518746376,0.00030517578125,0.013634026050567627,0.06754153221845627
1.4195,0.040500458329916,-0.00030517578125,0.013654270209372044,0.06763248145580292
1.42,0.04050026461482048,0.00030517578125,0.013467062264680862,0.06768805533647537
1.4205,0.04050043597817421,-0.00030517578125,0.013431873172521591,0.06741128116846085
1.421,0.040500458329916,0.00030517578125,0.01381534244865179,0.06709148734807968
1.4215,0.04050060361623764,0.0006103515625,0.013227878138422966,0.06735441833734512
1.422,0.04050019383430481,0.00091552734375,0.013549750670790672,0.06816016137599945
1.4225,0.04050054773688316,0.0,0.013541076332330704,0.06736842542886734
1.423,0.040500741451978683,0.00030517578125,0.013269106857478619,0.06769874691963196
1.4235,0.040500707924366,0.0006103515625,0.013605227693915367,0.0678231492638588
1.424,0.04050061106681824,-0.00030517578125,0.013558242470026016,0.06800469011068344
1.4245,0.04050048068165779,0.00030517578125,0.013316440396010876,0.06761813908815384
1.425,0.04050041362643242,0.0,0.013586754910647869,0.06783232092857361
1.4255,0.04050048068165779,0.00030517578125,0.013643896207213402,0.06839979439973831
1.426,0.04050068557262421,0.0,0.013758369721472263,0.06775446981191635
1.4265,0.04050038382411003,0.0,0.013406574726104736,0.06803403794765472
1.427,0.0405004620552063,-0.00030517578125,0.013558709993958473,0.06780681759119034
1.4275,0.04050065204501152,0.00030517578125,0.0137878293171525,0.06782226264476776
1.428,0.04050054773688316,0.00030517578125,0.013363906182348728,0.06687013059854507
1.4285,0.04050038009881973,0.0,0.013252773322165012,0.0674615129828453
1.429,0.04050041735172272,0.0006103515625,0.013216760940849781,0.06790360808372498
1.4295,0.04050052538514137,0.0,0.013310064561665058,0.06720986217260361
1.43,0.04050062224268913,0.00030517578125,0.013023233972489834,0.06733711063861847
1.4305,0.04050059616565704,-0.00030517578125,0.013533854857087135,0.0683913603425026
1.431,0.040500491857528687,0.0006103515625,0.012955677695572376,0.06720864772796631
1.4315,0.04050038382411003,0.00030517578125,0.01340420451015234,0.06669668108224869
1.432,0.040500707924366,0.0,0.01319799479097128,0.06670031696557999
1.4325,0.04050052538514137,0.00030517578125,0.013516287319362164,0.06811805069446564
1.433,0.04050075635313988,0.0006103515625,0.013199765235185623,0.06792197376489639
1.4335,0.04050063341856003,-0.00030517578125,0.012838969007134438,0.06754958629608154
1.434,0.04050065949559212,0.00030517578125,0.013544251210987568,0.06848413497209549
1.4345,0.04050014913082123,-0.00030517578125,0.01322111114859581,0.06738998740911484
1.435,0.0405004620552063,-0.00030517578125,0.013228768482804298,0.06729672104120255
1.4355,0.04050065949559212,0.00030517578125,0.013310488313436508,0.06728821992874146
1.436,0.04050059616565704,0.0,0.013520481996238232,0.06789874285459518
1.4365,0.0405004546046257,0.0006103515625,0.013486246578395367,0.0668555498123169
1.437,0.04050038754940033,0.00030517578125,0.013225981965661049,0.06699993461370468
1.4375,0.0405004620552063,0.0,0.013551346026360989,0.06775321811437607
1.438,0.04050026461482048,-0.00030517578125,0.013471740297973156,0.06739635020494461
1.4385,0.04050041362643242,0.00030517578125,0.013609686866402626,0.06717506051063538
1.439,0.04050060734152794,0.0,0.013499420136213303,0.0676608458161354
1.4395,0.04050041735172272,0.00030517578125,0.012961659580469131,0.06820683181285858
1.44,0.04050043225288391,0.00030517578125,0.01322159357368946,0.06714925915002823
1.4405,0.04050024598836899,0.0,0.013293617404997349,0.06727699935436249
1.441,0.040500640869140625,0.00030517578125,0.013204552233219147,0.06800245493650436
1.4415,0.04050024598836899,-0.00030517578125,0.013742699287831783,0.06719145178794861
1.442,0.04050033539533615,0.0,0.013380790129303932,0.06706061214208603
1.4425,0.04050058871507645,0.00030517578125,0.013246954418718815,0.06806102395057678
1.443,0.04050068184733391,0.00030517578125,0.013800414279103279,0.06747909635305405
1.4435,0.04050032049417496,-0.00030517578125,0.01316638570278883,0.06735709309577942
1.444,0.040500491857528687,0.00030517578125,0.013097217306494713,0.0679437667131424
1.4445,0.04050064459443092,-0.00030517578125,0.013339654542505741,0.06798212230205536
1.445,0.0405004508793354,0.00030517578125,0.013284055516123772,0.06772667169570923
1.4455,0.04050059616565704,0.0006103515625,0.013050154782831669,0.06698247045278549
1.446,0.040500715374946594,0.0,0.013583226129412651,0.06785448640584946
1.4465,0.04050072655081749,0.00030517578125,0.013658805750310421,0.0677139014005661
1.447,0.04050048440694809,0.0006103515625,0.013198643922805786,0.06721195578575134
1.4475,0.04050048068165779,0.0,0.013724864460527897,0.06825560331344604
1.448,0.04050036892294884,0.0006103515625,0.01314467377960682,0.0680868923664093
1.4485,0.040500789880752563,0.00030517578125,0.013054640032351017,0.06726497411727905
1.449,0.040500376373529434,0.00091552734375,0.013677257113158703,0.06657961755990982
1.4495,0.04050068184733391,0.00030517578125,0.013551010750234127,0.06681399047374725
1.45,0.04050058871507645,0.00030517578125,0.013511694967746735,0.06763677299022675
1.4505,0.04050023853778839,-0.0006103515625,0.012955132871866226,0.06705547124147415
1.451,0.04050064831972122,0.0,0.013525290414690971,0.06739570945501328
1.4515,0.04050039127469063,0.00030517578125,0.013265051878988743,0.06740685552358627
1.452,0.04050032049417496,0.0006103515625,0.013199160806834698,0.06737048178911209
1.4525,0.040500570088624954,-0.00030517578125,0.013355831615626812,0.0666881799697876
1.453,0.040500860661268234,0.0006103515625,0.01329038292169571,0.06877418607473373
1.4535,0.040500544011592865,0.0006103515625,0.013149851933121681,0.0667145624756813
1.454,0.040500618517398834,0.00030517578125,0.01352755632251501,0.06672126799821854
1.4545,0.04050077125430107,0.00030517578125,0.013653520494699478,0.06738273054361343
1.455,0.04050034284591675,0.00030517578125,0.013699838891625404,0.06684917211532593
1.4555,0.04050052911043167,0.0,0.013163967989385128,0.06718940287828445
1.456,0.04050035402178764,0.00030517578125,0.013292812742292881,0.06754261255264282
1.4565,0.04050033912062645,0.0,0.013641582801938057,0.06769605726003647
1.457,0.0405004657804966,0.0,0.012900829315185547,0.06785345822572708
1.4575,0.040500327944755554,-0.00030517578125,0.013373168185353279,0.06684129685163498
1.458,0.040500570088624954,0.0006103515625,0.013543136417865753,0.06707778573036194
1.4585,0.04050036519765854,0.0,0.01354442909359932,0.0675714984536171
1.459,0.04050042852759361,0.00030517578125,0.013779308646917343,0.06713178753852844
1.4595,0.040500376373529434,0.00030517578125,0.013218875043094158,0.06724649667739868
1.46,0.040500398725271225,0.0,0.013474488630890846,0.06777146458625793
1.4605,0.040500521659851074,0.0,0.013619593344628811,0.06783406436443329
1.461,0.04050024598836899,0.0,0.013283598236739635,0.06800209730863571
1.4615,0.04050063714385033,0.00030517578125,0.013537517748773098,0.06780681014060974
1.462,0.040500544011592865,-0.00030517578125,0.013677029870450497,0.06760843843221664
1.4625,0.04050047695636749,0.0006103515625,0.013172144070267677,0.06682515889406204
1.463,0.04050042852759361,0.00030517578125,0.013586846180260181,0.067263163626194
1.4635,0.04050053656101227,0.00030517578125,0.013402317650616169,0.06851930171251297
1.464,0.04050062596797943,0.00030517578125,0.013217941857874393,0.0672307163476944
1.4645,0.04050051048398018,0.0006103515625,0.01365969330072403,0.06827684491872787
1.465,0.04050053656101227,-0.00030517578125,0.013606851920485497,0.06807148456573486
1.4655,0.04050059616565704,-0.00030517578125,0.013478348962962627,0.06764854490756989
1.466,0.040500327944755554,-0.00030517578125,0.013168318197131157,0.06732980906963348
1.4665,0.04050039127469063,0.00030517578125,0.013253199867904186,0.06752996891736984
1.467,0.04050035402178764,0.0006103515625,0.01330212876200676,0.06804010272026062
1.4675,0.040500424802303314,0.00030517578125,0.013713921420276165,0.06753053516149521
1.468,0.040500614792108536,-0.00030517578125,0.01352253183722496,0.06754331290721893
1.4685,0.04050030559301376,0.00030517578125,0.013223115354776382,0.06779514998197556
1.469,0.04050051048398018,0.0006103515625,0.01351846568286419,0.0674002394080162
1.4695,0.04050055146217346,-0.00030517578125,0.013004446402192116,0.06730318069458008
1.47,0.04050081968307495,0.0,0.013593286275863647,0.06751693040132523
1.4705,0.04050038382411003,-0.00030517578125,0.01343686506152153,0.06742225587368011
1.471,0.040500227361917496,0.0006103515625,0.013167155906558037,0.06688220798969269
1.4715,0.04050063714385033,0.0,0.013380772434175014,0.06761723011732101
1.472,0.04050010070204735,0.0006103515625,0.013262062333524227,0.06698527187108994
1.4725,0.04050035402178764,0.0,0.013263103552162647,0.06655073165893555
1.473,0.04050086811184883,0.00030517578125,0.013642597943544388,0.06718631833791733
1.4735,0.0405004546046257,0.00030517578125,0.013670646585524082,0.0674499124288559
1.474,0.04050033539533615,-0.0006103515625,0.013352467678487301,0.06753436475992203
1.4745,0.040500521659851074,-0.00030517578125,0.01379893347620964,0.06708075106143951
1.475,0.04050050303339958,0.0006103515625,0.013345499522984028,0.06733273714780807
1.4755,0.04050043225288391,-0.00030517578125,0.013430971652269363,0.06780435144901276
1.476,0.04050036147236824,0.00030517578125,0.013498418964445591,0.06657982617616653
1.4765,0.04050036519765854,0.00030517578125,0.013186762109398842,0.06624025851488113
1.477,0.04050048440694809,0.0006103515625,0.01341963093727827,0.06817639619112015
1.4775,0.040500182658433914,0.0,0.013164838775992393,0.06739667057991028
1.478,0.04050043597817421,0.00030517578125,0.01345018669962883,0.06755530089139938
1.4785,0.04050055891275406,0.0006103515625,0.013219346292316914,0.06777045130729675
1.479,0.04050043597817421,0.0006103515625,0.013490523211658001,0.0676262304186821
1.4795,0.04050038382411003,0.0,0.013269754126667976,0.06767403334379196
1.48,0.040500544011592865,0.00091552734375,0.013547954149544239,0.06675862520933151
1.4805,0.04050053656101227,0.00030517578125,0.013268777169287205,0.06798546016216278
1.481,0.04050026834011078,-0.00030517578125,0.013090448454022408,0.067650705575943
1.4815,0.04050061106681824,0.0,0.013323016464710236,0.06726783514022827
1.482,0.0405004620552063,0.00030517578125,0.013064275495707989,0.06757435947656631
1.4825,0.040500663220882416,0.0006103515625,0.013318664394319057,0.06730709969997406
1.483,0.04050035774707794,-0.00030517578125,0.013291076757013798,0.06710287183523178
1.4835,0.04050043597817421,0.0006103515625,0.013663933612406254,0.06738468259572983
1.484,0.040500544011592865,0.0,0.013039875775575638,0.06751105934381485
1.4845,0.04050043597817421,0.0,0.013217934407293797,0.06821975111961365
1.485,0.040500517934560776,0.00030517578125,0.013519980013370514,0.06736619770526886
1.4855,0.04050032049417496,0.00030517578125,0.013082314282655716,0.06765986233949661
1.486,0.040500517934560776,0.00030517578125,0.013440768234431744,0.06724560260772705
1.4865,0.04050049930810928,0.0,0.013706284575164318,0.06731899827718735
1.487,0.04050034284591675,0.0,0.013508648611605167,0.06716931611299515
1.4875,0.04050053283572197,0.0,0.013493425212800503,0.0677047073841095
1.488,0.04050040990114212,0.0006103515625,0.013368937186896801,0.06811682879924774
1.4885,0.040500394999980927,0.00030517578125,0.013738473877310753,0.0673433467745781
1.489,0.04050032049417496,-0.00030517578125,0.013568475842475891,0.06751035153865814
1.4895,0.0405004620552063,-0.00030517578125,0.013379269279539585,0.06765690445899963
1.49,0.040500473231077194,0.0006103515625,0.013276890851557255,0.06704788655042648
1.4905,0.040500443428754807,0.0006103515625,0.01344001293182373,0.06682710349559784
1.491,0.04050023853778839,0.0,0.013326815329492092,0.06682435423135757
1.4915,0.04050040617585182,-0.00030517578125,0.013239660300314426,0.06785380095243454
1.492,0.040500398725271225,0.0006103515625,0.013184386305510998,0.06731389462947845
1.4925,0.04050030559301376,0.00030517578125,0.013060818426311016,0.06771916896104813
1.493,0.040500517934560776,0.0,0.013687770813703537,0.06838878244161606
1.4935,0.040500521659851074,0.00030517578125,0.013423585332930088,0.06731753796339035
1.494,0.04050055891275406,0.00030517578125,0.01336520817130804,0.06738398969173431
1.4945,0.04050034284591675,0.00030517578125,0.013115763664245605,0.06766176223754883
1.495,0.04050065577030182,0.00030517578125,0.013377221301198006,0.06767421215772629
1.4955,0.04050056263804436,0.0006103515625,0.013455145992338657,0.06835443526506424
1.496,0.04050059989094734,0.00030517578125,0.013758239336311817,0.06775902211666107
1.4965,0.040500495582818985,0.0,0.013179664500057697,0.0679478719830513
1.497,0.040500458329916,0.00030517578125,0.01353683415800333,0.06761039048433304
1.4975,0.0405004657804966,0.0006103515625,0.013415011577308178,0.0679737851023674
1.498,0.040500398725271225,0.0,0.013565479777753353,0.06853422522544861
1.4985,0.04050055518746376,0.0,0.013439365662634373,0.0677153617143631
1.499,0.04050027206540108,0.00030517578125,0.013047082349658012,0.06745908409357071
1.4995,0.040500458329916,-0.00030517578125,0.013450540602207184,0.06757080554962158
1.5,0.04050050675868988,0.00030517578125,0.01325259916484356,0.06763780862092972
1.5005000000000002,0.040500517934560776,0.00030517578125,0.013352634385228157,0.06728464365005493
1.501,0.04050050303339958,0.0006103515625,0.01338060200214386,0.0677557960152626
1.5015,0.040500473231077194,0.0006103515625,0.01322135515511036,0.0682152733206749
1.5019999999999998,0.040500421077013016,0.0,0.013702964410185814,0.06786295026540756
1.5025,0.04050057753920555,0.00030517578125,0.01380946859717369,0.06727012991905212
1.5030000000000001,0.04050007462501526,0.0006103515625,0.013223076239228249,0.06672218441963196
1.5034999999999998,0.040500346571207047,0.0,0.013139608316123486,0.0673132911324501
1.504,0.04050056263804436,0.00030517578125,0.013527567498385906,0.06750305742025375
1.5045000000000002,0.04050018638372421,0.00030517578125,0.013310844078660011,0.06675826758146286
1.505,0.04050068557262421,0.0,0.013317483477294445,0.06766299903392792
1.5055,0.040500424802303314,0.00030517578125,0.013607504777610302,0.06729760020971298
1.5059999999999998,0.040500279515981674,0.00030517578125,0.013581134378910065,0.0675332099199295
1.5065,0.04050038009881973,-0.0006103515625,0.013198121450841427,0.06762420386075974
1.5070000000000001,0.04050050303339958,0.00030517578125,0.012962994165718555,0.06673672050237656
1.5074999999999998,0.04050035402178764,0.0006103515625,0.013437245972454548,0.06727764755487442
1.508,0.04050024598836899,0.0,0.013079139403998852,0.06693326681852341
1.5085000000000002,0.040500424802303314,0.0,0.013476336374878883,0.06804002821445465
1.509,0.0405004508793354,0.0006103515625,0.0132179856300354,0.06666871160268784
1.5095,0.04050058871507645,0.0,0.013169495388865471,0.06672177463769913
1.5099999999999998,0.04050039127469063,0.00030517578125,0.01349642127752304,0.06721693277359009
1.5105,0.04050053656101227,0.0006103515625,0.013327222317457199,0.06729825586080551
1.5110000000000001,0.04050057381391525,0.0,0.013334408402442932,0.06609678268432617
1.5114999999999998,0.04050049930810928,0.0006103515625,0.013465048745274544,0.06836901605129242
1.512,0.040500458329916,-0.00030517578125,0.013161086477339268,0.06729147583246231
1.5125000000000002,0.04050036892294884,0.00030517578125,0.013532256707549095,0.06752382963895798
1.513,0.040500376373529434,0.00030517578125,0.01325856801122427,0.06765157729387283
1.5135,0.040500421077013016,0.0006103515625,0.013339869678020477,0.06728753447532654
1.5139999999999998,0.04050053656101227,0.00030517578125,0.013654593378305435,0.0673237070441246
1.5145,0.04050050675868988,-0.0006103515625,0.01283017173409462,0.0676795169711113
1.5150000000000001,0.040500372648239136,0.0,0.013106010854244232,0.06795966625213623
1.5154999999999998,0.04050041362643242,0.0006103515625,0.01345565915107727,0.06735589355230331
1.516,0.040500279515981674,0.0,0.013217237778007984,0.06658374518156052
1.5165000000000002,0.04050058871507645,0.0006103515625,0.012828754261136055,0.06788191199302673
1.517,0.04050038754940033,0.0,0.013209851458668709,0.06808054447174072
1.5175,0.04050033539533615,0.0,0.013564283028244972,0.06725370138883591
1.5179999999999998,0.04050024598836899,0.00030517578125,0.013402816839516163,0.06679452210664749
1.5185,0.04050059616565704,0.00030517578125,0.012934348545968533,0.0683596134185791
1.5190000000000001,0.040500298142433167,0.0006103515625,0.01358027569949627,0.06763100624084473
1.5194999999999999,0.04050048440694809,-0.00030517578125,0.013243691064417362,0.06737836450338364
1.52,0.040500298142433167,0.00030517578125,0.013466381467878819,0.06779694557189941
1.5205000000000002,0.040500469505786896,0.0006103515625,0.01316708605736494,0.06821303069591522
1.521,0.04050028324127197,0.00030517578125,0.013096008449792862,0.06824517250061035
1.5215,0.04050052911043167,0.0,0.013253163546323776,0.0670492947101593
1.5219999999999998,0.04050030559301376,0.0006103515625,0.01337402779608965,0.06836648285388947
1.5225,0.04050041735172272,0.00030517578125,0.01320834644138813,0.06779111921787262
1.5230000000000001,0.04050048440694809,0.00030517578125,0.013173158280551434,0.06709275394678116
1.5234999999999999,0.04050047695636749,0.0,0.013393430970609188,0.06799398362636566
1.524,0.04050058126449585,0.00030517578125,0.013189472258090973,0.06783120334148407
1.5245000000000002,0.04050036519765854,0.00030517578125,0.013470074161887169,0.0667266920208931
1.525,0.040500350296497345,0.00030517578125,0.013225052505731583,0.06763266772031784
1.5255,0.04050085321068764,0.0,0.013442968018352985,0.06840205937623978
1.5259999999999998,0.04050040617585182,0.00030517578125,0.013408202677965164,0.06855417788028717
1.5265,0.04050031676888466,0.00030517578125,0.013208385556936264,0.06734450161457062
1.5270000000000001,0.04050041735172272,0.0006103515625,0.01306487899273634,0.06702174246311188
1.5274999999999999,0.04050038754940033,0.00030517578125,0.01342989131808281,0.06716850399971008
1.528,0.040500473231077194,0.0,0.013147657737135887,0.06727427989244461
1.5285000000000002,0.04050050303339958,-0.00030517578125,0.01349419355392456,0.06712079793214798
1.529,0.04050052911043167,0.00030517578125,0.013233227655291557,0.06797312945127487
1.5295,0.040500346571207047,0.0,0.013518163003027439,0.06765078008174896
1.5299999999999998,0.04049999266862869,-0.00030517578125,0.013239310123026371,0.06599587202072144
1.5305,0.04050031676888466,0.00030517578125,0.013610567897558212,0.06783683598041534
1.5310000000000001,0.040500544011592865,0.00030517578125,0.013330543413758278,0.06761602312326431
1.5314999999999999,0.040500398725271225,0.0,0.01328777614980936,0.06649181246757507
1.532,0.04050052538514137,-0.00030517578125,0.013400185853242874,0.06716079264879227
1.5325000000000002,0.040500663220882416,0.0006103515625,0.01335171703249216,0.0682820975780487
1.533,0.04050053283572197,0.00030517578125,0.013123994693160057,0.06730841100215912
1.5335,0.04050023481249809,0.00030517578125,0.013296523131430149,0.06691987812519073
1.5339999999999998,0.04050062596797943,0.00091552734375,0.013506782241165638,0.06689760833978653
1.5345,0.04050058498978615,0.00030517578125,0.01327988225966692,0.06764702498912811
1.5350000000000001,0.040500424802303314,0.00030517578125,0.013749958947300911,0.0663008764386177
1.5354999999999999,0.04050055518746376,0.0,0.013313857838511467,0.06743383407592773
1.536,0.040500346571207047,0.00030517578125,0.012856806628406048,0.06670637428760529
1.5365000000000002,0.04050058871507645,0.00030517578125,0.013219540007412434,0.06677111238241196
1.537,0.04050055891275406,0.00030517578125,0.013083570636808872,0.06757260113954544
1.5375,0.040500614792108536,0.00030517578125,0.013446154072880745,0.06712928414344788
1.5379999999999998,0.04050047695636749,0.00030517578125,0.013614393770694733,0.06740240007638931
1.5385,0.04050048440694809,0.0006103515625,0.01271264348179102,0.06728452444076538
1.5390000000000001,0.04050048440694809,0.00030517578125,0.013747649267315865,0.06704514473676682
1.5394999999999999,0.040500275790691376,0.0006103515625,0.013182628899812698,0.06807824224233627
1.54,0.040500249713659286,0.0,0.013182466849684715,0.06729937344789505
1.5405000000000002,0.04050040617585182,0.00030517578125,0.01377356518059969,0.06709247827529907
1.541,0.040500566363334656,0.00030517578125,0.013249451294541359,0.06770853698253632
1.5415,0.040500544011592865,0.00030517578125,0.013688208535313606,0.06669508665800095
1.5419999999999998,0.04050041735172272,0.00030517578125,0.013695578090846539,0.06701299548149109
1.5425,0.04050036147236824,0.0,0.013246365822851658,0.06724153459072113
1.5430000000000001,0.040500208735466,0.0006103515625,0.013512707315385342,0.06776907294988632
1.5434999999999999,0.04050041362643242,0.0,0.01321636512875557,0.06762555241584778
1.544,0.04050043970346451,0.0006103515625,0.013413306325674057,0.06752296537160873
1.5445000000000002,0.04050043970346451,0.00030517578125,0.013420318253338337,0.06788696348667145
1.545,0.040500566363334656,0.0,0.013139749877154827,0.06740347295999527
1.5455,0.04050057753920555,0.0,0.013554062694311142,0.06731151789426804
1.5459999999999998,0.04050040990114212,0.0006103515625,0.013526907190680504,0.06779941916465759
1.5465,0.04050049930810928,0.0,0.013208137825131416,0.06796826422214508
1.5470000000000002,0.04050051420927048,0.0,0.012942234985530376,0.06785980612039566
1.5474999999999999,0.04050057381391525,0.0006103515625,0.013535605743527412,0.06700541079044342
1.548,0.040500540286302567,0.00030517578125,0.01341259479522705,0.06750156730413437
1.5485000000000002,0.04050051048398018,0.0,0.01333561446517706,0.06707824766635895
1.549,0.04050068184733391,0.0,0.013635281473398209,0.06768220663070679
1.5495,0.04050053656101227,0.0,0.013104201294481754,0.06770095229148865
1.5499999999999998,0.04050048440694809,0.0,0.013372055254876614,0.06761899590492249
1.5505,0.040500253438949585,-0.0006103515625,0.01333172433078289,0.06756284087896347
1.5510000000000002,0.04050063714385033,0.00030517578125,0.013841891661286354,0.06744252890348434
1.5514999999999999,0.040500741451978683,0.00030517578125,0.01373970229178667,0.06783980876207352
1.552,0.04050047695636749,0.0,0.013100954703986645,0.06721246242523193
1.5525000000000002,0.04050067812204361,0.00030517578125,0.013699560426175594,0.06786270439624786
1.553,0.04050062224268913,0.00030517578125,0.013400537893176079,0.06855219602584839
1.5535,0.04050062224268913,-0.0006103515625,0.013077087700366974,0.06794119626283646
1.5539999999999998,0.04050050303339958,0.00030517578125,0.01334807462990284,0.06762894243001938
1.5545,0.04050060734152794,0.0006103515625,0.01338235940784216,0.06758977472782135
1.5550000000000002,0.04050036519765854,0.00030517578125,0.01336368266493082,0.06723199039697647
1.5554999999999999,0.040500760078430176,0.0,0.013410805724561214,0.06751427054405212
1.556,0.04050060734152794,0.0,0.013174560852348804,0.06798486411571503
1.5565000000000002,0.04050048813223839,0.00030517578125,0.013010681606829166,0.0680382028222084
1.557,0.0405004620552063,-0.00030517578125,0.013328701257705688,0.06806337833404541
1.5575,0.040500458329916,-0.0006103515625,0.013189624063670635,0.06686759740114212
1.5579999999999998,0.040500473231077194,0.00030517578125,0.013646336272358894,0.06767657399177551
1.5585,0.04050030931830406,0.0,0.013073494657874107,0.0672641471028328
1.5590000000000002,0.04050039127469063,0.00030517578125,0.013685851357877254,0.06729979813098907
1.5594999999999999,0.040500495582818985,0.00030517578125,0.013266238383948803,0.06729034334421158
1.56,0.0405004620552063,0.00030517578125,0.013064277358353138,0.06738808751106262
1.5605000000000002,0.04050013795495033,0.00030517578125,0.013266314752399921,0.06751912832260132
1.561,0.04050026088953018,0.0006103515625,0.01326784584671259,0.06716473400592804
1.5615,0.040500517934560776,0.0006103515625,0.013510460034012794,0.06754778325557709
1.5619999999999998,0.04050036892294884,-0.00030517578125,0.01313799899071455,0.0678994208574295
1.5625,0.04050040990114212,0.00030517578125,0.0136552220210433,0.06786834448575974
1.5630000000000002,0.04050050675868988,0.00030517578125,0.013431869447231293,0.06732551753520966
1.5635,0.04050034284591675,0.00030517578125,0.01326992642134428,0.0677075907588005
1.564,0.040500447154045105,0.0006103515625,0.013138961046934128,0.06758292764425278
1.5644999999999998,0.040500108152627945,0.0006103515625,0.013280966319143772,0.06744581460952759
1.565,0.04050055518746376,0.00030517578125,0.013365677557885647,0.06817860156297684
1.5655000000000001,0.04050060734152794,0.00030517578125,0.013215179555118084,0.06848705559968948
1.5659999999999998,0.04050057381391525,0.0006103515625,0.013510161079466343,0.06846478581428528
1.5665,0.04050033167004585,0.00030517578125,0.013388354331254959,0.0673552006483078
1.5670000000000002,0.04050043225288391,0.0,0.013262657448649406,0.06818452477455139
1.5675,0.04050047695636749,-0.00030517578125,0.0131037887185812,0.06741423159837723
1.568,0.04050067439675331,0.0,0.013345085084438324,0.06752809137105942
1.5684999999999998,0.04050035774707794,0.0,0.013327529653906822,0.0673932284116745
1.569,0.04050081595778465,0.00030517578125,0.012667099013924599,0.06774308532476425
1.5695000000000001,0.04050055518746376,0.0,0.013536909595131874,0.06723087280988693
1.5699999999999998,0.0405004620552063,-0.00030517578125,0.013064473867416382,0.06706802546977997
1.5705,0.040500372648239136,0.00030517578125,0.013294783420860767,0.0677177906036377
1.5710000000000002,0.04050036147236824,0.00030517578125,0.013395695947110653,0.06705845147371292
1.5715,0.04050057753920555,0.00030517578125,0.013629782013595104,0.06725995242595673
1.572,0.04050019010901451,0.0,0.013441317714750767,0.0671292096376419
1.5724999999999998,0.040500517934560776,-0.00030517578125,0.01351908128708601,0.06757181137800217
1.573,0.0405004620552063,0.0,0.013068079948425293,0.06768517196178436
1.5735000000000001,0.04050036519765854,0.0,0.013316343538463116,0.06697791069746017
1.5739999999999998,0.040500394999980927,0.0,0.013260322622954845,0.06780307739973068
1.5745,0.04050048068165779,0.00030517578125,0.012921926565468311,0.06765725463628769
1.5750000000000002,0.04050068557262421,0.0006103515625,0.013362482190132141,0.06705250591039658
1.5755,0.040500469505786896,0.00030517578125,0.013204434886574745,0.06741942465305328
1.576,0.0405007041990757,0.00030517578125,0.013485506176948547,0.06698065251111984
1.5764999999999998,0.04050055146217346,0.00030517578125,0.013194529339671135,0.067594513297081
1.577,0.04050019383430481,0.00030517578125,0.013133474625647068,0.06711350381374359
1.5775000000000001,0.040500458329916,0.0,0.012996586039662361,0.06717804074287415
1.5779999999999998,0.04050031304359436,0.0006103515625,0.013132836669683456,0.06726513803005219
1.5785,0.0405006930232048,0.0006103515625,0.013114317320287228,0.06753381341695786
1.5790000000000002,0.04050048440694809,0.00030517578125,0.013351790606975555,0.06823670864105225
1.5795,0.040500614792108536,0.0,0.01344181690365076,0.0667092502117157
1.58,0.04050067812204361,0.00030517578125,0.012882101349532604,0.06732288002967834
1.5804999999999998,0.04050042852759361,0.0,0.013574675656855106,0.06741663813591003
1.581,0.0405004508793354,0.0,0.013346158899366856,0.0678747370839119
1.5815000000000001,0.04050031304359436,0.00030517578125,0.01347758062183857,0.06766702979803085
1.5819999999999999,0.040500372648239136,0.0,0.01332434918731451,0.06755036860704422
1.5825,0.040500249713659286,0.0,0.013145904056727886,0.0674964115023613
1.5830000000000002,0.04050047695636749,0.00030517578125,0.013959310948848724,0.06774207949638367
1.5835,0.040500495582818985,0.0,0.013095321133732796,0.06773785501718521
1.584,0.040500424802303314,0.0006103515625,0.013420039787888527,0.06788613647222519
1.5844999999999998,0.04050048068165779,0.00091552734375,0.013062112964689732,0.0680774599313736
1.585,0.04050057381391525,0.00030517578125,0.013291536830365658,0.06813233345746994
1.5855000000000001,0.04050055146217346,0.0006103515625,0.013368729501962662,0.06774800270795822
1.5859999999999999,0.040500544011592865,0.0,0.01340910792350769,0.06827837973833084
1.5865,0.04050032049417496,0.00030517578125,0.013433444313704967,0.06777676194906235
1.5870000000000002,0.040500424802303314,-0.00030517578125,0.0127489622682333,0.06761925667524338
1.5875,0.040500711649656296,-0.00030517578125,0.013031437061727047,0.06724464893341064
1.588,0.040500346571207047,-0.00030517578125,0.013303841464221478,0.06801343709230423
1.5884999999999998,0.04050058126449585,0.00030517578125,0.013343512080609798,0.06759320199489594
1.589,0.04050040245056152,0.00030517578125,0.013316739350557327,0.06713633984327316
1.5895000000000001,0.04050039127469063,0.0,0.013066825456917286,0.06757058203220367
1.5899999999999999,0.040500469505786896,0.0,0.013271048665046692,0.06772053986787796
1.5905,0.040500152856111526,0.00030517578125,0.013149588368833065,0.06729783117771149
1.5910000000000002,0.04050026088953018,0.0,0.013103323057293892,0.06635133177042007
1.5915,0.04050061106681824,0.0006103515625,0.013188122771680355,0.06815182417631149
1.592,0.04050063341856003,-0.00030517578125,0.013551591895520687,0.06767665594816208
1.5924999999999998,0.04050052911043167,0.00091552734375,0.013442731462419033,0.06764548271894455
1.593,0.04050040245056152,0.00030517578125,0.013529134914278984,0.06822308152914047
1.5935000000000001,0.04050040245056152,0.0006103515625,0.01323117408901453,0.06740391999483109
1.5939999999999999,0.04050048068165779,0.0,0.013226515613496304,0.06782961636781693
1.5945,0.04050040617585182,-0.00030517578125,0.013183933682739735,0.06665080040693283
1.5950000000000002,0.0405007041990757,0.0006103515625,0.01311637181788683,0.06851941347122192
1.5955,0.040500275790691376,0.0,0.013477133587002754,0.06762333959341049
1.596,0.040500469505786896,0.00030517578125,0.013099854812026024,0.06690137833356857
1.5964999999999998,0.04050075635313988,0.0,0.013552987016737461,0.06826353073120117
1.597,0.04050043597817421,0.0006103515625,0.01306179165840149,0.06744430959224701
1.5975000000000001,0.04050067812204361,0.0006103515625,0.013353272341191769,0.0673147588968277
1.5979999999999999,0.04050063714385033,0.00030517578125,0.013270927593111992,0.06743351370096207
1.5985,0.04050062969326973,-0.00030517578125,0.013402826152741909,0.06818605959415436
1.5990000000000002,0.040500059723854065,0.00030517578125,0.013445558026432991,0.06718631833791733
1.5995,0.0405004657804966,0.00030517578125,0.013293030671775341,0.06717618554830551
1.6,0.04050058871507645,0.0,0.013656367547810078,0.06727056205272675
1.6004999999999998,0.040500372648239136,0.0006103515625,0.013159846886992455,0.06710146367549896
1.601,0.04050043970346451,0.00030517578125,0.01341947726905346,0.06709091365337372
1.6015000000000001,0.040500134229660034,0.0006103515625,0.013503982685506344,0.06701042503118515
1.6019999999999999,0.04050053656101227,0.0,0.014013332314789295,0.06775835156440735
1.6025,0.040500327944755554,0.00030517578125,0.013271217234432697,0.06717123836278915
1.6030000000000002,0.04050059616565704,0.00030517578125,0.013766483403742313,0.06660088151693344
1.6035,0.04050052911043167,0.0006103515625,0.013576860539615154,0.06818164885044098
1.604,0.04050043225288391,0.00091552734375,0.01299101859331131,0.06796293705701828
1.6044999999999998,0.04050033167004585,-0.00030517578125,0.013009744696319103,0.06730236113071442
1.605,0.04050017148256302,0.0006103515625,0.01329872291535139,0.06737064570188522
1.6055000000000001,0.040500424802303314,0.00030517578125,0.013581594452261925,0.06854958087205887
1.6059999999999999,0.04050058498978615,-0.0006103515625,0.012946661561727524,0.06757055968046188
1.6065,0.04050068557262421,0.0006103515625,0.01386480312794447,0.06808541715145111
1.6070000000000002,0.04050057381391525,0.0,0.013158487156033516,0.06803029030561447
1.6075,0.04050038754940033,0.00030517578125,0.013840771280229092,0.06736332178115845
1.608,0.04050048813223839,0.0006103515625,0.012892059050500393,0.06703736633062363
1.6084999999999998,0.04050048440694809,0.0,0.01358284242451191,0.06718436628580093
1.609,0.04050048813223839,0.0,0.01358418446034193,0.06774165481328964
1.6095000000000002,0.040500473231077194,0.0006103515625,0.013177667744457722,0.06744720786809921
1.6099999999999999,0.04050038754940033,0.0006103515625,0.013356010429561138,0.06745506823062897
1.6105,0.04050038382411003,0.00030517578125,0.013226252049207687,0.06742645800113678
1.6110000000000002,0.040500618517398834,0.00030517578125,0.013250701129436493,0.06762813031673431
1.6115,0.040500544011592865,0.0006103515625,0.01352520752698183,0.06725439429283142
1.612,0.04050058871507645,0.00030517578125,0.01376262865960598,0.06702923029661179
1.6124999999999998,0.040500421077013016,0.0006103515625,0.01355896145105362,0.06774318218231201
1.613,0.040500372648239136,0.00030517578125,0.013183638453483582,0.06780170649290085
1.6135000000000002,0.04050061106681824,0.0,0.013605117797851562,0.06702938675880432
1.6139999999999999,0.04050033539533615,0.00030517578125,0.013101915828883648,0.06793510168790817
1.6145,0.04050051420927048,0.0,0.013259632512927055,0.06830205768346786
1.6150000000000002,0.040500327944755554,0.0,0.013336123898625374,0.06698611378669739
1.6155,0.0405006930232048,0.00030517578125,0.01336101908236742,0.0673593282699585
1.616,0.040500372648239136,0.00030517578125,0.01337294839322567,0.06723997741937637
1.6164999999999998,0.04050032049417496,0.0006103515625,0.013523737899959087,0.06743624806404114
1.617,0.04050057381391525,0.0,0.013614058494567871,0.06737562268972397
1.6175000000000002,0.040500458329916,0.00030517578125,0.013319991528987885,0.06763230264186859
1.6179999999999999,0.04050048440694809,0.0,0.013262367807328701,0.06795070320367813
1.6185,0.04050035402178764,0.00030517578125,0.013471011072397232,0.06745593249797821
1.6190000000000002,0.04050074517726898,0.0006103515625,0.013547547161579132,0.0673551931977272
1.6195,0.04050040245056152,-0.00030517578125,0.013221345841884613,0.06795984506607056
1.62,0.04050043597817421,0.0,0.013891981914639473,0.0675889328122139
1.6204999999999998,0.0405004508793354,0.0006103515625,0.01314045861363411,0.06777380406856537
1.621,0.040500275790691376,0.00030517578125,0.01347708236426115,0.06735426187515259
1.6215000000000002,0.040500443428754807,0.0006103515625,0.013223881833255291,0.06803543865680695
1.6219999999999999,0.04050038009881973,-0.00030517578125,0.01388331688940525,0.06718814373016357
1.6225,0.040500473231077194,0.00030517578125,0.013457750901579857,0.0661812499165535
1.6230000000000002,0.040500394999980927,0.0006103515625,0.013039033859968185,0.06784459948539734
1.6235,0.04050073027610779,0.00030517578125,0.013334588147699833,0.06717032194137573
1.624,0.040500421077013016,0.00030517578125,0.013704363256692886,0.06725352257490158
1.6244999999999998,0.04050048440694809,0.00030517578125,0.013246358372271061,0.06757905334234238
1.625,0.04050043225288391,0.0,0.01325223222374916,0.06753506511449814
1.6255000000000002,0.04050026461482048,0.00030517578125,0.01334659568965435,0.06823021173477173
1.626,0.04050026461482048,0.0006103515625,0.013845783658325672,0.06718859076499939
1.6265,0.04050039127469063,0.00030517578125,0.01337846927344799,0.06761084496974945
1.6269999999999998,0.04050035402178764,0.00030517578125,0.013609787449240685,0.06775055080652237
1.6275,0.040500394999980927,0.0006103515625,0.013533911667764187,0.06706269830465317
1.6280000000000001,0.040500301867723465,0.00030517578125,0.013622279278934002,0.06751225888729095
1.6284999999999998,0.0405002161860466,-0.00030517578125,0.013550764881074429,0.06745237112045288
1.629,0.04050054773688316,0.00030517578125,0.013753470964729786,0.06707856059074402
1.6295000000000002,0.040500156581401825,0.0,0.013562172651290894,0.06628178060054779
1.63,0.04050033912062645,0.0,0.01327733974903822,0.067349374294281
1.6305,0.04050050303339958,0.00030517578125,0.013203413225710392,0.06795746833086014
1.6309999999999998,0.04050028696656227,-0.00030517578125,0.013545787893235683,0.06677204370498657
1.6315,0.04050052911043167,0.00030517578125,0.013344109989702702,0.06817024201154709
1.6320000000000001,0.04050039127469063,0.00030517578125,0.013420285657048225,0.06758655607700348
1.6324999999999998,0.04050048068165779,0.00030517578125,0.01357296109199524,0.06749837845563889
1.633,0.04050054773688316,0.0006103515625,0.013562208041548729,0.06709365546703339
1.6335000000000002,0.040500346571207047,0.00030517578125,0.013535589911043644,0.06740821897983551
1.634,0.040500570088624954,0.0006103515625,0.013703282922506332,0.0675865188241005
1.6345,0.04050040245056152,0.00030517578125,0.013452999293804169,0.0672803446650505
1.6349999999999998,0.040500253438949585,0.0,0.013142266310751438,0.06748558580875397
1.6355,0.04050065577030182,0.00030517578125,0.013328439556062222,0.06797607988119125
1.6360000000000001,0.040500689297914505,0.00030517578125,0.013452984392642975,0.06741759181022644
1.6364999999999998,0.04050055891275406,-0.00030517578125,0.012897687032818794,0.06750994175672531
1.637,0.04050062224268913,-0.00030517578125,0.01346441637724638,0.0679050087928772
1.6375000000000002,0.040500737726688385,0.00030517578125,0.013371763750910759,0.06702347844839096
1.638,0.04050026461482048,0.00030517578125,0.013049134984612465,0.06733831018209457
1.6385,0.0405002199113369,0.0,0.013080470263957977,0.06773658841848373
1.6389999999999998,0.040500517934560776,0.0,0.013485394418239594,0.06797381490468979
1.6395,0.04050033539533615,0.00030517578125,0.01315783616155386,0.06763935089111328
1.6400000000000001,0.040500201284885406,0.0006103515625,0.01329545583575964,0.0666671097278595
1.6404999999999998,0.04050043225288391,0.0006103515625,0.013351937755942345,0.06761593371629715
1.641,0.040500394999980927,0.00030517578125,0.013177803717553616,0.06722946465015411
1.6415000000000002,0.04050077497959137,0.0006103515625,0.01301464531570673,0.06747984886169434
1.642,0.04050043970346451,0.00030517578125,0.013581082224845886,0.06793823093175888
1.6425,0.04050049930810928,0.00030517578125,0.013461019843816757,0.06728162616491318
1.6429999999999998,0.04050052911043167,0.0,0.013467882759869099,0.06748713552951813
1.6435,0.040500495582818985,0.00030517578125,0.01335961278527975,0.06741713732481003
1.6440000000000001,0.040500544011592865,0.0,0.0131410863250494,0.06745107471942902
1.6444999999999999,0.04050038754940033,0.0006103515625,0.013261761516332626,0.06774815917015076
1.645,0.0405004546046257,-0.00030517578125,0.013146620243787766,0.067324198782444
1.6455000000000002,0.040500469505786896,0.0006103515625,0.013386555947363377,0.06747351586818695
1.646,0.0405004657804966,0.00030517578125,0.0135347256436944,0.06750592589378357
1.6465,0.04050025716423988,0.00030517578125,0.013261258602142334,0.06713684648275375
1.6469999999999998,0.04050055518746376,0.0006103515625,0.013544309884309769,0.06719114631414413
1.6475,0.04050058871507645,-0.00030517578125,0.013307681307196617,0.06746537238359451
1.6480000000000001,0.04050035774707794,0.0,0.01308851782232523,0.06761433929204941
1.6484999999999999,0.04050035402178764,0.00030517578125,0.012870416045188904,0.06680566072463989
1.649,0.04050055518746376,0.00030517578125,0.013246732763946056,0.06815703213214874
1.6495000000000002,0.04050060361623764,-0.00030517578125,0.013675717636942863,0.06787575781345367
1.65,0.04050041362643242,-0.00030517578125,0.013267013244330883,0.0668705552816391
1.6505,0.040500372648239136,0.00030517578125,0.013530027121305466,0.06705482304096222
1.6509999999999998,0.04050042852759361,0.0,0.013381397351622581,0.06741782277822495
1.6515,0.040500372648239136,-0.00091552734375,0.013247136026620865,0.06729771941900253
1.6520000000000001,0.040500376373529434,0.0,0.013421586714684963,0.06720702350139618
1.6524999999999999,0.040500424802303314,0.00030517578125,0.013648566789925098,0.0679251030087471
1.653,0.040500279515981674,0.00030517578125,0.013355497270822525,0.06825172901153564
1.6535000000000002,0.04050048068165779,0.0006103515625,0.01338837668299675,0.06761976331472397
1.654,0.04050078243017197,0.00030517578125,0.013382431119680405,0.06703219562768936
1.6545,0.04050041735172272,0.0006103515625,0.01340053416788578,0.06745440512895584
1.6549999999999998,0.040500350296497345,0.0006103515625,0.013250401243567467,0.06831754744052887
1.6555,0.04050031676888466,0.0006103515625,0.013323557563126087,0.06719834357500076
1.6560000000000001,0.04050056263804436,0.0006103515625,0.013258776627480984,0.06785736978054047
1.6564999999999999,0.04050061106681824,0.00030517578125,0.013140575960278511,0.06747008115053177
1.657,0.04050043970346451,0.00030517578125,0.013223471119999886,0.06697150319814682
1.6575000000000002,0.04050041362643242,0.0006103515625,0.013159128837287426,0.06776635348796844
1.658,0.04050054773688316,0.0,0.013309547677636147,0.06773556023836136
1.6585,0.04050041362643242,0.0,0.013097378425300121,0.06829887628555298
1.6589999999999998,0.04050038009881973,0.0006103515625,0.013363305479288101,0.06783977895975113
1.6595,0.040500737726688385,0.00030517578125,0.013505196198821068,0.06771402806043625
1.6600000000000001,0.04050048068165779,0.0,0.013078897260129452,0.06765076518058777
1.6604999999999999,0.040500570088624954,0.00030517578125,0.013395782560110092,0.06733714789152145
1.661,0.04050065204501152,0.0,0.013219245709478855,0.06709454953670502
1.6615000000000002,0.040500495582818985,-0.00030517578125,0.013090338557958603,0.06766393035650253
1.662,0.04050038754940033,0.00030517578125,0.013342635706067085,0.06819427758455276
1.6625,0.040500421077013016,0.00030517578125,0.013196264393627644,0.06709911674261093
1.6629999999999998,0.04050050303339958,0.0006103515625,0.013463868759572506,0.06789405643939972
1.6635,0.0405002236366272,0.0,0.013234886340796947,0.06800246238708496
1.6640000000000001,0.04050065577030182,0.00030517578125,0.013447144068777561,0.06715483963489532
1.6644999999999999,0.040500398725271225,0.0006103515625,0.013569144532084465,0.06653810292482376
1.665,0.04050026088953018,0.0,0.013183367438614368,0.06705735623836517
1.6655000000000002,0.04050033539533615,0.00030517578125,0.01347772590816021,0.06813476234674454
1.666,0.040500398725271225,0.00030517578125,0.013126671314239502,0.06777233630418777
1.6665,0.04050043970346451,0.00030517578125,0.01348039135336876,0.06740813702344894
1.6669999999999998,0.04050032049417496,0.00030517578125,0.013061736710369587,0.06754948198795319
1.6675,0.040500372648239136,0.00030517578125,0.013523167930543423,0.06722257286310196
1.6680000000000001,0.04050024598836899,0.0,0.01325266994535923,0.0662485882639885
1.6684999999999999,0.04050048440694809,0.0,0.012869453988969326,0.06730823218822479
1.669,0.040500469505786896,0.0,0.013498341664671898,0.0673445612192154
1.6695000000000002,0.04050038754940033,0.00030517578125,0.013661213219165802,0.0670902356505394
1.67,0.04050023853778839,0.00030517578125,0.013200082816183567,0.06737224012613297
1.6705,0.04050040617585182,0.0,0.01330727618187666,0.06724636256694794
1.6709999999999998,0.040500473231077194,-0.00030517578125,0.013326724991202354,0.06776861846446991
1.6715,0.04050036519765854,0.0006103515625,0.013475003652274609,0.06697404384613037
1.6720000000000002,0.040500707924366,0.00030517578125,0.013133593834936619,0.06662162393331528
1.6724999999999999,0.040500521659851074,0.0,0.013393471017479897,0.06780751794576645
1.673,0.040500540286302567,0.0,0.013259495608508587,0.06788685917854309
1.6735000000000002,0.04050060361623764,0.00030517578125,0.012649103999137878,0.06763165444135666
1.674,0.04050038009881973,0.0,0.012944071553647518,0.06778421998023987
1.6745,0.0405004508793354,0.00030517578125,0.013204972259700298,0.06763028353452682
1.6749999999999998,0.04050050675868988,0.0,0.013638880103826523,0.06720924377441406
1.6755,0.04050048813223839,0.0,0.01315633300691843,0.06720735132694244
1.6760000000000002,0.04050067067146301,0.0,0.013476378284394741,0.06883396953344345
1.6764999999999999,0.04050052911043167,0.00030517578125,0.013833843171596527,0.067368283867836
1.677,0.040500421077013016,0.0006103515625,0.013137842528522015,0.06712627410888672
1.6775000000000002,0.04050043597817421,0.0,0.013739672489464283,0.06845448911190033
1.678,0.040500566363334656,0.0,0.013583953492343426,0.067456915974617
1.6785,0.04050033167004585,0.00030517578125,0.01309995912015438,0.06772016733884811
1.6789999999999998,0.04050018638372421,0.0,0.013702643103897572,0.06790509819984436
1.6795,0.040500473231077194,0.00030517578125,0.013237832114100456,0.06782574206590652
1.6800000000000002,0.04050028324127197,0.0006103515625,0.01342394482344389,0.06787355989217758
1.6804999999999999,0.04050038754940033,0.001220703125,0.013328640721738338,0.06751205772161484
1.681,0.0405004508793354,0.0,0.013325128704309464,0.06763683259487152
1.6815000000000002,0.040500298142433167,0.0,0.013324510306119919,0.0677107572555542
1.682,0.04050038754940033,0.00030517578125,0.013559923507273197,0.0679599717259407
1.6825,0.04050041362643242,0.00030517578125,0.01324482075870037,0.06733720749616623
1.6829999999999998,0.040500521659851074,0.00030517578125,0.013445593416690826,0.06726039201021194
1.6835,0.04050026088953018,-0.00030517578125,0.013532128185033798,0.06790366768836975
1.6840000000000002,0.04050026461482048,-0.00030517578125,0.013391883112490177,0.06800652295351028
1.6844999999999999,0.04050073027610779,0.00030517578125,0.013526487164199352,0.06831227242946625
1.685,0.04050043970346451,0.0006103515625,0.013664384372532368,0.0676383525133133
1.6855000000000002,0.040500443428754807,0.0006103515625,0.013178767636418343,0.06696924567222595
1.686,0.04050036892294884,0.00030517578125,0.013439889997243881,0.0674738883972168
1.6865,0.04050048813223839,0.0006103515625,0.013608837500214577,0.06816575676202774
1.6869999999999998,0.040500570088624954,0.0,0.01322239264845848,0.06752944737672806
1.6875,0.0405002236366272,0.0,0.013499431312084198,0.06725814193487167
1.6880000000000002,0.040500447154045105,0.0006103515625,0.013430722057819366,0.0676158219575882
1.6885,0.04050058871507645,-0.00030517578125,0.013190810568630695,0.06720921397209167
1.689,0.04050031304359436,0.00030517578125,0.013363120146095753,0.06723281741142273
1.6894999999999998,0.04050043225288391,-0.00030517578125,0.013188832439482212,0.06721414625644684
1.69,0.0405004657804966,0.0,0.01350503321737051,0.0680592879652977
1.6905000000000001,0.04050026461482048,0.0006103515625,0.013219717890024185,0.06747915595769882
1.6909999999999998,0.04050036147236824,0.0,0.01344537828117609,0.06705348938703537
1.6915,0.040500491857528687,0.0,0.01360243558883667,0.06718779355287552
1.6920000000000002,0.04050033912062645,0.00030517578125,0.012858573347330093,0.0674787312746048
1.6925,0.0405004620552063,0.00030517578125,0.013276792131364346,0.06764867901802063
1.693,0.04050034284591675,0.00030517578125,0.013051745481789112,0.06697136908769608
1.6934999999999998,0.040500447154045105,0.00030517578125,0.013404903002083302,0.06845952570438385
1.694,0.04050030931830406,0.0,0.013597541488707066,0.06726890802383423
1.6945000000000001,0.040500346571207047,-0.0006103515625,0.013039239682257175,0.06721770018339157
1.6949999999999998,0.040500663220882416,0.0006103515625,0.013108933344483376,0.06705104559659958
1.6955,0.04050061106681824,0.0006103515625,0.01326114684343338,0.06704945862293243
1.6960000000000002,0.04050034284591675,0.00030517578125,0.013414610177278519,0.0677160918712616
1.6965,0.04050059616565704,0.00030517578125,0.013105847872793674,0.06763259321451187
1.697,0.04050052911043167,0.00030517578125,0.013304091989994049,0.06809926778078079
1.6974999999999998,0.040500152856111526,-0.00030517578125,0.013461275957524776,0.06708671152591705
1.698,0.04050059989094734,0.0,0.013268968090415001,0.0677100196480751
1.6985000000000001,0.04050039127469063,-0.00030517578125,0.013391324318945408,0.06778792291879654
1.6989999999999998,0.04050072655081749,0.0006103515625,0.013292722404003143,0.06801648437976837
1.6995,0.04050027206540108,0.0006103515625,0.01333150640130043,0.06751172989606857
1.7000000000000002,0.04050043597817421,0.00030517578125,0.013542229309678078,0.06714867055416107
1.7005,0.040500521659851074,0.00091552734375,0.013184020295739174,0.06807637959718704
1.701,0.040500458329916,-0.00030517578125,0.013259079307317734,0.06772620230913162
1.7014999999999998,0.04050059989094734,0.0,0.012932238169014454,0.06741097569465637
1.702,0.04050033167004585,0.0006103515625,0.013256789185106754,0.06828472763299942
1.7025000000000001,0.04050058126449585,0.00030517578125,0.013284251093864441,0.06754117459058762
1.7029999999999998,0.04050063341856003,0.00030517578125,0.013449525460600853,0.0675998404622078
1.7035,0.04050032049417496,0.0006103515625,0.013640886172652245,0.06754744052886963
1.7040000000000002,0.04050047695636749,-0.00030517578125,0.012934691272675991,0.06806174665689468
1.7045,0.04050051048398018,-0.00030517578125,0.013660223223268986,0.06734422594308853
1.705,0.04050050303339958,0.00030517578125,0.013222704641520977,0.06760484725236893
1.7054999999999998,0.04050029441714287,0.00030517578125,0.01322324201464653,0.06745410710573196
1.706,0.04050035774707794,0.0,0.01320173405110836,0.06728333979845047
1.7065000000000001,0.040500372648239136,0.0006103515625,0.01347882580012083,0.06741338223218918
1.7069999999999999,0.04050036147236824,0.0,0.013489523902535439,0.06737964600324631
1.7075,0.04050028696656227,0.00030517578125,0.013321265578269958,0.06716115027666092
1.7080000000000002,0.04050033167004585,0.00030517578125,0.013621162623167038,0.0670606717467308
1.7085,0.040500301867723465,0.00091552734375,0.013678457587957382,0.06725285947322845
1.709,0.04050042852759361,-0.00030517578125,0.013449546881020069,0.06694180518388748
1.7094999999999998,0.040500473231077194,-0.00030517578125,0.013773974031209946,0.06693565100431442
1.71,0.040500491857528687,0.00030517578125,0.01308467611670494,0.0676223635673523
1.7105000000000001,0.04050018638372421,0.0006103515625,0.013663876801729202,0.06675612926483154
1.7109999999999999,0.04050053656101227,-0.00030517578125,0.013371582143008709,0.06711085885763168
1.7115,0.04050061106681824,0.0,0.013276918791234493,0.06779880076646805
1.7120000000000002,0.040500346571207047,0.00030517578125,0.01340950932353735,0.06699253618717194
1.7125,0.04050031304359436,0.00030517578125,0.013383903540670872,0.06784724444150925
1.713,0.0405004620552063,0.0,0.01311471126973629,0.06794175505638123
1.7134999999999998,0.040500372648239136,0.0006103515625,0.013613889925181866,0.06738457828760147
1.714,0.04050035774707794,0.0,0.013510780408978462,0.06775402277708054
1.7145000000000001,0.04050016775727272,0.0006103515625,0.01336835976690054,0.06755480170249939
1.7149999999999999,0.04050055891275406,0.00030517578125,0.013051155023276806,0.06754862517118454
1.7155,0.04050043225288391,0.0,0.013530678115785122,0.0668758898973465
1.7160000000000002,0.04050033912062645,0.00030517578125,0.013138440437614918,0.06811951100826263
1.7165,0.04050033539533615,0.00030517578125,0.012940005399286747,0.06848842650651932
1.717,0.04050065204501152,0.0,0.01364824641495943,0.06714602559804916
1.7174999999999998,0.0405002124607563,0.00091552734375,0.013062196783721447,0.06777849793434143
1.718,0.04050047695636749,0.00030517578125,0.013286689296364784,0.067149817943573
1.7185000000000001,0.04050059616565704,0.0006103515625,0.013535495847463608,0.0677739828824997
1.7189999999999999,0.040500473231077194,0.0006103515625,0.012995325028896332,0.06795404106378555
1.7195,0.04050038754940033,0.00091552734375,0.013191858306527138,0.06754861027002335
1.7200000000000002,0.040500327944755554,-0.00030517578125,0.013448980636894703,0.06775233149528503
1.7205,0.04050067812204361,0.0,0.01397925429046154,0.06800682097673416
1.721,0.04050038009881973,0.0006103515625,0.013534210622310638,0.06754355132579803
1.7214999999999998,0.0405004620552063,0.00030517578125,0.013678553514182568,0.0683184266090393
1.722,0.04050062596797943,-0.00030517578125,0.013623286969959736,0.06723909825086594
1.7225000000000001,0.040500592440366745,0.0,0.013145756907761097,0.06646755337715149
1.7229999999999999,0.04050034284591675,0.0006103515625,0.013400505296885967,0.06768827140331268
1.7235,0.04050036147236824,-0.00030517578125,0.013179339468479156,0.0679943859577179
1.7240000000000002,0.04050039127469063,0.0006103515625,0.013154180720448494,0.06739490479230881
1.7245,0.04050036519765854,0.00030517578125,0.013483380898833275,0.06690844148397446
1.725,0.040500618517398834,0.0,0.013294577598571777,0.06748135387897491
1.7254999999999998,0.04050016403198242,0.0006103515625,0.013249731622636318,0.06756555289030075
1.726,0.04050067439675331,0.0,0.013312319293618202,0.066919706761837
1.7265000000000001,0.04050035402178764,0.00030517578125,0.01311222929507494,0.06769361346960068
1.7269999999999999,0.04050054773688316,0.00030517578125,0.0136965187266469,0.06685486435890198
1.7275,0.04050043225288391,0.00030517578125,0.013345477171242237,0.06721096485853195
1.7280000000000002,0.04050052911043167,0.0,0.013150866143405437,0.0667102262377739
1.7285,0.040500544011592865,0.0,0.013595451600849628,0.06755024194717407
1.729,0.040500443428754807,0.0006103515625,0.013135076500475407,0.06793655455112457
1.7294999999999998,0.04050059616565704,0.0006103515625,0.013524639420211315,0.06708061695098877
1.73,0.04050036147236824,0.0,0.01333356648683548,0.06778859347105026
1.7305000000000001,0.040500458329916,0.0,0.013430166058242321,0.06755556166172028
1.7309999999999999,0.040500570088624954,0.00030517578125,0.013537411577999592,0.06711632758378983
1.7315,0.040500469505786896,0.00030517578125,0.013181233778595924,0.0673241913318634
1.7320000000000002,0.040500540286302567,0.00030517578125,0.01305762492120266,0.06770999729633331
1.7325,0.040500152856111526,0.0,0.013371237553656101,0.06820759922266006
1.733,0.04050041362643242,-0.00030517578125,0.01344293262809515,0.06758960336446762
1.7334999999999998,0.040500592440366745,0.0,0.013223988004028797,0.06840956956148148
1.734,0.04050041735172272,-0.00030517578125,0.014024889096617699,0.06811188906431198
1.7345000000000002,0.04050040617585182,-0.00030517578125,0.013326132670044899,0.06745025515556335
1.7349999999999999,0.040500491857528687,0.00030517578125,0.013336384668946266,0.06729070842266083
1.7355,0.04050048440694809,0.00030517578125,0.013816739432513714,0.06766266375780106
1.7360000000000002,0.040500227361917496,0.00030517578125,0.013045659288764,0.06749200075864792
1.7365,0.040500473231077194,0.0,0.013070902787148952,0.06711580604314804
1.737,0.04050077870488167,0.00030517578125,0.013744262978434563,0.06777127087116241
1.7374999999999998,0.04050040990114212,0.00030517578125,0.013118167407810688,0.06910517066717148
1.738,0.04050026088953018,0.0006103515625,0.013583097606897354,0.06796835362911224
1.7385000000000002,0.040500521659851074,0.00030517578125,0.013343337923288345,0.06744785606861115
1.7389999999999999,0.040500372648239136,0.00030517578125,0.01383117027580738,0.06803793460130692
1.7395,0.040500424802303314,-0.00030517578125,0.01338664535433054,0.06770742684602737
1.7400000000000002,0.040500324219465256,0.00030517578125,0.01318061538040638,0.06695123761892319
1.7405,0.04050035402178764,-0.00030517578125,0.013828936032950878,0.06790134310722351
1.741,0.04050033912062645,0.0,0.013619767501950264,0.06829169392585754
1.7414999999999998,0.040500372648239136,-0.00030517578125,0.013336723670363426,0.06763547658920288
1.742,0.04050060361623764,0.00030517578125,0.013597618788480759,0.06719397008419037
1.7425000000000002,0.04050042852759361,0.00030517578125,0.013761205598711967,0.06741359084844589
1.7429999999999999,0.0405006967484951,0.0,0.013453790917992592,0.06757325679063797
1.7435,0.0405004620552063,-0.0006103515625,0.013344112783670425,0.06751640141010284
1.7440000000000002,0.040500521659851074,0.00030517578125,0.01347699761390686,0.06755152344703674
1.7445,0.04050062596797943,0.0006103515625,0.013042181730270386,0.06767618656158447
1.745,0.04050035402178764,0.0006103515625,0.01356731727719307,0.06699056178331375
1.7454999999999998,0.040500540286302567,0.0006103515625,0.013836430385708809,0.06745843589305878
1.746,0.040500324219465256,0.00030517578125,0.013204568065702915,0.067318856716156
1.7465000000000002,0.04050034284591675,0.0006103515625,0.013088460080325603,0.06754372268915176
1.7469999999999999,0.04050035774707794,0.00030517578125,0.013258853927254677,0.06702908128499985
1.7475,0.040500592440366745,0.0,0.013606997206807137,0.06722159683704376
1.7480000000000002,0.04050056263804436,-0.00030517578125,0.013253256678581238,0.06779590994119644
1.7485,0.04050063341856003,0.0006103515625,0.013359268195927143,0.06730808317661285
1.749,0.04050035402178764,0.00030517578125,0.013308660127222538,0.06646168231964111
1.7494999999999998,0.04050049930810928,0.0,0.013401679694652557,0.06725675612688065
1.75,0.04050038382411003,-0.00030517578125,0.013498695567250252,0.06781942397356033
1.7505000000000002,0.04050043225288391,0.0006103515625,0.013069920241832733,0.06700974702835083
1.751,0.04050033539533615,0.0,0.013257430866360664,0.06773518025875092
1.7515,0.040500376373529434,0.0,0.01326087024062872,0.06693438440561295
1.7519999999999998,0.04050052538514137,0.0,0.013670612126588821,0.06718949973583221
1.7525,0.04050047695636749,0.00030517578125,0.013250223360955715,0.06771773099899292
1.7530000000000001,0.04050033912062645,0.0,0.013276689685881138,0.06693410873413086
1.7534999999999998,0.04050011560320854,0.0006103515625,0.013199233449995518,0.06785666197538376
1.754,0.04050035774707794,0.00030517578125,0.012863682582974434,0.0671120434999466
1.7545000000000002,0.040500517934560776,0.00030517578125,0.013736301101744175,0.06773950904607773
1.755,0.040500618517398834,0.0006103515625,0.013573206961154938,0.06719867885112762
1.7555,0.04050049930810928,0.00030517578125,0.013187017291784286,0.06772341579198837
1.7559999999999998,0.04050038754940033,0.00030517578125,0.013243219815194607,0.06698820739984512
1.7565,0.040500666946172714,-0.00030517578125,0.013225621543824673,0.06694938242435455
1.7570000000000001,0.04050048813223839,0.00030517578125,0.013486367650330067,0.06778133660554886
1.7574999999999998,0.040500458329916,0.00030517578125,0.013469898141920567,0.06801524013280869
1.758,0.04050041735172272,0.0006103515625,0.013601060956716537,0.0673116147518158
1.7585000000000002,0.04050024598836899,0.0006103515625,0.013187022879719734,0.06742611527442932
1.759,0.04050056263804436,0.00091552734375,0.013704781420528889,0.0681571513414383
1.7595,0.04050026088953018,0.00030517578125,0.013439019210636616,0.06748414784669876
1.7599999999999998,0.04050040617585182,0.00030517578125,0.013045369647443295,0.0675707757472992
1.7605,0.040500640869140625,0.0,0.01355100516229868,0.06838028877973557
1.7610000000000001,0.04050062969326973,0.00030517578125,0.013403763994574547,0.06835507601499557
1.7614999999999998,0.04050058871507645,0.00030517578125,0.01375991478562355,0.06782713532447815
1.762,0.0405004657804966,0.0006103515625,0.01317550241947174,0.0681278258562088
1.7625000000000002,0.04050050303339958,0.0,0.013569082133471966,0.06756465882062912
1.763,0.040500473231077194,0.00030517578125,0.013732749037444592,0.06781868636608124
1.7635,0.040500473231077194,0.00030517578125,0.01335088349878788,0.06734325736761093
1.7639999999999998,0.040500544011592865,0.0,0.013348407112061977,0.06823445111513138
1.7645,0.04050048813223839,0.0006103515625,0.013804343529045582,0.06899788975715637
1.7650000000000001,0.04050038382411003,-0.0006103515625,0.013176335021853447,0.06721284240484238
1.7654999999999998,0.040500517934560776,0.00030517578125,0.013415040448307991,0.06816389411687851
1.766,0.0405004657804966,0.00030517578125,0.013493415899574757,0.06808740645647049
1.7665000000000002,0.04050065949559212,0.0,0.013653111644089222,0.06690757721662521
1.767,0.04050033912062645,0.00030517578125,0.013287701644003391,0.06713241338729858
1.7675,0.040500398725271225,0.0006103515625,0.013327005319297314,0.06810028105974197
1.7679999999999998,0.04050059616565704,0.0006103515625,0.013692337088286877,0.06813890486955643
1.7685,0.04050025716423988,0.00030517578125,0.01354491151869297,0.06689910590648651
1.7690000000000001,0.040500666946172714,0.0006103515625,0.013730928301811218,0.06745488196611404
1.7694999999999999,0.04050040617585182,0.0,0.013878757134079933,0.0674041360616684
1.77,0.040500298142433167,0.00030517578125,0.013382147066295147,0.06775413453578949
1.7705000000000002,0.04050040990114212,0.0,0.013152755796909332,0.06721094995737076
1.771,0.04050063714385033,0.0,0.013523679226636887,0.06750881671905518
1.7715,0.04050054773688316,0.0006103515625,0.013870690949261189,0.06795870512723923
1.7719999999999998,0.04050019383430481,0.00030517578125,0.013373431749641895,0.06663035601377487
1.7725,0.04050052538514137,0.00030517578125,0.013748466968536377,0.0678381398320198
1.7730000000000001,0.04050048440694809,0.00030517578125,0.013080038130283356,0.0676918774843216
1.7734999999999999,0.040500458329916,-0.00030517578125,0.013301162980496883,0.06732556223869324
1.774,0.04050051048398018,0.00030517578125,0.013055521994829178,0.06703130155801773
1.7745000000000002,0.040500324219465256,0.0,0.013573668897151947,0.06768198311328888
1.775,0.040500398725271225,0.0006103515625,0.013033208437263966,0.0684032216668129
1.7755,0.04050009325146675,0.00030517578125,0.013242032378911972,0.06692768633365631
1.7759999999999998,0.04050059616565704,-0.00030517578125,0.013125753030180931,0.06692036241292953
1.7765,0.04050055518746376,0.0006103515625,0.013044354505836964,0.06816107779741287
1.7770000000000001,0.040500424802303314,0.00030517578125,0.013359230011701584,0.06733966618776321
1.7774999999999999,0.04050038754940033,0.0,0.013069096952676773,0.06752783060073853
1.778,0.04050032049417496,0.00030517578125,0.013874522410333157,0.06717923283576965
1.7785000000000002,0.040500473231077194,0.0,0.013472838327288628,0.06818333268165588
1.779,0.0405006930232048,0.0006103515625,0.013279970735311508,0.06776805967092514
1.7795,0.04050082713365555,0.00030517578125,0.013547959737479687,0.06726715713739395
1.7799999999999998,0.040500618517398834,-0.00030517578125,0.013441200368106365,0.06812573224306107
1.7805,0.04050025716423988,0.0,0.013246890157461166,0.0669674351811409
1.7810000000000001,0.040500473231077194,0.0,0.013441994786262512,0.0676785260438919
1.7814999999999999,0.04050061106681824,0.00030517578125,0.013448289595544338,0.0680396631360054
1.782,0.04050028696656227,0.00030517578125,0.013287675566971302,0.0677022859454155
1.7825000000000002,0.04050067439675331,0.00091552734375,0.013583892956376076,0.06761374324560165
1.783,0.04050057753920555,0.0006103515625,0.013452003709971905,0.0673418864607811
1.7835,0.04050047695636749,0.0006103515625,0.01345139555633068,0.0681556835770607
1.7839999999999998,0.040500327944755554,0.0,0.013265671208500862,0.0674157366156578
1.7845,0.04050048813223839,0.0,0.013644129037857056,0.06763429939746857
1.7850000000000001,0.040500350296497345,0.0,0.013665590435266495,0.06771120429039001
1.7854999999999999,0.04050053656101227,-0.00030517578125,0.013179924339056015,0.06783274561166763
1.786,0.04050057753920555,0.0,0.013760074973106384,0.0678383857011795
1.7865000000000002,0.040500618517398834,0.00030517578125,0.013289998285472393,0.06794679909944534
1.787,0.04050056263804436,0.0006103515625,0.013409874401986599,0.06780374050140381
1.7875,0.04050055518746376,0.0006103515625,0.013592278584837914,0.06764562427997589
1.7879999999999998,0.04050017148256302,0.00030517578125,0.013527946546673775,0.06697392463684082
1.7885,0.04050048813223839,0.0,0.013372604735195637,0.06731442362070084
1.7890000000000001,0.04050024226307869,0.0006103515625,0.01333266869187355,0.06698137521743774
1.7894999999999999,0.040500495582818985,0.00030517578125,0.013177642598748207,0.06784560531377792
1.79,0.040500495582818985,0.0,0.013379886746406555,0.06740185618400574
1.7905000000000002,0.040500152856111526,0.0006103515625,0.013139575719833374,0.06751624494791031
1.791,0.040500227361917496,0.0006103515625,0.013655278831720352,0.067863330245018
1.7915,0.040500495582818985,0.00030517578125,0.013629967346787453,0.06776531785726547
1.7919999999999998,0.040500275790691376,0.00030517578125,0.013354577124118805,0.0665212944149971
1.7925,0.04050043597817421,-0.00030517578125,0.013372772373259068,0.06822080910205841
1.7930000000000001,0.04050035774707794,0.0006103515625,0.0132606141269207,0.06780201941728592
1.7934999999999999,0.040500208735466,0.0,0.013391388580203056,0.067005455493927
1.794,0.040500350296497345,0.0,0.01336492970585823,0.06791482865810394
1.7945000000000002,0.04050040990114212,-0.00030517578125,0.013638968579471111,0.06739771366119385
1.795,0.040500346571207047,0.0,0.01321456115692854,0.0681477040052414
1.7955,0.04050043970346451,-0.00030517578125,0.013282115571200848,0.06747383624315262
1.7959999999999998,0.040500540286302567,0.00030517578125,0.013602813705801964,0.06735561788082123
1.7965,0.040500544011592865,0.0,0.013484164141118526,0.0681624561548233
1.7970000000000002,0.04050019755959511,0.00030517578125,0.013548407703638077,0.06759655475616455
1.7974999999999999,0.040500327944755554,0.00030517578125,0.01344506349414587,0.06803350895643234
1.798,0.04050065204501152,0.001220703125,0.01340368390083313,0.06791884452104568
1.7985000000000002,0.04050057381391525,0.00030517578125,0.013477804139256477,0.06813947856426239
1.799,0.04050017148256302,0.0,0.013378075323998928,0.06725063920021057
1.7995,0.04050075262784958,0.00030517578125,0.013594272546470165,0.06811072677373886
1.7999999999999998,0.04050052911043167,0.00030517578125,0.01378558948636055,0.06868740171194077
1.8005,0.04050028324127197,0.00030517578125,0.013299168087542057,0.06733504682779312
1.8010000000000002,0.04050050303339958,0.0006103515625,0.01347959041595459,0.067990742623806
1.8014999999999999,0.04050043225288391,0.00091552734375,0.013193376362323761,0.0681789442896843
1.802,0.040500443428754807,0.00091552734375,0.013617140240967274,0.06784484535455704
1.8025000000000002,0.040500398725271225,0.00030517578125,0.013395260088145733,0.06761137396097183
1.803,0.04050055518746376,0.00030517578125,0.013802138157188892,0.06780020147562027
1.8035,0.04050042852759361,0.00030517578125,0.013334522023797035,0.06789887696504593
1.8039999999999998,0.04050047695636749,0.0006103515625,0.013059516437351704,0.06732749938964844
1.8045,0.04050067439675331,0.0006103515625,0.013309837318956852,0.06813095510005951
1.8050000000000002,0.040500789880752563,-0.00030517578125,0.013541257940232754,0.06812385469675064
1.8054999999999999,0.04050041735172272,-0.00030517578125,0.013313925825059414,0.06786556541919708
1.806,0.04050052911043167,0.00030517578125,0.01339787058532238,0.06779640913009644
1.8065000000000002,0.04050048813223839,0.0,0.013480843976140022,0.0671682357788086
1.807,0.0405004508793354,0.00030517578125,0.013043544255197048,0.06758654862642288
1.8075,0.040500707924366,-0.00030517578125,0.013655286282300949,0.06787792593240738
1.8079999999999998,0.04050058871507645,0.00030517578125,0.013394046574831009,0.06744322180747986
1.8085,0.04050072282552719,0.0006103515625,0.013456109911203384,0.06776556372642517
1.8090000000000002,0.04050024226307869,0.0,0.012978867627680302,0.06763607263565063
1.8094999999999999,0.04050055146217346,-0.0006103515625,0.013521591201424599,0.06674721091985703
1.81,0.04050043225288391,0.00030517578125,0.0134242232888937,0.06718331575393677
1.8105000000000002,0.04050011187791824,0.0006103515625,0.013531345874071121,0.0674089640378952
1.811,0.04050055146217346,0.0,0.013132057152688503,0.06664609163999557
1.8115,0.040500350296497345,0.00030517578125,0.013476788997650146,0.06755243241786957
1.8119999999999998,0.040500443428754807,0.0,0.013483802787959576,0.06780263036489487
1.8125,0.040500592440366745,0.00030517578125,0.013452029787003994,0.06762275844812393
1.8130000000000002,0.04050030931830406,-0.00030517578125,0.013647980988025665,0.06719088554382324
1.8135,0.04050025716423988,0.0,0.013013259507715702,0.06820401549339294
1.814,0.04050043225288391,0.00030517578125,0.013777174986898899,0.06746126711368561
1.8144999999999998,0.04050038754940033,0.00030517578125,0.013321920298039913,0.06701188534498215
1.815,0.04050063341856003,0.00030517578125,0.013346143998205662,0.06780693680047989
1.8155000000000001,0.04050051420927048,0.0006103515625,0.013667182065546513,0.06734877824783325
1.8159999999999998,0.04050043597817421,0.00030517578125,0.013278168626129627,0.06791092455387115
1.8165,0.04050043970346451,0.00030517578125,0.013164433650672436,0.06732295453548431
1.8170000000000002,0.04050033539533615,0.00030517578125,0.01345535833388567,0.06744631379842758
1.8175,0.04050035774707794,0.00030517578125,0.013296612538397312,0.06828948855400085
1.818,0.04050005227327347,0.0,0.013485854491591454,0.06739690154790878
1.8184999999999998,0.04050036519765854,0.00030517578125,0.013285912573337555,0.06741021573543549
1.819,0.04050029069185257,0.0,0.013286357745528221,0.06781546026468277
1.8195000000000001,0.040500372648239136,0.0,0.01315871998667717,0.06779846549034119
1.8199999999999998,0.04050036147236824,-0.00030517578125,0.013668589293956757,0.06760777533054352
1.8205,0.04050026088953018,0.00030517578125,0.013549454510211945,0.06732463836669922
1.8210000000000002,0.04050048440694809,0.00030517578125,0.013256012462079525,0.06806173175573349
1.8215,0.04050058498978615,0.0006103515625,0.013317161239683628,0.06769377738237381
1.822,0.04050064459443092,0.0,0.013437354937195778,0.06772397458553314
1.8224999999999998,0.040500301867723465,-0.00030517578125,0.013390482403337955,0.06670375913381577
1.823,0.040500491857528687,0.00030517578125,0.013322904706001282,0.06762827932834625
1.8235000000000001,0.04050064831972122,0.0006103515625,0.01322784461081028,0.06795764714479446
1.8239999999999998,0.04050060734152794,0.00091552734375,0.013265754096210003,0.06745301187038422
1.8245,0.04050026461482048,0.0,0.013776758685708046,0.06745737046003342
1.8250000000000002,0.040500421077013016,0.00091552734375,0.012957506813108921,0.06782208383083344
1.8255,0.04050055891275406,0.0,0.013515924103558064,0.06774277985095978
1.826,0.040500469505786896,0.00091552734375,0.012994015589356422,0.06844806671142578
1.8264999999999998,0.04050062969326973,0.00030517578125,0.013531760312616825,0.06842603534460068
1.827,0.040500350296497345,0.00030517578125,0.013380799442529678,0.06812265515327454
1.8275000000000001,0.040500469505786896,0.00030517578125,0.013286166824400425,0.06732373684644699
1.8279999999999998,0.04050051048398018,0.00030517578125,0.013413865119218826,0.06736952811479568
1.8285,0.0405004620552063,0.0,0.013194555416703224,0.06842296570539474
1.8290000000000002,0.04050048813223839,0.00030517578125,0.013397624716162682,0.06762685626745224
1.8295,0.040500458329916,0.0,0.013082384131848812,0.06856603175401688
1.83,0.04050055518746376,0.0,0.01340246107429266,0.06884602457284927
1.8304999999999998,0.040500424802303314,0.0006103515625,0.013415740802884102,0.06733767688274384
1.831,0.04050052538514137,0.00030517578125,0.013614768162369728,0.0670674741268158
1.8315000000000001,0.040500458329916,0.00030517578125,0.01357521302998066,0.06739615648984909
1.8319999999999999,0.04050059989094734,0.0,0.013799889013171196,0.06817414611577988
1.8325,0.040500394999980927,0.00030517578125,0.013408642262220383,0.06841707974672318
1.8330000000000002,0.0405004657804966,0.00030517578125,0.013101374730467796,0.06777568906545639
1.8335,0.040500227361917496,0.00030517578125,0.013517877086997032,0.06853991001844406
1.834,0.04050048813223839,0.0006103515625,0.013285341672599316,0.06742540001869202
1.8344999999999998,0.040500473231077194,0.00030517578125,0.013292455114424229,0.06690549850463867
1.835,0.04050016775727272,0.0,0.013223793357610703,0.06735001504421234
1.8355000000000001,0.04050041735172272,0.0,0.013363167643547058,0.06784911453723907
1.8359999999999999,0.04050038382411003,0.0006103515625,0.013188166543841362,0.06790024787187576
1.8365,0.0405004620552063,0.00030517578125,0.013512497767806053,0.0679403692483902
1.8370000000000002,0.04050043225288391,0.0,0.013133329339325428,0.06842360645532608
1.8375,0.04050033167004585,0.00030517578125,0.013224202208220959,0.06686236709356308
1.838,0.040500618517398834,0.00091552734375,0.013433385640382767,0.06785979121923447
1.8384999999999998,0.04050019383430481,0.00030517578125,0.01340053416788578,0.06783191114664078
1.839,0.04050052911043167,-0.00030517578125,0.01348463911563158,0.0683373436331749
1.8395000000000001,0.04050040990114212,-0.00030517578125,0.013417856767773628,0.06811204552650452
1.8399999999999999,0.04050073400139809,0.0006103515625,0.01303078979253769,0.06807791441679001
1.8405,0.04050057753920555,0.0,0.013524917885661125,0.06815247237682343
1.8410000000000002,0.040500469505786896,0.00030517578125,0.013730805367231369,0.06739629805088043
1.8415,0.04050061106681824,-0.00030517578125,0.012954381294548512,0.06707015633583069
1.842,0.04050053656101227,0.0006103515625,0.013647599145770073,0.06761500239372253
1.8424999999999998,0.040500421077013016,0.00030517578125,0.013442527502775192,0.06772434711456299
1.843,0.040500376373529434,0.00030517578125,0.013271759264171124,0.06768810003995895
1.8435000000000001,0.04050052538514137,0.00030517578125,0.01325321476906538,0.06757526099681854
1.8439999999999999,0.040500398725271225,0.00030517578125,0.01358869019895792,0.06767536699771881
1.8445,0.04050040990114212,0.00030517578125,0.013265996240079403,0.06791877746582031
1.8450000000000002,0.04050057381391525,0.001220703125,0.013523380272090435,0.06678586453199387
1.8455,0.040500666946172714,0.0,0.013195281848311424,0.06772850453853607
1.846,0.040500469505786896,0.00030517578125,0.01344910729676485,0.06817390024662018
1.8464999999999998,0.040500298142433167,0.00030517578125,0.013279915787279606,0.06737589836120605
1.847,0.04050036519765854,0.00030517578125,0.013350425288081169,0.06765314191579819
1.8475000000000001,0.040500540286302567,0.00030517578125,0.013185501098632812,0.06835376471281052
1.8479999999999999,0.04050034284591675,0.0006103515625,0.013455231674015522,0.06791078299283981
1.8485,0.04050043970346451,-0.00030517578125,0.013205508701503277,0.06715639680624008
1.8490000000000002,0.04050057381391525,0.00091552734375,0.013240527361631393,0.06671535968780518
1.8495,0.04050033167004585,0.00030517578125,0.01367167104035616,0.06735912710428238
1.85,0.04050043970346451,0.0,0.013371563516557217,0.06705917418003082
1.8504999999999998,0.04050055891275406,0.0006103515625,0.013628763146698475,0.06724978983402252
1.851,0.040500327944755554,0.0,0.013134192675352097,0.06725684553384781
1.8515000000000001,0.04050030559301376,0.0006103515625,0.013261138461530209,0.06732099503278732
1.8519999999999999,0.04050062596797943,-0.00030517578125,0.01343858614563942,0.06725837290287018
1.8525,0.04050067439675331,-0.00030517578125,0.013518021441996098,0.06863857060670853
1.8530000000000002,0.04050051420927048,0.0006103515625,0.013315850868821144,0.06806548684835434
1.8535,0.04050059616565704,0.0006103515625,0.01328201312571764,0.06747803837060928
1.854,0.0405007041990757,-0.00030517578125,0.013413830660283566,0.06737557798624039
1.8544999999999998,0.040500469505786896,-0.00030517578125,0.013428138568997383,0.06769990921020508
1.855,0.040500458329916,0.00030517578125,0.013360990211367607,0.06751959025859833
1.8555000000000001,0.04050055146217346,0.00030517578125,0.013504606671631336,0.06787250936031342
1.8559999999999999,0.04050040617585182,0.00030517578125,0.013069359585642815,0.06747616082429886
1.8565,0.0405006967484951,0.0,0.01337270624935627,0.06849941611289978
1.8570000000000002,0.040500517934560776,0.0,0.01323616225272417,0.06798714399337769
1.8575,0.04050052538514137,0.00030517578125,0.013702617958188057,0.06763306260108948
1.858,0.04050036519765854,0.00030517578125,0.013760175555944443,0.06844794750213623
1.8584999999999998,0.04050041362643242,0.0,0.0130712129175663,0.06791166961193085
1.859,0.0405004620552063,0.0,0.013253564946353436,0.06820345669984818
1.8595000000000002,0.04050031676888466,0.00030517578125,0.013867718167603016,0.06778360903263092
1.8599999999999999,0.04050029441714287,0.0006103515625,0.013302202336490154,0.06820976734161377
1.8605,0.040500376373529434,0.0006103515625,0.013514888472855091,0.06824681907892227
1.8610000000000002,0.040500424802303314,0.0006103515625,0.013074807822704315,0.06696624308824539
1.8615,0.04050043597817421,0.0006103515625,0.01315346360206604,0.06830615550279617
1.862,0.040500324219465256,0.0006103515625,0.013120394200086594,0.0681881308555603
1.8624999999999998,0.040500495582818985,0.0,0.013563779182732105,0.06746277213096619
1.863,0.04050040245056152,0.0006103515625,0.013234836980700493,0.06739415973424911
1.8635000000000002,0.04050036147236824,0.00030517578125,0.013543400913476944,0.06766051799058914
1.8639999999999999,0.040500275790691376,0.0006103515625,0.013601723127067089,0.06826768815517426
1.8645,0.04050040617585182,-0.00030517578125,0.013374836184084415,0.06801103055477142
1.8650000000000002,0.04050043970346451,-0.00030517578125,0.01369317527860403,0.06824132055044174
1.8655,0.04050053656101227,0.0006103515625,0.013122073374688625,0.06794077157974243
1.866,0.0405007004737854,0.0006103515625,0.013858949765563011,0.06785755604505539
1.8664999999999998,0.040500376373529434,0.00030517578125,0.013294616714119911,0.06783168017864227
1.867,0.040500640869140625,0.00030517578125,0.01375609077513218,0.06740236282348633
1.8675000000000002,0.0405007041990757,0.00030517578125,0.013631725683808327,0.0677982047200203
1.8679999999999999,0.04050031676888466,0.0,0.013355417177081108,0.06649348884820938
1.8685,0.04050048068165779,0.00030517578125,0.013151566497981548,0.06691195070743561
1.8690000000000002,0.040500592440366745,0.00030517578125,0.013457773253321648,0.06818199902772903
1.8695,0.040500424802303314,0.0,0.013315870426595211,0.06797812879085541
1.87,0.040500570088624954,0.0006103515625,0.013394758105278015,0.066973976790905
1.8704999999999998,0.04050058126449585,0.0006103515625,0.013549582101404667,0.06721258908510208
1.871,0.04050054773688316,0.0,0.013463514856994152,0.06844061613082886
1.8715000000000002,0.040500346571207047,0.0,0.013164441101253033,0.06749212741851807
1.8719999999999999,0.040500301867723465,0.0,0.01309527549892664,0.06653207540512085
1.8725,0.04050063341856003,0.00030517578125,0.013333804905414581,0.06878574937582016
1.8730000000000002,0.04050058871507645,0.00091552734375,0.013556688092648983,0.06750242412090302
1.8735,0.040500443428754807,-0.0006103515625,0.013249249197542667,0.06700322031974792
1.874,0.04050074517726898,0.00030517578125,0.013256902806460857,0.06720523536205292
1.8744999999999998,0.04050038382411003,0.00030517578125,0.013308095745742321,0.06812699139118195
1.875,0.04050048440694809,0.0,0.01335208024829626,0.06769213080406189
1.8755000000000002,0.040500491857528687,0.0,0.013368731364607811,0.06715824455022812
1.876,0.04050060734152794,0.0,0.013720808550715446,0.0677972137928009
1.8765,0.040500346571207047,0.0,0.012940688990056515,0.06772919744253159
1.8769999999999998,0.040500301867723465,0.00030517578125,0.013136952184140682,0.06711731851100922
1.8775,0.04050035774707794,0.0,0.01346416212618351,0.06759762763977051
1.8780000000000001,0.040500447154045105,0.00030517578125,0.013388660736382008,0.06778547912836075
1.8784999999999998,0.040500540286302567,0.00091552734375,0.013383773155510426,0.06693638861179352
1.879,0.04050053283572197,0.00030517578125,0.0133015476167202,0.06765908747911453
1.8795000000000002,0.04050056263804436,0.0,0.013426976278424263,0.06688487529754639
1.88,0.04050034284591675,0.0,0.01353349257260561,0.06724546104669571
1.8805,0.04050050675868988,0.00030517578125,0.013564981520175934,0.06766793876886368
1.8809999999999998,0.040500301867723465,0.0006103515625,0.013330970890820026,0.06754729151725769
1.8815,0.040500421077013016,-0.00030517578125,0.013650843873620033,0.06824599206447601
1.8820000000000001,0.040500447154045105,0.0,0.013366298750042915,0.06796969473361969
1.8824999999999998,0.04050036519765854,0.0,0.013304583728313446,0.06661484390497208
1.883,0.0405004657804966,0.00030517578125,0.01341822650283575,0.06749889254570007
1.8835000000000002,0.04050058126449585,0.00030517578125,0.013012564741075039,0.0683031976222992
1.884,0.04050051048398018,0.0,0.013601125217974186,0.0677248015999794
1.8845,0.04050036892294884,0.0006103515625,0.013277048245072365,0.06722462177276611
1.8849999999999998,0.04050058498978615,0.0,0.013431543484330177,0.06751880794763565
1.8855,0.040500327944755554,0.00030517578125,0.013415132649242878,0.06810269504785538
1.8860000000000001,0.04050028696656227,-0.00030517578125,0.013724851422011852,0.0673157200217247
1.8864999999999998,0.040500592440366745,0.0,0.013967151753604412,0.06800930947065353
1.887,0.040500398725271225,0.0,0.013259295374155045,0.06778399646282196
1.8875000000000002,0.04050051048398018,0.0006103515625,0.013732204213738441,0.06787418574094772
1.888,0.04050039127469063,0.0,0.013380724936723709,0.0673895999789238
1.8885,0.040500372648239136,0.0,0.013571412302553654,0.0676640123128891
1.8889999999999998,0.0405004620552063,0.0,0.013007055036723614,0.0677708089351654
1.8895,0.040500544011592865,0.0006103515625,0.013757540844380856,0.06750456988811493
1.8900000000000001,0.04050038754940033,0.0,0.013350351713597775,0.06697491556406021
1.8904999999999998,0.04050019383430481,-0.00030517578125,0.013344292528927326,0.06755150854587555
1.891,0.04050038009881973,0.0,0.013549142517149448,0.06785888969898224
1.8915000000000002,0.040500201284885406,0.0006103515625,0.01348122302442789,0.0666356161236763
1.892,0.040500350296497345,0.0006103515625,0.013190234079957008,0.06770719587802887
1.8925,0.04050040990114212,-0.00030517578125,0.013465754687786102,0.06854824721813202
1.8929999999999998,0.040500521659851074,0.0,0.013494748622179031,0.06703997403383255
1.8935,0.04050012677907944,0.0,0.013331559486687183,0.06766536086797714
1.8940000000000001,0.04050035402178764,0.00030517578125,0.013423647731542587,0.06779763102531433
1.8944999999999999,0.04050049930810928,0.00030517578125,0.013726324774324894,0.06772360950708389
1.895,0.040500298142433167,0.00030517578125,0.01329870242625475,0.06774452328681946
1.8955000000000002,0.0405004546046257,0.00030517578125,0.013020561076700687,0.06688139587640762
1.896,0.0405006930232048,0.0006103515625,0.013548574410378933,0.06751764565706253
1.8965,0.040500544011592865,0.0,0.013520107604563236,0.06806842982769012
1.8969999999999998,0.04050042852759361,0.0,0.013177603483200073,0.06792686879634857
1.8975,0.0405004620552063,0.0,0.013279116712510586,0.06803034991025925
1.8980000000000001,0.04050065949559212,0.00030517578125,0.01328100636601448,0.06755156069993973
1.8984999999999999,0.040500424802303314,0.0,0.013489875942468643,0.06766371428966522
1.899,0.04050007089972496,0.0006103515625,0.013570323586463928,0.0667286366224289
1.8995000000000002,0.04050032049417496,0.0,0.013048432767391205,0.06782406568527222
1.9,0.04050041735172272,0.00030517578125,0.013590226881206036,0.06771852821111679
1.9005,0.04050032049417496,0.00030517578125,0.013679740950465202,0.06751839816570282
1.9009999999999998,0.04050051420927048,0.0,0.013541750609874725,0.06810126453638077
1.9015,0.040500666946172714,0.0006103515625,0.013594537042081356,0.06784480810165405
1.9020000000000001,0.04050042852759361,0.00030517578125,0.01337776891887188,0.0678170695900917
1.9024999999999999,0.04050031676888466,0.0,0.013981097377836704,0.06590188294649124
1.903,0.04050050675868988,0.00091552734375,0.013374902307987213,0.0678785964846611
1.9035000000000002,0.040500447154045105,0.0,0.013275200501084328,0.06811263412237167
1.904,0.040500279515981674,-0.00030517578125,0.013571626506745815,0.06735613942146301
1.9045,0.04050050303339958,0.0006103515625,0.013605075888335705,0.06785765290260315
1.9049999999999998,0.04050027206540108,0.0,0.01322930958122015,0.06814887374639511
1.9055,0.04050057753920555,0.0,0.013645700179040432,0.06812535971403122
1.9060000000000001,0.04050052538514137,0.0,0.013186750002205372,0.06807722896337509
1.9064999999999999,0.04050051420927048,0.00030517578125,0.01362400408834219,0.06714977324008942
1.907,0.040500491857528687,0.0,0.013520447537302971,0.06836756318807602
1.9075000000000002,0.04050019755959511,0.00030517578125,0.013189585879445076,0.06743449717760086
1.908,0.04050059616565704,-0.00030517578125,0.01360848918557167,0.06734912097454071
1.9085,0.04050065204501152,0.0,0.013322435319423676,0.06828808039426804
1.9089999999999998,0.04050074890255928,0.0,0.013235431164503098,0.06796979159116745
1.9095,0.04050055891275406,-0.0006103515625,0.013027871958911419,0.06742220371961594
1.9100000000000001,0.04050056263804436,0.0006103515625,0.013937448151409626,0.06768112629652023
1.9104999999999999,0.04050043225288391,0.0006103515625,0.013202935457229614,0.06725236028432846
1.911,0.04050039127469063,-0.00030517578125,0.012883580289781094,0.06719732284545898
1.9115000000000002,0.040500275790691376,0.0,0.013452212326228619,0.06697015464305878
1.912,0.0405004620552063,0.0,0.013375994749367237,0.0676073208451271
1.9125,0.04050043597817421,0.0006103515625,0.013443446718156338,0.06859631836414337
1.9129999999999998,0.040500253438949585,0.00030517578125,0.013229756616055965,0.0677892342209816
1.9135,0.04050043597817421,0.0,0.013706634752452374,0.06754902750253677
1.9140000000000001,0.0405007004737854,0.0,0.013360359705984592,0.0675506442785263
1.9144999999999999,0.04050061106681824,0.00030517578125,0.013393934816122055,0.06813472509384155
1.915,0.04050077125430107,0.00030517578125,0.013450883328914642,0.06791181862354279
1.9155000000000002,0.04050042852759361,0.00030517578125,0.013392984867095947,0.06753887236118317
1.916,0.040500447154045105,0.00030517578125,0.013354781083762646,0.0678173303604126
1.9165,0.04050052911043167,0.00030517578125,0.013124717399477959,0.06789641082286835
1.9169999999999998,0.04050063714385033,0.0006103515625,0.013718114234507084,0.06736785173416138
1.9175,0.04050039127469063,0.00030517578125,0.013495153747498989,0.06785501539707184
1.9180000000000001,0.040500394999980927,-0.00030517578125,0.013256832025945187,0.06690950691699982
1.9184999999999999,0.04050050303339958,0.0006103515625,0.013156363740563393,0.06721679121255875
1.919,0.04050033167004585,-0.00030517578125,0.013338346034288406,0.06765611469745636
1.9195000000000002,0.04050055518746376,0.00030517578125,0.013431066647171974,0.06765180081129074
1.92,0.04050030931830406,0.00030517578125,0.013415379449725151,0.0669960156083107
1.9205,0.0405004620552063,0.00030517578125,0.013297349214553833,0.0674598291516304
1.9209999999999998,0.04050011187791824,0.00030517578125,0.013508633710443974,0.06725113093852997
1.9215,0.04050030559301376,0.00030517578125,0.013363519683480263,0.06788354367017746
1.9220000000000002,0.040500614792108536,0.0,0.01346307247877121,0.06759484857320786
1.9224999999999999,0.040500227361917496,0.0,0.013710511848330498,0.06692220270633698
1.923,0.04050035402178764,0.0,0.013676897622644901,0.06741144508123398
1.9235000000000002,0.04050043597817421,0.00030517578125,0.013390576466917992,0.06747620552778244
1.924,0.040500007569789886,0.00030517578125,0.013157306239008904,0.06765826791524887
1.9245,0.04050058126449585,0.0,0.013412021100521088,0.06712481379508972
1.9249999999999998,0.04050033912062645,0.0,0.013370141386985779,0.06757275015115738
1.9255,0.04050039127469063,0.0,0.013664424419403076,0.06712187081575394
1.9260000000000002,0.04050065577030182,0.0006103515625,0.013441530987620354,0.06779655069112778
1.9264999999999999,0.04050048440694809,0.0,0.012829187326133251,0.06806935369968414
1.927,0.040500521659851074,0.0006103515625,0.013500794768333435,0.06740055978298187
1.9275000000000002,0.04050040617585182,-0.00030517578125,0.013065564446151257,0.06706195324659348
1.928,0.0405002161860466,0.00030517578125,0.013362154364585876,0.06760890036821365
1.9285,0.040500182658433914,0.00030517578125,0.01372599694877863,0.06846846640110016
1.9289999999999998,0.04050028324127197,-0.00030517578125,0.013001687824726105,0.06733036786317825
1.9295,0.04050031676888466,0.00030517578125,0.013055258430540562,0.06836030632257462
1.9300000000000002,0.04050048440694809,0.00030517578125,0.013719736598432064,0.06782487779855728
1.9304999999999999,0.04050043970346451,0.0006103515625,0.013627604581415653,0.06754995137453079
1.931,0.04050052911043167,0.00030517578125,0.01328256819397211,0.06750313192605972
1.9315000000000002,0.040500279515981674,0.00030517578125,0.013360626995563507,0.06716595590114594
1.932,0.04050036147236824,0.0006103515625,0.013456742279231548,0.06768018007278442
1.9325,0.04050036519765854,0.00030517578125,0.013467931188642979,0.06820328533649445
1.9329999999999998,0.04050025716423988,0.0,0.013536601327359676,0.06758975237607956
1.9335,0.04050031304359436,0.0,0.0134960962459445,0.06849105656147003
1.9340000000000002,0.040500495582818985,0.00091552734375,0.013165351934731007,0.06805667281150818
1.9344999999999999,0.040500443428754807,0.0,0.013306739740073681,0.06756636500358582
1.935,0.040500666946172714,0.0006103515625,0.013698131777346134,0.06737016886472702
1.9355000000000002,0.04050047695636749,0.0,0.013274463824927807,0.0684751644730568
1.936,0.0405004508793354,0.0,0.013362957164645195,0.06833382695913315
1.9365,0.04050042852759361,0.00091552734375,0.01370270736515522,0.06728757172822952
1.9369999999999998,0.04050043225288391,0.0006103515625,0.013729711063206196,0.06820923835039139
1.9375,0.040500614792108536,0.0,0.01321437768638134,0.06813320517539978
1.9380000000000002,0.040500521659851074,0.00030517578125,0.013383437879383564,0.06744124740362167
1.9385,0.04050052911043167,0.0006103515625,0.013618904165923595,0.06779727339744568
1.939,0.04050082340836525,0.0,0.013149173930287361,0.0679948553442955
1.9394999999999998,0.04050051420927048,-0.00030517578125,0.013419341295957565,0.06839948892593384
1.94,0.04050062224268913,0.0006103515625,0.013201345689594746,0.06753633171319962
1.9405000000000001,0.04050068557262421,0.0006103515625,0.013386387377977371,0.06818807125091553
1.9409999999999998,0.040500208735466,0.0,0.013764210045337677,0.06792809814214706
1.9415,0.040500253438949585,-0.00030517578125,0.013519217260181904,0.06748498231172562
1.9420000000000002,0.04050053656101227,0.0,0.01321826409548521,0.06752589344978333
1.9425,0.040500447154045105,-0.00030517578125,0.013191844336688519,0.06686567515134811
1.943,0.04050028696656227,0.00030517578125,0.013475747779011726,0.06741111725568771
1.9434999999999998,0.04050030931830406,0.00030517578125,0.01339885126799345,0.06741157919168472
1.944,0.040500458329916,0.0,0.013700075447559357,0.06767240911722183
1.9445000000000001,0.04050016403198242,0.00030517578125,0.013385338708758354,0.06779355555772781
1.9449999999999998,0.04050016403198242,0.00030517578125,0.013537021353840828,0.06703317910432816
1.9455,0.040500566363334656,0.0006103515625,0.013700870797038078,0.06757842749357224
1.9460000000000002,0.04050019010901451,0.00030517578125,0.013355864211916924,0.06778772920370102
1.9465,0.04050065204501152,0.00030517578125,0.01317480020225048,0.06785685569047928
1.947,0.04050063714385033,0.00030517578125,0.013197275809943676,0.06777594238519669
1.9474999999999998,0.04050048068165779,0.00030517578125,0.013269079849123955,0.06758583337068558
1.948,0.04050017520785332,0.0,0.01324935257434845,0.06714024394750595
1.9485000000000001,0.040500350296497345,0.0,0.013593253679573536,0.06649571657180786
1.9489999999999998,0.04050048440694809,0.0,0.013444319367408752,0.06695817410945892
1.9495,0.040500301867723465,0.00030517578125,0.013451144099235535,0.06730794906616211
1.9500000000000002,0.04050051048398018,-0.00030517578125,0.01344332005828619,0.06694812327623367
1.9505,0.04050052911043167,0.0,0.013524101115763187,0.06765665113925934
1.951,0.040500447154045105,0.0006103515625,0.013394209556281567,0.06726645678281784
1.9514999999999998,0.04050014168024063,0.00030517578125,0.013524029403924942,0.06682267785072327
1.952,0.0405004620552063,0.0006103515625,0.013670682907104492,0.06795793026685715
1.9525000000000001,0.040500666946172714,0.00030517578125,0.013217546045780182,0.06768585741519928
1.9529999999999998,0.04050043225288391,-0.0006103515625,0.013250417076051235,0.06691383570432663
1.9535,0.04050035402178764,0.00030517578125,0.013597634620964527,0.06794506311416626
1.9540000000000002,0.04050049930810928,0.0006103515625,0.013391788117587566,0.0675070583820343
1.9545,0.040500231087207794,-0.00030517578125,0.013369353488087654,0.06755394488573074
1.955,0.04050038754940033,-0.00030517578125,0.013586657121777534,0.06760585308074951
1.9554999999999998,0.04050055146217346,0.00030517578125,0.013415227644145489,0.06826888769865036
1.956,0.04050038009881973,0.00030517578125,0.01356414146721363,0.06726724654436111
1.9565000000000001,0.040500614792108536,0.0006103515625,0.01351733785122633,0.06800977140665054
1.9569999999999999,0.04050023481249809,0.0,0.013415953144431114,0.06786230206489563
1.9575,0.04050050675868988,0.0,0.01331479661166668,0.06867662072181702
1.9580000000000002,0.04050038382411003,0.00030517578125,0.013458403758704662,0.0678727924823761
1.9585,0.04050062224268913,0.00030517578125,0.013750661164522171,0.06784817576408386
1.959,0.040500495582818985,0.0006103515625,0.013579724356532097,0.06874886155128479
1.9594999999999998,0.04050030559301376,0.0,0.01355745643377304,0.06727959960699081
1.96,0.04050060361623764,0.00030517578125,0.013170406222343445,0.06782841682434082
1.9605000000000001,0.04050042852759361,0.0006103515625,0.013575713150203228,0.06839294731616974
1.9609999999999999,0.04050058871507645,0.0,0.013537010177969933,0.06816694885492325
1.9615,0.04050019010901451,0.0006103515625,0.013544460758566856,0.06764227896928787
1.9620000000000002,0.04050031676888466,0.0006103515625,0.013412079773843288,0.06751150637865067
1.9625,0.040500566363334656,0.00030517578125,0.01368626207113266,0.06755440682172775
1.963,0.040500491857528687,0.0,0.013365902937948704,0.06852664053440094
1.9634999999999998,0.040500517934560776,0.0,0.013610582798719406,0.06775315850973129
1.964,0.0405004508793354,0.00030517578125,0.013652004301548004,0.06854236125946045
1.9645000000000001,0.040500570088624954,0.0,0.013284997083246708,0.06838303804397583
1.9649999999999999,0.040500570088624954,0.00030517578125,0.013476908206939697,0.06724206358194351
1.9655,0.04050049930810928,0.00030517578125,0.013531910255551338,0.06835275143384933
1.9660000000000002,0.04050049930810928,0.0006103515625,0.013768626376986504,0.06713658571243286
1.9665,0.04050038009881973,0.00030517578125,0.013300735503435135,0.06798221170902252
1.967,0.04050042852759361,0.0,0.013322525657713413,0.06786377727985382
1.9674999999999998,0.040500491857528687,0.00030517578125,0.01346567366272211,0.067429319024086
1.968,0.04050029069185257,-0.00030517578125,0.0135747529566288,0.06734489649534225
1.9685000000000001,0.04050031676888466,-0.00030517578125,0.013356318697333336,0.0680592879652977
1.9689999999999999,0.04050064831972122,0.00091552734375,0.013582426123321056,0.06747495383024216
1.9695,0.04050050303339958,0.00030517578125,0.01331156212836504,0.06772076338529587
1.9700000000000002,0.04050024226307869,0.0,0.013675852678716183,0.06795043498277664
1.9705,0.040500495582818985,0.0,0.013203644193708897,0.06744209676980972
1.971,0.040500540286302567,0.0,0.01348449569195509,0.06771610677242279
1.9714999999999998,0.04050040990114212,0.00030517578125,0.0134650943800807,0.06755156069993973
1.972,0.04050036519765854,0.00030517578125,0.013572782278060913,0.06710880249738693
1.9725000000000001,0.04050050675868988,0.00030517578125,0.013835649006068707,0.06775633245706558
1.9729999999999999,0.04050030931830406,0.0006103515625,0.01354741770774126,0.06735574454069138
1.9735,0.0405002236366272,0.0,0.013183225877583027,0.06735347211360931
1.9740000000000002,0.04050030931830406,0.0,0.013395199552178383,0.06771893799304962
1.9745,0.04050050675868988,0.00030517578125,0.013624337501823902,0.06749047338962555
1.975,0.04050043225288391,0.00030517578125,0.01301382016390562,0.06774692237377167
1.9754999999999998,0.04050051048398018,0.00030517578125,0.013172096572816372,0.06767448782920837
1.976,0.04050053656101227,0.00030517578125,0.013382169418036938,0.06681131571531296
1.9765000000000001,0.0405002199113369,0.0,0.013478757813572884,0.06790465116500854
1.9769999999999999,0.04050058498978615,0.0006103515625,0.0131539823487401,0.06823230534791946
1.9775,0.04050051420927048,0.00030517578125,0.013432599604129791,0.06797891110181808
1.9780000000000002,0.04050053283572197,0.0006103515625,0.013460678979754448,0.06769776344299316
1.9785,0.04050018638372421,0.00030517578125,0.013714207336306572,0.06737777590751648
1.979,0.04050031304359436,0.00030517578125,0.013463600538671017,0.0678006038069725
1.9794999999999998,0.04050055518746376,0.0006103515625,0.013464557938277721,0.06799522042274475
1.98,0.04050014168024063,0.00030517578125,0.013571042567491531,0.06748953461647034
1.9805000000000001,0.0405002236366272,-0.00030517578125,0.013181818649172783,0.06783916801214218
1.9809999999999999,0.040500398725271225,0.0006103515625,0.013439999893307686,0.06799140572547913
1.9815,0.040500156581401825,0.00030517578125,0.01326894573867321,0.06714428216218948
1.9820000000000002,0.04050043225288391,0.0,0.013119391165673733,0.0672721415758133
1.9825,0.04050043597817421,0.0,0.013797299936413765,0.06765900552272797
1.983,0.04050058126449585,0.00030517578125,0.013417216949164867,0.06815633177757263
1.9834999999999998,0.040500398725271225,0.00030517578125,0.01357191987335682,0.0686131939291954
1.984,0.0405002124607563,0.00030517578125,0.013268496841192245,0.06785928457975388
1.9845000000000002,0.04050057381391525,-0.00030517578125,0.01338727306574583,0.06803059577941895
1.9849999999999999,0.04050030931830406,0.00030517578125,0.013634108938276768,0.06790267676115036
1.9855,0.04050048813223839,0.00030517578125,0.013451174832880497,0.0675697848200798
1.9860000000000002,0.0405004508793354,0.00030517578125,0.013615703210234642,0.06861840933561325
1.9865,0.040500447154045105,0.0,0.013288194313645363,0.06782912462949753
1.987,0.040500614792108536,0.0,0.013359970413148403,0.06810212880373001
1.9874999999999998,0.0405004546046257,-0.00030517578125,0.013564581982791424,0.068241648375988
1.988,0.0405004657804966,0.0006103515625,0.013749754056334496,0.06801264733076096
1.9885000000000002,0.04050057753920555,0.00030517578125,0.013617096468806267,0.06780456751585007
1.9889999999999999,0.04050052538514137,0.00030517578125,0.013506808318197727,0.06714417785406113
1.9895,0.04050057381391525,0.00091552734375,0.013491898775100708,0.06838788092136383
1.9900000000000002,0.04050040990114212,0.00030517578125,0.013712471351027489,0.06797007471323013
1.9905,0.040500324219465256,0.0006103515625,0.01333805825561285,0.0675092488527298
1.991,0.04050038009881973,-0.00030517578125,0.01348816230893135,0.06767835468053818
1.9914999999999998,0.040500495582818985,0.00030517578125,0.013577956706285477,0.06738843768835068
1.992,0.04050031676888466,0.00030517578125,0.013110705651342869,0.06756797432899475
1.9925000000000002,0.04050051420927048,0.00030517578125,0.013400848023593426,0.06807149946689606
1.9929999999999999,0.04050068184733391,-0.00030517578125,0.0135631263256073,0.06799297034740448
1.9935,0.04050034284591675,-0.00030517578125,0.013556024059653282,0.06870481371879578
1.9940000000000002,0.04050052911043167,0.0006103515625,0.013354487717151642,0.06720124930143356
1.9945,0.04050063341856003,0.00030517578125,0.013607614673674107,0.0680641308426857
1.995,0.04050030559301376,0.00030517578125,0.013812737539410591,0.06796308606863022
1.9954999999999998,0.0405004508793354,-0.00030517578125,0.012959765270352364,0.06719324737787247
1.996,0.040500458329916,-0.00030517578125,0.013316445983946323,0.06819628179073334
1.9965000000000002,0.04050035774707794,0.0,0.013423027470707893,0.06785517930984497
1.9969999999999999,0.04050026834011078,0.0,0.013071398250758648,0.06789803504943848
1.9975,0.040500301867723465,0.0,0.013190820813179016,0.06812990456819534
1.9980000000000002,0.040500566363334656,0.0,0.013573780655860901,0.067515529692173
1.9985,0.040500346571207047,0.00091552734375,0.013581367209553719,0.06758718192577362
1.999,0.04050035774707794,0.0,0.013423570431768894,0.0673445612192154
1.9994999999999998,0.04050052538514137,0.00030517578125,0.013499505817890167,0.06769797950983047
2.0,0.04050031676888466,0.0,0.013131426647305489,0.06767403334379196
2.0005,0.040500201284885406,0.00030517578125,0.013433760032057762,0.06833233684301376
2.001,0.04050043225288391,-0.00030517578125,0.013582323677837849,0.06697025150060654
2.0015,0.04050053283572197,0.00030517578125,0.012965736910700798,0.06741749495267868
2.002,0.040500350296497345,0.0,0.013416804373264313,0.06776214390993118
2.0025,0.040500205010175705,0.00030517578125,0.013759640045464039,0.06634443253278732
2.003,0.040500424802303314,0.0,0.013577575795352459,0.0673651173710823
2.0035,0.04050024598836899,0.0006103515625,0.013414902612566948,0.0672086626291275
2.004,0.04050035402178764,0.00030517578125,0.013198601081967354,0.06793808192014694
2.0045,0.040500398725271225,0.0006103515625,0.013411053456366062,0.06812691688537598
2.005,0.040500324219465256,0.0,0.013357492163777351,0.06779053062200546
2.0055,0.040500298142433167,-0.0006103515625,0.01333585288375616,0.06802140921354294
2.006,0.04050041735172272,0.0,0.013310952112078667,0.06782744079828262
2.0065,0.040500469505786896,0.0,0.013374779373407364,0.0670924037694931
2.007,0.04050040245056152,0.00091552734375,0.01350270863622427,0.06752217561006546
2.0075,0.04050038382411003,-0.00030517578125,0.013216029852628708,0.06776455044746399
2.008,0.04050042852759361,0.0,0.013348560780286789,0.06868867576122284
2.0085,0.040500398725271225,0.00030517578125,0.013247961178421974,0.06729073822498322
2.009,0.04050051420927048,0.0,0.013161223381757736,0.06781591475009918
2.0095,0.04050053656101227,0.0,0.013622203841805458,0.0678180456161499
2.01,0.04050063714385033,0.00030517578125,0.013520672917366028,0.06706751137971878
2.0105,0.04050061106681824,0.0,0.013448948040604591,0.06799350678920746
2.011,0.040500324219465256,-0.00030517578125,0.013257209211587906,0.06675964593887329
2.0115,0.04050050675868988,0.00030517578125,0.013230717740952969,0.06769736856222153
2.012,0.040500301867723465,0.0,0.013421253301203251,0.06792239844799042
2.0125,0.04050036519765854,0.0,0.01288282684981823,0.06761465966701508
2.013,0.04050050303339958,0.00030517578125,0.013384087011218071,0.06810901314020157
2.0135,0.04050060361623764,0.0,0.013604619540274143,0.06762110441923141
2.014,0.04050050303339958,0.0,0.013177122920751572,0.06709248572587967
2.0145,0.04050062596797943,0.00030517578125,0.013377985917031765,0.06705179065465927
2.015,0.040500458329916,0.00030517578125,0.013613340444862843,0.06804779917001724
2.0155,0.0405007041990757,0.0,0.01331162266433239,0.06751662492752075
2.016,0.04050035774707794,0.00030517578125,0.013375873677432537,0.06696666777133942
2.0165,0.04050056263804436,0.00030517578125,0.01357359904795885,0.06809861212968826
2.017,0.04050052538514137,0.00030517578125,0.01324926596134901,0.06782860308885574
2.0175,0.04050035774707794,0.00030517578125,0.013323321007192135,0.06711728125810623
2.018,0.0405006967484951,-0.00030517578125,0.013487028889358044,0.0682792067527771
2.0185,0.04050028696656227,0.00030517578125,0.013759789057075977,0.06840836256742477
2.019,0.04050026834011078,0.00030517578125,0.013213387690484524,0.06766598671674728
2.0195,0.040500521659851074,0.00030517578125,0.013604113832116127,0.06789052486419678
2.02,0.04050055891275406,0.0006103515625,0.01364705990999937,0.06770052015781403
2.0205,0.040500458329916,0.00030517578125,0.013464376330375671,0.06785187125205994
2.021,0.040500421077013016,0.0,0.013379034586250782,0.06770391762256622
2.0215,0.04050053656101227,0.0,0.013549928553402424,0.06771120429039001
2.022,0.040500324219465256,0.0006103515625,0.013584349304437637,0.06790010631084442
2.0225,0.04050053283572197,-0.00030517578125,0.013360131531953812,0.06744060665369034
2.023,0.04050048440694809,0.0,0.013467424549162388,0.06807718425989151
2.0235,0.04050056263804436,0.0006103515625,0.013657747767865658,0.06742115318775177
2.024,0.04050042852759361,0.0006103515625,0.013568748719990253,0.06750426441431046
2.0245,0.040500372648239136,0.00030517578125,0.013262643478810787,0.06742039322853088
2.025,0.04050038754940033,0.00030517578125,0.013354117050766945,0.06704097241163254
2.0255,0.040500227361917496,0.00030517578125,0.013747433200478554,0.06797328591346741
2.026,0.040500540286302567,0.0006103515625,0.013657821342349052,0.06832883507013321
2.0265,0.04050052911043167,0.0006103515625,0.013777892105281353,0.06749747693538666
2.027,0.0405004546046257,0.0,0.013480596244335175,0.06694140285253525
2.0275,0.040500458329916,0.0006103515625,0.013523739762604237,0.06767619401216507
2.028,0.04050053656101227,0.00030517578125,0.013426381163299084,0.06719588488340378
2.0285,0.040500421077013016,0.0006103515625,0.013679422438144684,0.06735759973526001
2.029,0.040500227361917496,-0.00030517578125,0.01353573426604271,0.0670194923877716
2.0295,0.040500301867723465,0.0,0.013599255122244358,0.06729087233543396
2.03,0.04050077125430107,0.00030517578125,0.013581843115389347,0.06767968088388443
2.0305,0.0405004657804966,0.0006103515625,0.013897606171667576,0.06715358793735504
2.031,0.04050043597817421,0.0,0.013515937142074108,0.06791471689939499
2.0315,0.040500491857528687,0.00030517578125,0.013452896848320961,0.0675179585814476
2.032,0.04050058871507645,0.00030517578125,0.013436177745461464,0.0672948807477951
2.0325,0.040500327944755554,0.0006103515625,0.013514485210180283,0.06723283976316452
2.033,0.04050040617585182,0.0006103515625,0.013403311371803284,0.06803730130195618
2.0335,0.04050026088953018,0.00030517578125,0.01389060728251934,0.0678211897611618
2.034,0.04050039127469063,0.0006103515625,0.013413687236607075,0.06714367866516113
2.0345,0.04050050675868988,0.0006103515625,0.013196388259530067,0.06798698008060455
2.035,0.040497973561286926,0.00030517578125,0.013479119166731834,0.06747432053089142
2.0355,0.040502071380615234,0.00030517578125,0.013256839476525784,0.06801707297563553
2.036,0.0404941700398922,0.0,0.013551406562328339,0.0676431730389595
2.0365,0.04050794243812561,0.0006103515625,0.013397102244198322,0.0673045814037323
2.037,0.04048477113246918,0.0,0.013908028602600098,0.06767258048057556
2.0375,0.040522005409002304,0.0,0.01309551578015089,0.0661940798163414
2.038,0.04046330600976944,0.0,0.014024005271494389,0.07000437378883362
2.0385,0.040558844804763794,0.0006103515625,0.01269806269556284,0.06559261679649353
2.039,0.04038241505622864,0.00030517578125,0.01561005413532257,0.07282857596874237
2.0395,0.04102723300457001,0.0,0.005266556981950998,0.04379867762327194
