Time [s],Lmtc [m],STIM [ ],Fsee [N],Gamma [ ],Lcerel [ ],q [ ]
0.0,0.02001924830912267,1.0,1.3550940509756284,0.09700383065558736,1.1523674947717648,0.13856597518267308
0.001,0.020007248309122667,1.0,1.6115811891518919,0.11252515874736019,1.1508941069426724,0.2025469017155215
0.002,0.01999524830912267,1.0,2.151329219146107,0.12777969539691583,1.1488491422767444,0.27307562178231276
0.003,0.019983248309122667,1.0,2.7864631657357677,0.14277202649523066,1.1467713949154281,0.3459124092582912
0.004,0.01997124830912267,1.0,3.449963577057629,0.15750665896263308,1.1447831919772442,0.41728019726126625
0.005,0.019959248309122667,1.0,4.11300570471522,0.17198802114915504,1.1429038145265906,0.4844104160290659
0.006,0.01994724830912267,1.0,4.756607470786953,0.18622047034296962,1.1411347941265237,0.5456573898083961
0.007,0.019935248309122668,1.0,5.367236281768736,0.2002082766289704,1.13947245070334,0.6003196300810485
0.008,0.01992324830912267,1.0,5.935603736150576,0.2139556603157286,1.1379108096944737,0.6483652819310927
0.009000000000000001,0.019911248309122668,1.0,6.456891333082245,0.22746673645555743,1.1364415511743875,0.6901711057688533
0.01,0.01989924830912267,1.0,6.92923585520532,0.24074557106557012,1.1350558480147688,0.726324608687229
0.011,0.019887248309122668,1.0,7.353456491481021,0.253796178308789,1.1337443179770175,0.757489517877452
0.012,0.01987524830912267,1.0,7.731665202840824,0.2666224458959804,1.1324982433739244,0.7843256945995662
0.013000000000000001,0.01986324830912267,1.0,8.067159763302962,0.2792282234864127,1.1313092493170194,0.8074457673961511
0.014,0.019851248309122667,1.0,8.364376901492362,0.2916173719718627,1.13016902736296,0.8273959088659343
0.015,0.01983924830912267,1.0,8.626734579125495,0.3037935694468521,1.1290713733018065,0.8446519027249286
0.016,0.019827248309122667,1.0,8.857833259077948,0.3157604435696425,1.1280105916011056,0.8596209930609486
0.017,0.01981524830912267,1.0,9.061721168015145,0.3275216134240868,1.1269810616792988,0.8726481944322089
0.018000000000000002,0.019803248309122667,1.0,9.242016202791934,0.33908064552504624,1.1259780303183464,0.884024437467186
0.019,0.01979124830912267,1.0,9.401496056434539,0.3504409976735876,1.124997906326776,0.8939943776623904
0.02,0.019779248309122668,1.0,9.54273228752119,0.3616060647553649,1.124037518684974,0.9027632857358804
0.021,0.01976724830912267,1.0,9.668222384511692,0.3725792019285863,1.1230939314734096,0.9105033955166663
0.022,0.019755248309122668,1.0,9.780247222724917,0.38336377114994125,1.1221645493031323,0.9173594741383535
0.023,0.01974324830912267,1.0,9.880332882017981,0.39396296092670247,1.1212476181909026,0.9234534919077249
0.024,0.01973124830912267,1.0,9.969976338996275,0.4043799381701666,1.1203414743455429,0.9288883369630438
0.025,0.019719248309122667,1.0,10.050638060687936,0.41461783378545736,1.119444539326723,0.9337510356333659
0.026000000000000002,0.01970724830912267,1.0,10.123610045105806,0.4246797939013877,1.1185554391540804,0.9381154740292402
0.027,0.019695248309122667,1.0,10.189809845461953,0.43456883926596984,1.1176731949956409,0.9420445680025795
0.028,0.01968324830912267,1.0,10.249957958938863,0.4442878815444738,1.116797040001335,0.9455920351332562
0.029,0.019671248309122667,1.0,10.304790417876536,0.4538398324021694,1.1159262073210927,0.9488038850410557
0.03,0.01965924830912267,1.0,10.355023198396953,0.4632275682459644,1.1150599623279123,0.9517196486002577
0.031,0.019647248309122668,1.0,10.401247940494754,0.4724539514907133,1.114197700960215,0.9543734256672907
0.032,0.01963524830912267,1.0,10.443954676955,0.4815218350112607,1.1133389249563972,0.9567947220634395
0.033,0.019623248309122668,1.0,10.483459785331707,0.49043385430422515,1.112483308971217,0.959009106954993
0.034,0.01961124830912267,1.0,10.520083856952791,0.49919264486622517,1.111630527659433,0.9610388335905903
0.035,0.019599248309122668,1.0,10.554151193114768,0.5078008421938793,1.1107802556758035,0.9629033266730468
0.036000000000000004,0.01958724830912267,1.0,10.585983305826515,0.5162610649778623,1.1099321734599847,0.9646195881466142
0.037,0.01957524830912267,1.0,10.61581054465882,0.5245758190316749,1.1090860511989515,0.9662025342763427
0.038,0.019563248309122667,1.0,10.643870265367319,0.5327477896532958,1.1082416543042122,0.9676653305469465
0.039,0.01955124830912267,1.0,10.67029629566194,0.5407793270457739,1.1073988485025412,0.9690195488468574
0.04,0.019539248309122667,1.0,10.695223577396764,0.5486727814121579,1.1065574995207137,0.970275432692158
0.041,0.01952724830912267,1.0,10.718788060855587,0.5564305029554968,1.1057174730855046,0.9714420721062307
0.042,0.019515248309122667,1.0,10.741126608349477,0.5640548418788394,1.1048786349236888,0.97252755283845
0.043000000000000003,0.01950324830912267,1.0,10.762372148382878,0.5715481195807661,1.1040408552747205,0.9735390803906807
0.044,0.019491248309122668,1.0,10.78261827155543,0.5789125843429239,1.1032040423376477,0.9744830879915984
0.045,0.01947924830912267,1.0,10.801956335608834,0.5861505762400281,1.102368106915823,0.9753653501707759
0.046,0.019467248309122668,1.0,10.820446396769269,0.5932641796024943,1.1015329898559156,0.9761910201597569
0.047,0.01945524830912267,1.0,10.838148834097412,0.6002554787607383,1.1006986320045937,0.9769647343528195
0.048,0.019443248309122668,1.0,10.855124325381684,0.6071265580451755,1.0998649742085258,0.9776906723480392
0.049,0.01943124830912267,1.0,10.871433824841473,0.6138795017862219,1.0990319573143805,0.9783726091502143
0.05,0.01941924830912267,1.0,10.887135484649049,0.6205163571336119,1.098199525052025,0.9790139569839638
0.051000000000000004,0.019407248309122667,1.0,10.902273486316403,0.627039140088291,1.0973676345298236,0.9796178072794235
0.052000000000000005,0.01939524830912267,1.0,10.91688961093926,0.6334498977159531,1.0965362452805194,0.9801869709585009
0.053,0.019383248309122667,1.0,10.931013470020867,0.639750478551891,1.0957053284348264,0.9807239872794427
0.054,0.01937124830912267,1.0,10.9446747904168,0.6459427311313981,1.0948748551234586,0.9812311709653545
0.055,0.019359248309122667,1.0,10.95790340750197,0.6520285039897674,1.0940447964771307,0.9817106353972576
0.056,0.01934724830912267,1.0,10.970729258773767,0.6580096456622918,1.0932151236265564,0.9821643131013357
0.057,0.019335248309122668,1.0,10.983179581282812,0.6638879311849677,1.0923858103276454,0.9825939680180106
0.058,0.01932324830912267,1.0,10.99527788893122,0.6696651770410071,1.0915568339085737,0.98300122175531
0.059000000000000004,0.019311248309122668,1.0,11.007047350604582,0.6753432541285302,1.0907281720881739,0.9833875680012304
0.06,0.01929924830912267,1.0,11.018502838617572,0.6809237781103779,1.0898998104235798,0.983754361833687
0.061,0.01928724830912267,1.0,11.029659271757847,0.6864083646493914,1.089071734471925,0.9841028518816193
0.062,0.019275248309122667,1.0,11.04053161310181,0.6917986294084119,1.088243929790344,0.9844341901737665
0.063,0.01926324830912267,1.0,11.051134867936623,0.6970961880502805,1.0874163819359701,0.9847494409552474
0.064,0.019251248309122667,1.0,11.0614840817882,0.7023026562378385,1.0865890764659378,0.9850495885923799
0.065,0.01923924830912267,1.0,11.071594338561034,0.707419649633927,1.0857619989373808,0.9853355446707767
0.066,0.019227248309122667,1.0,11.081475316272483,0.7124486002776286,1.0849351399936649,0.9856081429955652
0.067,0.01921524830912267,1.0,11.091139852064227,0.717391248696661,1.084108487350922,0.9858681768434605
0.068,0.019203248309122668,1.0,11.100595819352874,0.7222490028356567,1.0832820333878905,0.9861163632940285
0.069,0.01919124830912267,1.0,11.109850930455853,0.7270232606887207,1.0824557706525113,0.9863533691900285
0.07,0.019179248309122668,1.0,11.118912916813747,0.7317154202499584,1.081629691692724,0.9865798158647575
0.07100000000000001,0.01916724830912267,1.0,11.127789528268927,0.7363268795134748,1.080803789056469,0.9867962828476804
0.07200000000000001,0.019155248309122668,1.0,11.136488532370603,0.7408590364733753,1.0799780552916867,0.9870033112279311
0.073,0.01914324830912267,1.0,11.145017713713116,0.7453132891237649,1.079152482946317,0.9872014067110101
0.074,0.01913124830912267,1.0,11.153383464858607,0.7496909297688779,1.0783270658802901,0.98739103685479
0.075,0.019119248309122667,1.0,11.161592001156134,0.7539933939881709,1.077501798131336,0.9875726470627989
0.076,0.01910724830912267,1.0,11.169648446553442,0.7582219825010446,1.0766766747651795,0.9877466479596025
0.077,0.019095248309122667,1.0,11.177557092980651,0.7623779049580948,1.07585169163194,0.9879134203473592
0.078,0.01908324830912267,1.0,11.185322241790944,0.7664623710099171,1.0750268445817366,0.9880733219505434
0.079,0.019071248309122667,1.0,11.192948203460809,0.7704765903071071,1.0742021294646884,0.988226689108575
0.08,0.01905924830912267,1.0,11.200439297305282,0.7744217725002607,1.0733775421309146,0.9883738383279789
0.081,0.019047248309122668,1.0,11.207799851196981,0.7782991272399733,1.0725530784305348,0.9885150677071584
0.082,0.01903524830912267,1.0,11.215033922383059,0.7821098211355981,1.07172873447277,0.9886506562821741
0.083,0.019023248309122668,1.0,11.222144841779391,0.78585501110443,1.070904507048484,0.9887808669157524
0.084,0.01901124830912267,1.0,11.229136056273644,0.7895359158863258,1.0700803928469331,0.9889059505672835
0.085,0.01899924830912267,1.0,11.236010106794655,0.7931535821627831,1.0692563894041864,0.9890261368937453
0.08600000000000001,0.018987248309122667,1.0,11.242769539450764,0.7967090566152994,1.0684324942563124,0.9891416431351446
0.08700000000000001,0.01897524830912267,1.0,11.249416905389111,0.8002033859253723,1.0676087049393796,0.9892526749423636
0.088,0.018963248309122667,1.0,11.255954760659355,0.8036376167744993,1.0667850189894574,0.9893594271429111
0.089,0.01895124830912267,1.0,11.262385666082558,0.8070127958441781,1.065961433942614,0.9894620844498214
0.09,0.018939248309122667,1.0,11.26871218711813,0.810329969815906,1.065137947334918,0.9895608221184546
0.091,0.01892724830912267,1.0,11.274936924930124,0.8135900709209007,1.0643145566735406,0.9896558019455863
0.092,0.018915248309122668,1.0,11.281058206130584,0.8167942215428821,1.0634912634289853,0.9897471854141173
0.093,0.01890324830912267,1.0,11.287076940556805,0.8199433399046208,1.0626680666794752,0.9898351179577152
0.094,0.018891248309122668,1.0,11.292994178876203,0.8230383316743828,1.0618449653751874,0.9899197374820934
0.095,0.01887924830912267,1.0,11.298810974369498,0.826080102520434,1.0610219584662972,0.9900011753116643
0.096,0.018867248309122668,1.0,11.304528382875032,0.82906955811104,1.0601990449029812,0.9900795565890188
0.097,0.01885524830912267,1.0,11.31014746274079,0.8320076041144671,1.0593762236354156,0.9901550006474604
0.098,0.01884324830912267,1.0,11.315669274772388,0.8348951461989809,1.0585534936137762,0.9902276213586557
0.099,0.018831248309122667,1.0,11.321094876929031,0.8377330254116688,1.0577308537930978,0.9902975250855681
0.1,0.01881924830912267,1.0,11.326425882544653,0.8405221657579838,1.056908302617216,0.9903648164465684
0.101,0.018807248309122667,1.0,11.331663462267361,0.8432634167470101,1.0560858389416827,0.9904295928161926
0.10200000000000001,0.01879524830912267,1.0,11.336808628824317,0.8459575620316636,1.0552634617701273,0.9904919450185218
0.10300000000000001,0.018783248309122667,1.0,11.341862397089455,0.8486053852648607,1.0544411701061782,0.990551959996489
0.10400000000000001,0.01877124830912267,1.0,11.34682578404127,0.8512076700995174,1.053618962953464,0.9906097210302777
0.105,0.018759248309122668,1.0,11.351699808717123,0.8537652001885497,1.0527968393156133,0.9906653079423019
0.106,0.01874724830912267,1.0,11.356485492171162,0.8562787591848741,1.0519747981962548,0.9907187972897065
0.107,0.018735248309122668,1.0,11.361183795190827,0.8587490855952551,1.0511528386564621,0.9907702610090459
0.108,0.01872324830912267,1.0,11.36579563570282,0.8611769064037423,1.0503309597985964,0.9908197677846199
0.109,0.018711248309122668,1.0,11.370322008698876,0.8635631023829724,1.049509160655584,0.99086738875857
0.11,0.018699248309122667,1.0,11.37476357926812,0.8659083377593721,1.048687440566344,0.9909131851694406
0.111,0.01868724830912267,1.0,11.379121014033322,0.8682132767593682,1.0478657988697955,0.9909572159118302
0.112,0.018675248309122667,1.0,11.383394981124152,0.8704785836093873,1.0470442349048568,0.9909995376593466
0.113,0.01866324830912267,1.0,11.387586150150883,0.8727049225358564,1.046222748010447,0.9910402049806883
0.114,0.018651248309122667,1.0,11.391695192176565,0.8748929577652022,1.0454013375254847,0.9910792704492944
0.115,0.01863924830912267,1.0,11.39572277969311,0.8770433535238513,1.044580002788889,0.9911167847469673
0.116,0.018627248309122667,1.0,11.399669586592882,0.8791567740382306,1.0437587431395785,0.9911527967618521
0.117,0.01861524830912267,1.0,11.403536288144979,0.8812338835347668,1.0429375579164721,0.9911873536811219
0.11800000000000001,0.018603248309122668,1.0,11.40732351749094,0.88327521615066,1.0421164464985353,0.9912204969784818
0.11900000000000001,0.01859124830912267,1.0,11.411031821432019,0.8852815429170175,1.0412954083454429,0.9912522741220599
0.12,0.018579248309122668,1.0,11.414661637128262,0.887253443930231,1.0404744430189472,0.99128272510004
0.121,0.01856724830912267,1.0,11.418213397056023,0.8891914741800161,1.0396535500861523,0.991311887802298
0.122,0.01855524830912267,1.0,11.421687534798435,0.8910961886560891,1.0388327291141624,0.9913397988804491
0.123,0.018543248309122667,1.0,11.425084485030942,0.8929681423481656,1.0380119796700817,0.9913664938084956
0.124,0.01853124830912267,1.0,11.428404683505763,0.8948078902459616,1.0371913013210143,0.9913920069404738
0.125,0.018519248309122667,1.0,11.431648567033509,0.8966159873391932,1.0363706936340644,0.991416371565272
0.126,0.01850724830912267,1.0,11.434816573469897,0.8983929886175762,1.0355501561763365,0.9914396199587839
0.127,0.018495248309122667,1.0,11.437909141698842,0.9001394490708267,1.0347296885149342,0.9914617834335443
0.128,0.01848324830912267,1.0,11.440926750341465,0.9018558570832461,1.0339092901813454,0.9914828903887902
0.129,0.018471248309122668,1.0,11.443869792467035,0.9035427827037809,1.0330889607866678,0.9915029708260187
0.13,0.01845924830912267,1.0,11.446738530137962,0.9052007758420821,1.0322687000633417,0.9915220533152388
0.131,0.018447248309122668,1.0,11.449533255569312,0.906830300215901,1.031448507716892,0.9915401630875448
0.132,0.01843524830912267,1.0,11.4522542618604,0.9084318195429886,1.0306283834528436,0.9915573246649463
0.133,0.018423248309122668,1.0,11.454901842982343,0.9100057975410958,1.0298083269767209,0.9915735618935725
0.134,0.01841124830912267,1.0,11.457476293769664,0.9115526979279737,1.0289883379940488,0.991588897975415
0.135,0.01839924830912267,1.0,11.459977909907813,0.9130729844213732,1.028168416210352,0.9916033554986821
0.136,0.018387248309122667,1.0,11.46240698792459,0.9145671207390456,1.0273485613311555,0.9916169564668368
0.137,0.01837524830912267,1.0,11.464763825180201,0.9160355705987417,1.0265287730619836,0.9916297223263887
0.138,0.018363248309122667,1.0,11.467048733572282,0.9174787810467959,1.0257090510957594,0.9916416735110511
0.139,0.01835124830912267,1.0,11.469262078278248,0.918897148733684,1.0248893950772135,0.9916528285006245
0.14,0.018339248309122667,1.0,11.471404001662684,0.920291201478083,1.0240698048564925,0.9916632090937251
0.14100000000000001,0.01832724830912267,1.0,11.473474708519266,0.9216613267360959,1.023250280227079,0.9916728325839842
0.14200000000000002,0.018315248309122668,1.0,11.475474404390145,0.923007911963826,1.0224308209824564,0.9916817158520029
0.14300000000000002,0.01830324830912267,1.0,11.47740329556112,0.9243313446173764,1.0216114269161074,0.9916898753842985
0.14400000000000002,0.018291248309122668,1.0,11.479261589052255,0.9256320121528503,1.0207920978215148,0.991697327291511
0.145,0.01827924830912267,1.0,11.481049492612593,0.9269103020263507,1.019972833492162,0.9917040873259014
0.146,0.018267248309122668,1.0,11.482767214712341,0.9281666016939808,1.019153633721532,0.9917101708981811
0.147,0.018255248309122667,1.0,11.484414964537123,0.929401298611844,1.018334498303107,0.9917155930936961
0.148,0.01824324830912267,1.0,11.485992951979696,0.9306147802360429,1.017515427030371,0.9917203686880006
0.149,0.018231248309122667,1.0,11.48750146794824,0.9318073651931964,1.0166964196230879,0.9917245102191213
0.15,0.01821924830912267,1.0,11.488940642493572,0.9329794916140677,1.0158774759493154,0.9917280333258424
0.151,0.018207248309122667,1.0,11.490310602642303,0.9341315081059053,1.0150585958804983,0.9917309508552775
0.152,0.01819524830912267,1.0,11.491611497604227,0.9352637384049295,1.0142397792683304,0.9917332747092603
0.153,0.018183248309122668,1.0,11.492843477250156,0.93637650624736,1.013421025964506,0.9917350165585511
0.154,0.01817124830912267,1.0,11.494006692108481,0.9374701353694171,1.0126023358207192,0.9917361878536711
0.155,0.018159248309122668,1.0,11.495101293358655,0.9385449495073206,1.011783708688664,0.9917367998353647
0.156,0.01814724830912267,1.0,11.496127432828159,0.9396012723972906,1.010965144420035,0.9917368635447092
0.157,0.018135248309122668,1.0,11.497085262985486,0.940639427775547,1.010146642866526,0.9917363898328854
0.158,0.018123248309122666,1.0,11.497974936938183,0.9416597393783098,1.009328203879831,0.9917353893706217
0.159,0.01811124830912267,1.0,11.498796471991843,0.9426624693536836,1.0085098274368123,0.9917338709477853
0.16,0.018099248309122667,1.0,11.499550203864064,0.9436479515143669,1.0076915132227815,0.991731845179651
0.161,0.01808724830912267,1.0,11.500236473233537,0.9446165636562711,1.0068732609190942,0.9917293237480047
0.162,0.018075248309122667,1.0,11.500855301935792,0.9455685692209095,1.0060550705001778,0.9917263150193033
0.163,0.01806324830912267,1.0,11.501406712404886,0.9465042316497954,1.005236941940459,0.9917228272262246
0.164,0.018051248309122667,1.0,11.501890727668474,0.9474238143844421,1.0044188752143652,0.9917188684741781
0.165,0.01803924830912267,1.0,11.502307371351232,0.948327580866363,1.0036008702963235,0.991714446747622
0.166,0.018027248309122668,1.0,11.502656667670697,0.9492157945370716,1.0027829271607613,0.9917095699161977
0.167,0.01801524830912267,1.0,11.50293864143915,0.9500887188380811,1.0019650457821054,0.9917042457406854
0.168,0.018003248309122668,1.0,11.503153318060226,0.9509466172109048,1.0011472261347834,0.991698481878788
0.169,0.017991248309122666,1.0,11.503300723530428,0.9517897530970562,1.000329468193222,0.9916922858907506
0.17,0.017979248309122668,1.0,11.503380884436876,0.9526183899380484,0.9995117719318487,0.9916856652448234
0.171,0.01796724830912267,1.0,11.503393827956758,0.953432791175395,0.9986941373250906,0.9916786273225667
0.17200000000000001,0.01795524830912267,1.0,11.503339716852325,0.9542331648166644,0.9978765642235512,0.9916711778840015
0.17300000000000001,0.017943248309122667,1.0,11.503215689679665,0.9550197798658798,0.9970590552523143,0.9916633244023885
0.17400000000000002,0.01793124830912267,1.0,11.503020513609274,0.955792928246186,0.9962416115432358,0.9916550748600939
0.17500000000000002,0.017919248309122667,1.0,11.502754200723015,0.9565528203969133,0.995424233086894,0.9916464348732873
0.176,0.01790724830912267,1.0,11.502416763763426,0.9572996667573915,0.994606919873867,0.9916374099940142
0.177,0.017895248309122667,1.0,11.502008216130958,0.9580336777669514,0.9937896718947331,0.991628005713851
0.178,0.01788324830912267,1.0,11.501528571886228,0.958755063864923,0.9929724891400706,0.9916182274674699
0.179,0.017871248309122668,1.0,11.500977845747004,0.9594640354906366,0.9921553716004579,0.9916080806361195
0.18,0.01785924830912267,1.0,11.500356053090977,0.9601608030834226,0.9913383192664729,0.991597570551022
0.181,0.017847248309122668,1.0,11.499663209952212,0.960845577082611,0.990521332128694,0.9915867024966902
0.182,0.01783524830912267,1.0,11.498899333023559,0.9615185679275322,0.9897044101776995,0.9915754817141677
0.183,0.01782324830912267,1.0,11.49806443965412,0.9621799860575164,0.9888875534040675,0.9915639134041929
0.184,0.017811248309122667,1.0,11.497158547850756,0.962830041911894,0.9880707617983765,0.9915520027302922
0.185,0.01779924830912267,1.0,11.496181770487615,0.9634688977319911,0.9872540352647639,0.9915397534756412
0.186,0.017787248309122667,1.0,11.49513431572917,0.9640967763728359,0.9864373736205172,0.991527171074854
0.187,0.01777524830912267,1.0,11.494016206192306,0.9647139051094633,0.9856207768537529,0.9915142610646405
0.188,0.017763248309122667,1.0,11.492827502856814,0.9653204520426072,0.9848042449179789,0.9915010273032198
0.189,0.01775124830912267,1.0,11.49156826734412,0.9659165852730014,0.9839877777667032,0.9914874736213346
0.19,0.017739248309122668,1.0,11.490238561914706,0.9665024729013798,0.9831713753534338,0.9914736038244097
0.191,0.01772724830912267,1.0,11.488838449468364,0.9670782830284763,0.9823550376316786,0.9914594216946687
0.192,0.017715248309122668,1.0,11.487367993540051,0.9676441837550246,0.9815387645549457,0.9914449309932091
0.193,0.01770324830912267,1.0,11.48582725830106,0.9682003431817586,0.980722556076743,0.9914301354620396
0.194,0.017691248309122668,1.0,11.48421630855513,0.9687469294094123,0.9799064121505785,0.9914150388260776
0.195,0.017679248309122667,1.0,11.482535209738456,0.9692841105387193,0.9790903327299603,0.991399644795111
0.196,0.01766724830912267,1.0,11.480784027918,0.9698120546704136,0.9782743177683962,0.9913839570657218
0.197,0.017655248309122667,1.0,11.478962829788406,0.9703309299052292,0.9774583672193944,0.9913679793231767
0.198,0.01764324830912267,1.0,11.477071770997792,0.9708408627501451,0.9766424809553549,0.9913517140647332
0.199,0.017631248309122667,1.0,11.475110907417115,0.9713420374545817,0.975826658940856,0.991335165411106
0.2,0.01761924830912267,1.0,11.473080219488649,0.9718346309436554,0.9750109012103299,0.9913183372745381
0.201,0.017607248309122667,1.0,11.470979758704544,0.9723187774976677,0.9741952077335468,0.9913012323517139
0.202,0.01759524830912267,1.0,11.468809577185745,0.9727946113969203,0.973379578480277,0.9912838533311299
0.203,0.017583248309122668,1.0,11.46656972767919,0.9732622669217144,0.9725640134202906,0.9912662028944323
0.20400000000000001,0.01757124830912267,1.0,11.464260263558868,0.9737218783523518,0.9717485125233579,0.991248283717733
0.20500000000000002,0.017559248309122668,1.0,11.461881238823267,0.974173579969134,0.9709330757592488,0.9912300984729073
0.20600000000000002,0.017547248309122666,1.0,11.459432708094896,0.9746175060523625,0.9701177030977337,0.9912116498288721
0.20700000000000002,0.017535248309122668,1.0,11.456914726619397,0.9750537908823388,0.9693023945085828,0.9911929404528467
0.20800000000000002,0.017523248309122667,1.0,11.454327350264437,0.9754825687393645,0.968487149961566,0.9911739730115932
0.209,0.01751124830912267,1.0,11.451670635518687,0.975903973903741,0.9676719694264537,0.9911547501726419
0.21,0.017499248309122667,1.0,11.44894463949045,0.9763181406557699,0.9668568528730161,0.9911352746054982
0.211,0.01748724830912267,1.0,11.446149465907396,0.9767251365444337,0.9660418002287254,0.9911155470559111
0.212,0.017475248309122667,1.0,11.443285168162165,0.9771251408318713,0.9652268114678904,0.9910955714906987
0.213,0.01746324830912267,1.0,11.440351758657686,0.9775183145749443,0.9644118866030906,0.9910753513657145
0.214,0.017451248309122668,1.0,11.437349277603072,0.9779047615770666,0.9635970256219151,0.9910548884871835
0.215,0.01743924830912267,1.0,11.434277765833738,0.9782845856416517,0.9627822285119526,0.9910341846623957
0.216,0.017427248309122668,1.0,11.431137264809179,0.978657890572113,0.9619674952607922,0.9910132417005358
0.217,0.01741524830912267,1.0,11.427927816614883,0.9790247801718645,0.9611528258560226,0.9909920614135073
0.218,0.017403248309122668,1.0,11.424649463959483,0.9793853582443195,0.9603382202852326,0.9909706456167455
0.219,0.01739124830912267,1.0,11.421302250176264,0.9797397285928918,0.9595236785360114,0.9909489961300232
0.22,0.01737924830912267,1.0,11.417886219221227,0.9800879950209949,0.9587092005959478,0.9909271147782475
0.221,0.017367248309122667,1.0,11.414401415674329,0.9804302613320424,0.9578947864526304,0.9909050033922494
0.222,0.01735524830912267,1.0,11.410847884737937,0.980766631329448,0.9570804360936483,0.9908826638095648
0.223,0.017343248309122667,1.0,11.407225672236029,0.9810972088166253,0.9562661495065905,0.9908600978752076
0.224,0.01733124830912267,1.0,11.40353482461532,0.9814220975969878,0.9554519266790458,0.9908373074424347
0.225,0.017319248309122667,1.0,11.39977538894306,0.9817414014739494,0.954637767598603,0.990814294373505
0.226,0.01730724830912267,1.0,11.39594741290868,0.9820552242509233,0.9538236722528509,0.9907910605404285
0.227,0.017295248309122668,1.0,11.392051013488048,0.9823636337782484,0.9530096405660873,0.9907676067518193
0.228,0.01728324830912267,1.0,11.388086272666277,0.982666726599316,0.9521956724953954,0.9907439346761749
0.229,0.017271248309122668,1.0,11.384053122106868,0.9829646457648713,0.9513817681370081,0.9907200473895019
0.23,0.01725924830912267,1.0,11.379951596419886,0.9832574696702794,0.9505679274928698,0.9906959460475095
0.231,0.017247248309122668,1.0,11.375781730845564,0.983545276710905,0.9497541505649241,0.9906716318122945
0.232,0.017235248309122667,1.0,11.371543561255269,0.9838281452821128,0.948940437355115,0.990647105852849
0.233,0.01722324830912267,1.0,11.367237124151302,0.9841061537792678,0.9481267878653865,0.9906223693455686
0.234,0.017211248309122667,1.0,11.362862456666466,0.9843793805977348,0.9473132020976823,0.9905974234747544
0.23500000000000001,0.01719924830912267,1.0,11.35841959656475,0.9846479041328785,0.9464996800539467,0.9905722694331137
0.23600000000000002,0.017187248309122667,1.0,11.353908582240892,0.9849118027800638,0.9456862217361233,0.9905469084222571
0.23700000000000002,0.01717524830912267,1.0,11.349329452721214,0.9851711549346557,0.9448728271461561,0.9905213416531914
0.23800000000000002,0.017163248309122667,1.0,11.344682247662526,0.9854260389920189,0.944059496285989,0.9904955703468112
0.23900000000000002,0.01715124830912267,1.0,11.339967007353216,0.985676533347518,0.9432462291575661,0.9904695957343865
0.24,0.017139248309122668,1.0,11.335183772712808,0.9859227163965182,0.9424330257628311,0.9904434190580478
0.241,0.01712724830912267,1.0,11.330332585292402,0.9861646665343842,0.941619886103728,0.9904170415712669
0.242,0.017115248309122668,1.0,11.325413487273972,0.9864024621564806,0.9408068101822008,0.9903904645393372
0.243,0.017103248309122666,1.0,11.32042655294074,0.9866361672267445,0.939993797971096,0.9903636887919067
0.244,0.01709124830912267,1.0,11.315371911227933,0.9868658275969968,0.9391808493932748,0.9903367146026616
0.245,0.01707924830912267,1.0,11.310249470593847,0.98709156932123,0.9383679645760594,0.9903095447520334
0.246,0.01706724830912267,1.0,11.305059261458617,0.9873134516059099,0.9375551435346244,0.9902821799593732
0.247,0.017055248309122667,1.0,11.29980131488823,0.9875315336575018,0.9367423862841444,0.9902546209520228
0.248,0.01704324830912267,1.0,11.294475662594284,0.9877458746824713,0.9359296928397942,0.9902268684656422
0.249,0.017031248309122667,1.0,11.289082336933946,0.9879565338872839,0.9351170632167486,0.990198923244538
0.25,0.01701924830912267,1.0,11.283621370912263,0.9881635704784051,0.9343044974301823,0.9901707860419912
0.251,0.017007248309122668,1.0,11.27809279818074,0.9883670436623002,0.9334919954952701,0.9901424576205816
0.252,0.01699524830912267,1.0,11.272496653039624,0.988567012645435,0.9326795574271867,0.9901139387525153
0.253,0.016983248309122668,1.0,11.26683297043675,0.9887635366342749,0.9318671832411067,0.9900852302199467
0.254,0.01697124830912267,1.0,11.261101785969574,0.9889566748352852,0.931054872952205,0.9900563328153026
0.255,0.016959248309122668,1.0,11.255303135883878,0.9891464864549316,0.9302426265756564,0.9900272473416045
0.256,0.01694724830912267,1.0,11.24943705707633,0.9893330306996796,0.9294304441266354,0.9899979746127894
0.257,0.01693524830912267,1.0,11.243503587093054,0.9895163667759946,0.9286183256203171,0.9899685154540303
0.258,0.016923248309122667,1.0,11.237502764131671,0.9896965538903422,0.927806271071876,0.9899388707020551
0.259,0.01691124830912267,1.0,11.231434627827793,0.9898736499182003,0.9269942804957568,0.9899090411624499
0.26,0.016899248309122667,1.0,11.225299279351853,0.9900476320876088,0.9261823538498709,0.9898790250383548
0.261,0.01688724830912267,1.0,11.21909669596832,0.9902186593339637,0.9253704912077554,0.9898488264217029
0.262,0.016875248309122667,1.0,11.21282690293019,0.9903867747143382,0.9245586925990339,0.9898184456776604
0.263,0.01686324830912267,1.0,11.20648992616142,0.9905520212858059,0.9237469580533305,0.9897878831787036
0.264,0.016851248309122668,1.0,11.200085792257894,0.9907144421054397,0.9229352876002689,0.9897571393048298
0.265,0.01683924830912267,1.0,11.193614528488542,0.9908740802303132,0.9221236812694731,0.9897262144437688
0.266,0.016827248309122668,1.0,11.187076162795808,0.9910309787174996,0.9213121390905669,0.9896951089911934
0.267,0.01681524830912267,1.0,11.180470723797649,0.9911851806240722,0.9205006610931742,0.9896638233509303
0.268,0.016803248309122668,1.0,11.173798240787246,0.9913367290071045,0.9196892473069187,0.9896323579351712
0.269,0.016791248309122667,1.0,11.167058743734877,0.9914856669236695,0.9188778977614245,0.9896007131646838
0.27,0.01677924830912267,1.0,11.160252263289026,0.9916320374308406,0.9180666124863153,0.9895688894690226
0.271,0.016767248309122667,1.0,11.153378830776225,0.9917758835856912,0.9172553915112149,0.9895368872867392
0.272,0.01675524830912267,1.0,11.146438478203684,0.9919172484452947,0.9164442348657473,0.9895047070655936
0.273,0.016743248309122667,1.0,11.139431238258124,0.9920561750667243,0.9156331425795364,0.9894723492627646
0.274,0.01673124830912267,1.0,11.132357144309676,0.9921927065070532,0.914822114682206,0.989439814345061
0.275,0.016719248309122667,1.0,11.125216230409695,0.9923268858233548,0.91401115120338,0.9894071027891307
0.276,0.01670724830912267,1.0,11.118008531294281,0.9924587560727025,0.9132002521726821,0.9893742150816727
0.277,0.016695248309122668,1.0,11.11073408238375,0.9925883603121695,0.9123894176197362,0.9893411517196464
0.278,0.01668324830912267,1.0,11.103392919784499,0.9927157415988291,0.9115786475741663,0.9893079132104824
0.279,0.016671248309122668,1.0,11.09598509511005,0.9928409422841799,0.9107679420517544,0.989274500047516
0.28,0.016659248309122666,1.0,11.088510796492926,0.99296399185804,0.9099573009413652,0.9892409122875669
0.281,0.01664724830912267,1.0,11.080969841011315,0.9930849316736328,0.9091467244790875,0.9892071504173431
0.28200000000000003,0.016635248309122667,1.0,11.07336226047348,0.9932037954398919,0.9083362127011881,0.9891732146610561
0.28300000000000003,0.01662324830912267,1.0,11.065688087389969,0.9933206168657511,0.9075257656439341,0.9891391052505174
0.28400000000000003,0.016611248309122667,1.0,11.057947354972942,0.9934354296601442,0.9067153833435924,0.9891048224252939
0.28500000000000003,0.01659924830912267,1.0,11.050140097139781,0.9935482675320048,0.9059050658364298,0.9890703664328627
0.28600000000000003,0.016587248309122667,1.0,11.042266348512035,0.9936591641902667,0.9050948131587133,0.9890357375287682
0.28700000000000003,0.01657524830912267,1.0,11.03432614441814,0.9937681533438635,0.9042846253467101,0.9890009359767753
0.28800000000000003,0.016563248309122668,1.0,11.026319520894011,0.9938752687017292,0.9034745024366867,0.9889659620490279
0.289,0.01655124830912267,1.0,11.018246514606442,0.993980543956905,0.9026644444649835,0.9889308160256474
0.29,0.016539248309122668,1.0,11.010107152564997,0.9940840105674092,0.9018544514776603,0.9888954981168963
0.291,0.01652724830912267,1.0,11.001901460083953,0.9941856987210786,0.9010445235230492,0.9888600084959871
0.292,0.016515248309122668,1.0,10.993629467405503,0.9942856389878281,0.9002346606455447,0.9888243473570042
0.293,0.01650324830912267,1.0,10.985291204526098,0.99438386141021,0.8994248628904555,0.9887885148830363
0.294,0.01649124830912267,1.0,10.9768867012733,0.9944803955184859,0.8986151303039336,0.9887525112465626
0.295,0.016479248309122667,0.0,10.966805488093604,0.9662233691664786,0.8978069757983971,0.987635767477629
0.296,0.01646724830912267,0.0,10.951644117610773,0.9287387025896239,0.8970036007507989,0.985941331813238
0.297,0.016455248309122667,0.0,10.932039808475999,0.8927085190262348,0.8962044155217083,0.9840187657208976
0.298,0.01644324830912267,0.0,10.90860853830213,0.8580762332457337,0.8954088511828757,0.9818384416648281
0.299,0.016431248309122667,0.0,10.881633500052743,0.8247872026778588,0.8946166523334464,0.9793672001010596
0.3,0.01641924830912267,0.0,10.85110832817843,0.7927898857769673,0.8938278375092342,0.9765681275726249
0.301,0.016407248309122668,0.0,10.816947967189435,0.7620338511928668,0.8930425014555229,0.9734000864412485
0.302,0.01639524830912267,0.0,10.778909964094051,0.7324708929007309,0.8922608904056452,0.9698174919620233
0.303,0.016383248309122668,0.0,10.736646506376413,0.7040550760796161,0.8914833543183845,0.9657700625876103
0.304,0.01637124830912267,0.0,10.689763816595313,0.6767413829188331,0.8907102919614968,0.9612023922238345
0.305,0.01635924830912267,0.0,10.637747761329019,0.6504874604861783,0.8899422231947924,0.9560540378282913
0.306,0.016347248309122667,0.0,10.580041254692519,0.625252154362914,0.8891797175037545,0.9502592266218353
0.307,0.01633524830912267,0.0,10.516027268153954,0.6009956278612886,0.888423412404998,0.9437468808171904
0.308,0.016323248309122667,0.0,10.444989254573628,0.577680327314643,0.8876740543496021,0.9364411135721099
0.309,0.01631124830912267,0.0,10.366184661156687,0.5552695088181145,0.8869324318286536,0.928261285770273
0.31,0.016299248309122667,0.0,10.278793374684623,0.5337280356192594,0.886199429028394,0.9191229296667894
0.311,0.01628724830912267,0.0,10.181926834760441,0.5130225095717786,0.8854760224401375,0.9089389265703223
0.312,0.016275248309122668,0.0,10.074692774947815,0.4931199724720494,0.8847632239098528,0.8976203044184076
0.313,0.01626324830912267,0.0,9.956109744929018,0.4739895525480904,0.8840621709781588,0.8850789227348383
0.314,0.016251248309122668,0.0,9.825185877208757,0.455601527492388,0.8833740586388928,0.871229431169645
0.315,0.01623924830912267,0.0,9.68095157805764,0.4379268165313906,0.8827001160195292,0.8559916456047407
0.316,0.016227248309122668,0.0,9.522428894725616,0.4209376044906742,0.8820416471031344,0.8392942392919127
0.317,0.016215248309122667,0.0,9.348690524965075,0.40460770976821164,0.881399983699903,0.821078971038754
0.318,0.01620324830912267,0.0,9.158902775795344,0.38891134225972807,0.8807764538886138,0.801303513616706
0.319,0.016191248309122667,0.0,8.952325847662172,0.37382369210037986,0.8801723940061866,0.7799460982101973
0.32,0.01617924830912267,0.0,8.728446437565104,0.35932156214682054,0.8795890231239653,0.7570105897060077
0.321,0.016167248309122667,0.0,8.48692406884543,0.3453821277724028,0.8790275069176243,0.7325286578537321
0.322,0.01615524830912267,0.0,8.22760697680197,0.33198318764230456,0.8784889508101233,0.7065629608972264
0.323,0.016143248309122667,0.0,7.95085819201052,0.3191042098967357,0.877974049906162,0.679210996394855
0.324,0.01613124830912267,0.0,7.657267400574325,0.3067250262767236,0.8774833890013839,0.6506038251668006
0.325,0.016119248309122668,0.0,7.347679924057733,0.29482588442028346,0.8770174077073672,0.6209050013854499
0.326,0.01610724830912267,0.0,7.023605773949157,0.2833883584858854,0.8765759123800893,0.5903097129092021
0.327,0.016095248309122668,0.0,6.686906257122109,0.2723947086801468,0.8761583810246028,0.5590394623144318
0.328,0.016083248309122666,0.0,6.339670171546446,0.2618275469694987,0.8757640688276783,0.5273352746467883
0.329,0.016071248309122668,0.0,5.984418408389978,0.25167016887638743,0.8753917071876033,0.4954510352294199
0.33,0.01605924830912267,0.0,5.624142743580999,0.2419069964966738,0.8750393585015054,0.4636468408217446
0.331,0.01604724830912267,0.0,5.261777854783309,0.2325225764823035,0.8747049998262677,0.4321782476536487
0.332,0.016035248309122667,0.0,4.900483327757243,0.22350220138094262,0.8743860843021098,0.4012896795570389
0.333,0.01602324830912267,0.0,4.54281167278774,0.21483177678979948,0.8740806284071828,0.37120793681000674
0.334,0.016027248309122666,0.0,4.762095588166687,0.20649772241658018,0.87403687477572,0.3423799641219077
0.335,0.016039248309122664,0.0,5.048482364810597,0.19848698937451087,0.874452185747278,0.31513353208423445
0.336,0.016051248309122666,0.0,4.907716466229811,0.19078703447167805,0.8754660867960502,0.28967037070397295
0.337,0.016063248309122664,0.0,4.5644626372296475,0.18338580050108613,0.8767744733693391,0.2657512627765847
0.338,0.016075248309122665,0.0,4.19687005394067,0.17627169897681455,0.8781385934664234,0.24321242928356807
0.339,0.016087248309122667,0.0,3.8464477127218424,0.16943359028064195,0.8794999521881347,0.2220439030031443
0.34,0.016099248309122665,0.0,3.519662273249897,0.16286078251285893,0.8808474351354848,0.20225662357918367
0.341,0.016111248309122667,0.0,3.217458843960156,0.15654293460290128,0.8821774262431396,0.18384723640214157
0.342,0.016123248309122665,0.0,2.9393092310704136,0.1504702047272479,0.8834883633172357,0.1667962177728397
0.343,0.016135248309122666,0.0,2.684207006961429,0.14463308132894526,0.8847793910716633,0.15106904418858602
0.34400000000000003,0.016147248309122664,0.0,2.4505183240582102,0.13902239432696256,0.886050853412559,0.13661929140183718
0.34500000000000003,0.016159248309122666,0.0,2.2363757960621973,0.13362938436087698,0.887303772029718,0.1233911786681377
0.34600000000000003,0.016171248309122664,0.0,2.039898068230289,0.1284455898126008,0.8885395196864431,0.11132166258474907
0.34700000000000003,0.016183248309122666,0.0,1.8593823040192907,0.12346290945213205,0.8897594425145514,0.10034281528922573
0.34800000000000003,0.016195248309122664,0.0,1.6934270464537307,0.11867352249435931,0.8909645319641567,0.0903836494979716
0.34900000000000003,0.016207248309122665,0.0,1.5409162485232093,0.11406995451356111,0.8921553525475278,0.08137210711062759
0.35000000000000003,0.016219248309122667,0.0,1.4009697065847544,0.10964496826055953,0.8933320484866019,0.07323636859231224
0.35100000000000003,0.016231248309122665,0.0,1.2728494061451336,0.10539174116721453,0.8944944872747271,0.0659064514135707
0.352,0.016243248309122663,0.0,1.1558882017835725,0.10130337802523644,0.8956423946135177,0.05931428861708488
0.353,0.016255248309122665,0.0,1.0494168616686819,0.09737359964745028,0.8967755438354014,0.05339565562564526
0.354,0.016267248309122666,0.0,0.9527769532848429,0.0935963835105643,0.8978937332435755,0.048089890872030056
0.355,0.016279248309122665,0.0,0.8653255667774481,0.08996575258176545,0.8989967822959358,0.04333988593386385
0.356,0.016291248309122666,0.0,0.7863808341827869,0.08647588769453747,0.9000847334118354,0.039092478955463236
0.357,0.016303248309122664,0.0,0.7152645884922174,0.08312136565062661,0.9011577543122659,0.035298747067511814
0.358,0.016315248309122666,0.0,0.651330078005149,0.07989705786455727,0.9022160599217651,0.031913748918607376
0.359,0.016327248309122664,0.0,0.5939703753939964,0.0767979066621943,0.9032598843619584,0.028896157095063255
0.36,0.016339248309122666,0.0,0.5425828266417572,0.07381889627881275,0.904289628684021,0.026208139369661362
0.361,0.016351248309122664,0.0,0.49660273591625387,0.07095537187059842,0.9053057422354597,0.02381546802096609
0.362,0.016363248309122665,0.0,0.45550997031844137,0.06820301390191022,0.9063086896137466,0.021687227230265872
0.363,0.016375248309122663,0.0,0.4188297000868101,0.06555750283710704,0.9072989354163536,0.019795312251863095
0.364,0.016387248309122665,0.0,0.3861218359403928,0.06301466593680444,0.9082769815800632,0.018114363004377694
0.365,0.016399248309122663,0.0,0.35697298539723216,0.060570325041070266,0.9092434011469113,0.01662145997677274
0.366,0.016411248309122665,0.0,0.3310151406036779,0.05822079821678516,0.9101987341330993,0.015296225854397091
0.367,0.016423248309122666,0.0,0.30791517259545026,0.05596250442313776,0.911143521522314,0.014120341747128208
0.368,0.016435248309122664,0.0,0.28737200959928,0.05379186261931667,0.9120783042982425,0.013077323362416982
0.369,0.016447248309122666,0.0,0.26911203040451603,0.05170546906309366,0.9130036338484186,0.01215245041593797
0.37,0.016459248309122664,0.0,0.25288614313611396,0.0496998630135541,0.9139200748480842,0.011332497475621546
0.371,0.016471248309122666,0.0,0.23847581589685776,0.047772065446006554,0.9148281521653593,0.010605810274287449
0.372,0.016483248309122664,0.0,0.22568386730411447,0.045919133745405905,0.9157283891626361,0.009961956418580713
0.373,0.016495248309122666,0.0,0.2143320163776848,0.044138125296707006,0.9166213092023068,0.009391600617259731
0.374,0.016507248309122664,0.0,0.20426154830120075,0.042426251757142,0.9175074169589517,0.008886448379775768
0.375,0.016519248309122665,0.0,0.19532878145640659,0.040780648044437526,0.9183872147856742,0.008439072181761334
0.376,0.016531248309122663,0.0,0.18741027203351363,0.03919886857395969,0.9192611527783088,0.00804295705045266
0.377,0.016543248309122665,0.0,0.18039420693581218,0.037678518912765496,0.9201296752628373,0.007692296542619551
0.378,0.016555248309122667,0.0,0.17417825100179044,0.03621720462791195,0.920993226565242,0.007381910375957873
0.379,0.016567248309122665,0.0,0.16867160429191222,0.034812661059415176,0.9218522263974227,0.0071072080936481225
0.38,0.016579248309122666,0.0,0.16379298786780508,0.03346249303867338,0.9227070751388825,0.006864076671761312
0.381,0.016591248309122664,0.0,0.1594736086395236,0.03216458717336507,0.923558122102719,0.006648907109627074
0.382,0.016603248309122666,0.0,0.15565357826764178,0.030917051443766393,0.924405684206499,0.006458520011273391
0.383,0.016615248309122664,0.0,0.15227697070890706,0.0297179938301535,0.9252500783677892,0.00629008169397976
0.384,0.016627248309122666,0.0,0.14929127758919777,0.028565522312802558,0.9260916215041559,0.006141069602340791
0.385,0.016639248309122664,0.0,0.14664750710118504,0.0274577600667112,0.926930625726832,0.006009242472295974
0.386,0.016651248309122665,0.0,0.1443106299393695,0.026392965747870333,0.927767308989107,0.0058926234940318515
0.387,0.016663248309122664,0.0,0.14224551175924469,0.02536938068138601,0.9286019045300299,0.005789453787105724
0.388,0.016675248309122665,0.0,0.1404233482936035,0.02438550887735088,0.929434605877561,0.0056981957653803265
0.389,0.016687248309122667,0.0,0.13881653421763013,0.023439854345857596,0.9302656065596604,0.005617480816377231
0.39,0.016699248309122665,0.0,0.1373984834383965,0.0225309210969988,0.9310951001042883,0.005546092017484432
0.391,0.016711248309122666,0.0,0.136146142599038,0.021657305767378413,0.9319232574952048,0.005482954986208419
0.392,0.016723248309122665,0.0,0.1350412170830409,0.020817507880155857,0.9327502151361675,0.005427108542708616
0.393,0.016735248309122666,0.0,0.13406741388997587,0.02001020088816833,0.9335760967073734,0.005377711212482474
0.394,0.016747248309122664,0.0,0.1332112091014589,0.01923421701750023,0.9344010057391149,0.005334024463977855
0.395,0.016759248309122666,0.0,0.1324593922379349,0.018488388494235966,0.9352250457616844,0.0052953912034126825
0.396,0.016771248309122664,0.0,0.13179901700919938,0.017771547544459945,0.9360483203053744,0.0052612273757541
0.397,0.016783248309122666,0.0,0.13121735760294248,0.01708252639425657,0.9368709329004774,0.005231014347225754
0.398,0.016795248309122664,0.0,0.13070595302962287,0.016420272439802923,0.9376929519471564,0.005204296562051807
0.399,0.016807248309122665,0.0,0.13025732940324758,0.015783615092557338,0.9385144383815259,0.005180664976037642
0.4,0.016819248309122667,0.0,0.12986473596902984,0.01517161173577267,0.939335447727243,0.005159765110716363
0.401,0.016831248309122665,0.0,0.1295222299593474,0.014583367368160696,0.9401560291894497,0.005141283288715398
0.402,0.016843248309122667,0.0,0.12922392936853638,0.014017986988433196,0.9409762319732877,0.005124940592095775
0.403,0.016855248309122665,0.0,0.12896400270073682,0.013474575595301946,0.9417961052838989,0.0051104892463332
0.404,0.016867248309122666,0.0,0.1287367411339604,0.012952247126613975,0.9426156976226872,0.005097709562084715
0.405,0.016879248309122664,0.0,0.128539724541851,0.01245026955679873,0.9434350292451104,0.005086410102041079
0.406,0.016891248309122666,0.0,0.1283686094742559,0.011967621738743106,0.9442541372651588,0.00507641462176281
0.40700000000000003,0.016903248309122664,0.0,0.128220982868076,0.011503640927338228,0.9450730422000571,0.0050675744141458956
0.40800000000000003,0.016915248309122666,0.0,0.12809444394131678,0.011057664377475214,0.9458917645670294,0.005059757072279241
0.40900000000000003,0.016927248309122664,0.0,0.1279866021488828,0.01062902934404519,0.9467103248833003,0.005052844817129585
0.41000000000000003,0.016939248309122665,0.0,0.12789507535647637,0.010217073081939277,0.9475287436660943,0.005046732980824966
0.41100000000000003,0.016951248309122667,0.0,0.12781748823132125,0.009821132846048597,0.9483470414326357,0.005041328633138771
0.41200000000000003,0.016963248309122665,0.0,0.12775147085084057,0.009440545891264274,0.949165238700149,0.0050365493395383605
0.41300000000000003,0.016975248309122667,0.0,0.1276963051669502,0.009074775877110435,0.9499833416418714,0.005032323478742355
0.41400000000000003,0.016987248309122665,0.0,0.1276507384720389,0.008723105734072223,0.950801361104364,0.005028585438166926
0.41500000000000004,0.016999248309122666,0.0,0.1276136674286902,0.008385023102024958,0.9516193066514044,0.00502527927162106
0.41600000000000004,0.017011248309122665,0.0,0.12758420328803202,0.008060050104975538,0.952437185991401,0.005022355536158562
0.417,0.017023248309122666,0.0,0.1275614584453044,0.007747708866930877,0.953255006832762,0.005019770242672618
0.418,0.017035248309122664,0.0,0.1275445461911663,0.00744752151189784,0.9540727768838956,0.00501748429131569
0.419,0.017047248309122666,0.0,0.12753258049441998,0.0071590101638833396,0.9548905038532103,0.005015462960162978
0.42,0.017059248309122664,0.0,0.1275246758149171,0.0068816969468942744,0.9557081954491141,0.005013675442784457
0.421,0.017071248309122666,0.0,0.12752030856806357,0.0066151636781899194,0.9565258562296594,0.005012094779783987
0.422,0.017083248309122664,0.0,0.12751929292879122,0.006358935693634236,0.9573434878121325,0.00501069671732287
0.423,0.017095248309122665,0.0,0.12752111192667065,0.006112594849951279,0.9581610946998911,0.005009460071964507
0.424,0.017107248309122663,0.0,0.1275254428340788,0.005875797043197376,0.9589786797049316,0.0050083663927426615
0.425,0.017119248309122665,0.0,0.1275319629825193,0.005648198169428848,0.9597962456392507,0.005007399259351037
0.426,0.017131248309122667,0.0,0.12754034973279305,0.005429454124702019,0.9606137953148449,0.00500654407251137
0.427,0.017143248309122665,0.0,0.12755028044926808,0.005219220805073213,0.961431331543711,0.005005787864045988
0.428,0.017155248309122666,0.0,0.12756143247854615,0.005017154106598754,0.9622488571378454,0.005005119125055138
0.429,0.017167248309122665,0.0,0.1275735405404138,0.00482294673776766,0.9630663744092172,0.005004527761294475
0.43,0.017179248309122666,0.0,0.12758659350931573,0.004636310497999777,0.96388388345591,0.00500400485996705
0.431,0.017191248309122664,0.0,0.127600334049295,0.0044568269529542005,0.9647013865203314,0.005003542169854455
0.432,0.017203248309122666,0.0,0.12761465956860152,0.0042842603529484385,0.9655188844968725,0.005003132861778098
0.433,0.017215248309122664,0.0,0.12762946745688233,0.004118374948300002,0.9663363782799244,0.005002770849152055
0.434,0.017227248309122666,0.0,0.12764465508314576,0.003958934989326399,0.9671538687638783,0.005002450712545985
0.435,0.017239248309122664,0.0,0.127660119793922,0.0038057047263451403,0.9679713568431255,0.005002167631187232
0.436,0.017251248309122665,0.0,0.12767575891214877,0.003658448409673734,0.968788843412057,0.005001917320853848
0.437,0.017263248309122667,0.0,0.1276914697359818,0.0035169302896296906,0.969606329365064,0.00500169597764442
0.438,0.017275248309122665,0.0,0.1277071495385073,0.003380914616530519,0.9704238155965377,0.005001500227143355
0.439,0.017287248309122667,0.0,0.1277226955676774,0.0032501656406937274,0.9712413030008692,0.005001327078531745
0.44,0.017299248309122665,0.0,0.12773812732486262,0.003124525551310157,0.9720587914080975,0.005001173976935877
0.441,0.017311248309122666,0.0,0.1277534097564289,0.003003717655979241,0.9728762811231414,0.005001038511023853
0.442,0.017323248309122664,0.0,0.12776848640670638,0.0028875535904902697,0.9736937726371165,0.005000918648970607
0.443,0.017335248309122666,0.0,0.1277833279158094,0.002775877620732583,0.9745112662052179,0.00500081261696657
0.444,0.017347248309122664,0.0,0.1277979049175486,0.0026685340125955225,0.9753287620826404,0.005000718834818407
0.445,0.017359248309122666,0.0,0.12781218803993605,0.0025653670319684286,0.976146260524579,0.005000635896175396
0.446,0.017371248309122664,0.0,0.12782614790523453,0.0024662209447406415,0.9769637617862288,0.005000562550588112
0.447,0.017383248309122665,0.0,0.1278397551306252,0.0023709400168015027,0.9777812661227845,0.0050004976872532235
0.448,0.017395248309122664,0.0,0.1278529803282836,0.0022793685140403523,0.9785987737894414,0.0050004403203074725
0.449,0.017407248309122665,0.0,0.12786579410610074,0.0021913507023465307,0.9794162850413941,0.0050003895755427455
0.45,0.017419248309122667,0.0,0.12787817896958067,0.00210676450116309,0.9802338000302979,0.005000344696044107
0.451,0.017431248309122665,0.0,0.1278901527765453,0.0020254913711055013,0.9810513186002617,0.005000305009864586
0.452,0.017443248309122666,0.0,0.12790168454820192,0.0019473111863425674,0.9818688410202605,0.005000269874128001
0.453,0.017455248309122665,0.0,0.12791276716766778,0.0018721264307149025,0.9826863673516784,0.005000238776816431
0.454,0.017467248309122666,0.0,0.12792339351931972,0.0017998395880631205,0.9835038976558993,0.005000211260964556
0.455,0.017479248309122664,0.0,0.1279335564887153,0.0017303531422278346,0.9843214319943072,0.0050001869191477165
0.456,0.017491248309122666,0.0,0.12794324896281506,0.0016635695770496586,0.9851389704282862,0.005000165388467501
0.457,0.017503248309122664,0.0,0.1279524638300569,0.0015993913763692066,0.9859565130192202,0.00500014634599646
0.458,0.017515248309122666,0.0,0.12796119398056852,0.0015377210240270925,0.9867740598284932,0.0050001295046458874
0.459,0.017527248309122664,0.0,0.12796943230616428,0.0014784610038639295,0.9875916109174891,0.005000114609422814
0.46,0.017539248309122665,0.0,0.12797717170064318,0.0014215137997203317,0.9884091663475921,0.005000101434044528
0.461,0.017551248309122667,0.0,0.12798440505980307,0.001366781895436913,0.9892267261801861,0.005000089777880957
0.462,0.017563248309122665,0.0,0.12799112528157938,0.0013141677748542868,0.9900442904766551,0.005000079463197277
0.463,0.017575248309122667,0.0,0.12799733260787635,0.0012636061391669844,0.9908618592345446,0.005000070338410235
0.464,0.017587248309122665,0.0,0.12800303389987483,0.0012150085186418231,0.9916794323938695,0.005000062264492679
0.465,0.017599248309122666,0.0,0.1280082207900803,0.00116826237131714,0.9924970100270926,0.0050000551147027774
0.466,0.017611248309122664,0.0,0.1280128916507653,0.0011233090355676708,0.9933145921480947,0.0050000487851276365
0.467,0.017623248309122666,0.0,0.1280170448572959,0.001080089849768152,0.9941321787707565,0.005000043183027932
0.468,0.017635248309122664,0.0,0.12802067878796042,0.0010385461522933192,0.994949769908959,0.005000038225718308
0.46900000000000003,0.017647248309122666,0.0,0.12802379182421889,0.0009986192815179089,0.9957673655765827,0.005000033839548996
0.47000000000000003,0.017659248309122664,0.0,0.1280263823505047,0.0009602505758166567,0.9965849657875088,0.005000029958980827
0.47100000000000003,0.017671248309122665,0.0,0.1280284487545152,0.0009233813735642991,0.9974025705556178,0.005000026525746269
0.47200000000000003,0.017683248309122664,0.0,0.12802998942698615,0.0008879530131355722,0.9982201798947905,0.005000023488089614
0.47300000000000003,0.017695248309122665,0.0,0.1280310027619419,0.0008539068329052119,0.9990377938189078,0.005000020800079827
0.47400000000000003,0.017707248309122667,0.0,0.12803148715657872,0.0008211841712479542,0.9998554123418505,0.005000018420990045
0.47500000000000003,0.017719248309122665,0.0,0.12803144101133856,0.0007897263665385353,1.0006730354774993,0.005000016314738072
0.47600000000000003,0.017731248309122667,0.0,0.1280308609559673,0.0007595246160250535,1.0014906632551595,0.0050000144524187
0.47700000000000004,0.017743248309122665,0.0,0.12802974147806404,0.0007304929859465572,1.0023082957227891,0.005000012803529744
0.47800000000000004,0.017755248309122666,0.0,0.1280280822569573,0.0007025541826336445,1.0031259328832385,0.005000011341892992
0.47900000000000004,0.017767248309122664,0.0,0.12802588302905243,0.0006756756752078386,1.0039435747388898,0.00500001004672193
0.48,0.017779248309122666,0.0,0.12802314353431576,0.0006498249327906633,1.0047612212921258,0.005000008899426684
0.481,0.017791248309122664,0.0,0.12801986351594033,0.0006249694245036388,1.0055788725453294,0.005000007883398718
0.482,0.017803248309122666,0.0,0.12801604272078695,0.0006010766194682894,1.006396528500883,0.005000006983814458
0.483,0.017815248309122664,0.0,0.12801168089896833,0.0005781139868061378,1.007214189161169,0.005000006187456429
0.484,0.017827248309122665,0.0,0.12800677780418132,0.0005560489956387069,1.0080318545285702,0.005000005482550559
0.485,0.017839248309122663,0.0,0.12800133319345425,0.0005348491150875193,1.0088495246054696,0.005000004858618413
0.486,0.017851248309122665,0.0,0.12799534682742472,0.0005144818142740982,1.0096671993942492,0.005000004306343181
0.487,0.017863248309122663,0.0,0.12798881847004628,0.0004949145623199661,1.0104848788972918,0.005000003817448305
0.488,0.017875248309122665,0.0,0.12798174788882538,0.000476114828346646,1.0113025631169803,0.005000003384587725
0.489,0.017887248309122666,0.0,0.12797413485475917,0.00045805008147566063,1.012120252055697,0.005000003001246767
0.49,0.017899248309122665,0.0,0.12796597914225963,0.0004406877908285328,1.0129379457158243,0.005000002661652784
0.491,0.017911248309122666,0.0,0.12795728052926844,0.0004239954255267854,1.0137556440997455,0.005000002360694697
0.492,0.017923248309122664,0.0,0.12794803878070965,0.00040794460911732525,1.0145733472099863,0.005000002093918921
0.493,0.017935248309122666,0.0,0.1279382538967807,0.00039254099764298264,1.0153910550470575,0.005000001857890318
0.494,0.017947248309122664,0.0,0.1279279262594833,0.00037771479186403254,1.0162087676081784,0.005000001648408179
0.495,0.017959248309122666,0.0,0.12791705579346993,0.00036344905066424223,1.0170264848945767,0.005000001462551944
0.496,0.017971248309122664,0.0,0.12790564242672767,0.00034972683292737916,1.017844206907481,0.00500000129770696
0.497,0.017983248309122665,0.0,0.12789368609083923,0.0003365311975372106,1.0186619336481193,0.005000001151534763
0.498,0.017995248309122663,0.0,0.1278811867207417,0.00032384520337750403,1.0194796651177203,0.005000001021945947
0.499,0.018007248309122665,0.0,0.12786814425504153,0.00031165190933202675,1.020297401317512,0.005000000907075438
0.5,0.018019248309122667,0.0,0.12785455863569195,0.00029993437428454614,1.0211151422487226,0.005000000805259972
0.501,0.018031248309122665,0.0,0.1278404298082131,0.0002886756571188296,1.0219328879125804,0.005000000715017624
0.502,0.018043248309122666,0.0,0.12782575772161353,0.0002778588167186444,1.022750638310314,0.005000000635029226
0.503,0.018055248309122664,0.0,0.12781054232842037,0.00026746691196775804,1.0235683934431512,0.005000000564121514
0.504,0.018067248309122666,0.0,0.12779478358466892,0.00025748300174993784,1.0243861533123204,0.005000000501251877
0.505,0.018079248309122664,0.0,0.1277784814498646,0.00024789014494895113,1.02520391791905,0.005000000445494572
0.506,0.018091248309122666,0.0,0.12776163588708134,0.00023867140044856518,1.0260216872645682,0.005000000396028274
0.507,0.018103248309122664,0.0,0.12774424686286934,0.00022980982713254755,1.0268394613501033,0.005000000352124862
0.508,0.018115248309122665,0.0,0.12772631434732595,0.0002212884838846655,1.0276572401768835,0.005000000313139327
0.509,0.018127248309122664,0.0,0.1277078374812236,0.00021312304757915013,1.028475023753387,0.005000000278637149
0.51,0.018139248309122665,0.0,0.1276888167084729,0.0002052782381515967,1.0292928120767806,0.005000000248011199
0.511,0.018151248309122667,0.0,0.1276692526041383,0.00019772078398236421,1.0301106051431175,0.005000000220746443
0.512,0.018163248309122665,0.0,0.12764914512235512,0.0001904429793300677,1.0309284029538872,0.00500000019648368
0.513,0.018175248309122666,0.0,0.12762849422086847,0.0001834371184533223,1.0317462055105793,0.005000000174900083
0.514,0.018187248309122665,0.0,0.1276072998609011,0.00017669549561074308,1.032564012814683,0.005000000155705798
0.515,0.018199248309122666,0.0,0.12758556200725213,0.00017021040506094514,1.0333818248676878,0.00500000013864083
0.516,0.018211248309122664,0.0,0.12756328062821926,0.00016397414106254362,1.0341996416710835,0.005000000123472192
0.517,0.018223248309122666,0.0,0.12754045569573805,0.00015797899787415359,1.0350174632263593,0.005000000109991297
0.518,0.018235248309122664,0.0,0.12751708718529078,0.00015221726975439017,1.0358352895350045,0.005000000098011579
0.519,0.018247248309122666,0.0,0.1274931750758963,0.0001466812509618684,1.0366531205985088,0.005000000087366312
0.52,0.018259248309122664,0.0,0.12746871935010026,0.00014136323575520345,1.0374709564183615,0.0050000000779066404
0.521,0.018271248309122665,0.0,0.12744371999412804,0.00013625551839301038,1.0382887969960521,0.005000000069499772
0.522,0.018283248309122667,0.0,0.12741817699769833,0.0001313503931339043,1.0391066423330702,0.005000000062027348
0.523,0.018295248309122665,0.0,0.12739209035409482,0.0001266401542365003,1.0399244924309048,0.0050000000553839545
0.524,0.018307248309122667,0.0,0.1273654600602646,0.00012211709595941352,1.0407423472910458,0.005000000049475785
0.525,0.018319248309122665,0.0,0.12733828611663212,0.00011777351256125898,1.0415602069149825,0.005000000044219421
0.526,0.018331248309122666,0.0,0.12731056852733336,0.00011360169830065188,1.0423780713042046,0.005000000039540736
0.527,0.018343248309122664,0.0,0.1272823073000024,0.00010959394743620721,1.043195940460201,0.005000000035373909
0.528,0.018355248309122666,0.0,0.1272535024458973,0.00010574255422654015,1.0440138143844617,0.005000000031660526
0.529,0.018367248309122664,0.0,0.12722415397989012,0.0001020398129302658,1.0448316930784758,0.005000000028348785
0.53,0.018379248309122666,0.0,0.12719426192048414,9.84780178059992e-05,1.0456495765437328,0.005000000025392772
0.531,0.018391248309122664,0.0,0.1271638262897091,9.50494631123555e-05,1.0464674647817223,0.00500000002275182
0.532,0.018403248309122665,0.0,0.1271337494535938,9.178112270025011e-05,1.0472853499210018,0.0050000000204146
0.533,0.018415248309122667,0.0,0.127102632860161,8.863203634343714e-05,1.0481032441642955,0.00500000001832202
0.534,0.018427248309122665,0.0,0.12707044453931937,8.559560086884988e-05,1.0489211477939548,0.005000000016446769
0.535,0.018439248309122667,0.0,0.12703727615879226,8.26690121263797e-05,1.0497390600134429,0.005000000014766778
0.536,0.018451248309122665,0.0,0.1270032193507192,7.984946596591795e-05,1.050556980026222,0.005000000013262104
0.537,0.018463248309122667,0.0,0.12696836570846132,7.713415823735602e-05,1.0513749070357554,0.005000000011914741
0.538,0.018475248309122665,0.0,0.1269328067834363,7.452028479058525e-05,1.0521928402455056,0.005000000010708447
0.539,0.018487248309122666,0.0,0.12689663408252472,7.200504147549703e-05,1.0530107788589356,0.005000000009628585
0.54,0.018499248309122664,0.0,0.12685993906553367,6.95856241419827e-05,1.053828722079508,0.005000000008661973
0.541,0.018511248309122666,0.0,0.1268228131432588,6.725922863993363e-05,1.054646669110686,0.005000000007796749
0.542,0.018523248309122664,0.0,0.12678534767572522,6.502305081924121e-05,1.0554646191559318,0.005000000007022249
0.543,0.018535248309122666,0.0,0.12674763397075609,6.287428652979678e-05,1.056282571418709,0.005000000006328894
0.544,0.018547248309122667,0.0,0.12670976328292344,6.08101316214917e-05,1.0571005251024796,0.005000000005708083
0.545,0.018559248309122665,0.0,0.12667182681269115,5.882778194421735e-05,1.0579184794107073,0.005000000005152103
0.546,0.018571248309122667,0.0,0.12663391570629176,5.6924433347865085e-05,1.058736433546854,0.005000000004654038
0.547,0.018583248309122665,0.0,0.12659612105518694,5.509728168232628e-05,1.0595543867143833,0.0050000000042076925
0.548,0.018595248309122667,0.0,0.12655853389676217,5.334352279749229e-05,1.0603723381167576,0.005000000003807521
0.549,0.018607248309122665,0.0,0.12652124521451044,5.1660352543254494e-05,1.0611902869574397,0.005000000003448562
0.55,0.018619248309122666,0.0,0.12648434593920663,5.0044966769504225e-05,1.0620082324398925,0.005000000003126376
0.551,0.018631248309122665,0.0,0.1264479269498956,4.849456132613289e-05,1.0628261737675788,0.005000000002837
0.552,0.018643248309122666,0.0,0.1264120790756408,4.700633206303183e-05,1.0636441101439615,0.005000000002576888
0.553,0.018655248309122664,0.0,0.1263768930972225,4.5577474830092414e-05,1.0644620407725034,0.005000000002342878
0.554,0.018667248309122666,0.0,0.12634245974952793,4.4205185477205996e-05,1.065279964856667,0.005000000002132145
0.555,0.018679248309122667,0.0,0.12630886972381059,4.2886659854263944e-05,1.0660978815999158,0.0050000000019421705
0.556,0.018691248309122666,0.0,0.12627621367085798,4.1619093811157656e-05,1.066915790205712,0.005000000001770706
0.557,0.018703248309122667,0.0,0.12624458220397344,4.039968319777845e-05,1.0677336898775185,0.005000000001615747
0.558,0.018715248309122665,0.0,0.12621406590251621,3.9225623864017715e-05,1.0685515798187983,0.0050000000014755065
0.559,0.018727248309122667,0.0,0.12618475531582238,3.809411165976681e-05,1.0693694592330143,0.005000000001348394
0.56,0.018739248309122665,0.0,0.12617349842476486,3.702376144397168e-05,1.070187180554652,0.005000000001235272
0.561,0.018751248309122667,0.0,0.12617051497926238,3.599200946707089e-05,1.071004829418676,0.0050000000011325
0.562,0.018763248309122665,0.0,0.12617410865411877,3.499545980828046e-05,1.0718224206790778,0.00500000000103889
0.5630000000000001,0.018775248309122666,0.0,0.12618426478168263,3.40333347452162e-05,1.072639954466775,0.0050000000009536305
0.5640000000000001,0.018787248309122664,0.0,0.12620096920437626,3.3104856555493926e-05,1.0734574309126859,0.0050000000008759765
0.5650000000000001,0.018799248309122666,0.0,0.12622420827124456,3.220924751672945e-05,1.0742748501477277,0.005000000000805248
0.5660000000000001,0.018811248309122668,0.0,0.1262539688337842,3.134572990653859e-05,1.075092212302819,0.005000000000740826
0.5670000000000001,0.018823248309122666,0.0,0.12629023824213265,3.051352600253715e-05,1.0759095175088775,0.005000000000682141
0.5680000000000001,0.018835248309122664,0.0,0.12633300434145467,2.9711858082340958e-05,1.076726765896821,0.005000000000628676
0.5690000000000001,0.018847248309122665,0.0,0.12638225546777124,2.893994842356582e-05,1.0775439575975674,0.005000000000579959
0.5700000000000001,0.018859248309122667,0.0,0.1264379804442829,2.819701930382755e-05,1.0783610927420346,0.0050000000005355595
0.5710000000000001,0.018871248309122665,0.0,0.126500168577486,2.748229300074196e-05,1.0791781714611406,0.005000000000495085
0.5720000000000001,0.018883248309122667,0.0,0.12656880965343312,2.6794991791924867e-05,1.0799951938858032,0.005000000000458179
0.5730000000000001,0.018895248309122665,0.0,0.1266438939338128,2.6134337954992087e-05,1.0808121601469403,0.005000000000424515
0.5740000000000001,0.018907248309122666,0.0,0.12672541215225483,2.549955376755943e-05,1.0816290703754698,0.005000000000393797
0.5750000000000001,0.018919248309122665,0.0,0.12681335551045472,2.4889861507242713e-05,1.0824459247023097,0.005000000000365758
0.5760000000000001,0.018931248309122666,0.0,0.12690771567441536,2.4304483451657745e-05,1.0832627232583778,0.00500000000034015
0.577,0.018943248309122664,0.0,0.1270084847706164,2.37426418784204e-05,1.084079466174592,0.005000000000316752
0.578,0.018955248309122666,0.0,0.12711565538246308,2.320355906514638e-05,1.0848961535818702,0.005000000000295361
0.579,0.018967248309122664,0.0,0.12722922054614846,2.268645728945155e-05,1.0857127856111304,0.005000000000275794
0.58,0.018979248309122666,0.0,0.12734917374728238,2.2190558828951727e-05,1.0865293623932903,0.005000000000257883
0.581,0.018991248309122664,0.0,0.12747550891690676,2.1715085961262723e-05,1.0873458840592682,0.005000000000241475
0.582,0.019003248309122665,0.0,0.12760822042792594,2.1259260964000363e-05,1.0881623507399816,0.005000000000226434
0.583,0.019015248309122663,0.0,0.12774730309116605,2.0822306114780444e-05,1.0889787625663485,0.005000000000212635
0.584,0.019027248309122665,0.0,0.12789275215198648,2.0403443691218793e-05,1.0897951196692868,0.005000000000199961
0.585,0.019039248309122663,0.0,0.1280445632861666,2.0001895970931213e-05,1.0906114221797143,0.00500000000018831
0.586,0.019051248309122665,0.0,0.12820273259661655,1.9616885231533526e-05,1.0914276702285493,0.005000000000177588
0.587,0.019063248309122663,0.0,0.1283672566093631,1.924763375064155e-05,1.0922438639467091,0.00500000000016771
0.588,0.019075248309122664,0.0,0.1285381322700879,1.889336380587109e-05,1.0930600034651121,0.005000000000158596
0.589,0.019087248309122666,0.0,0.1287153569403214,1.8553297674837962e-05,1.0938760889146761,0.005000000000150177
0.59,0.019099248309122664,0.0,0.1288989283938901,1.822665763515798e-05,1.094692120426319,0.005000000000142387
0.591,0.019111248309122666,0.0,0.12908884481320992,1.7912665964446953e-05,1.0955080981309582,0.005000000000135167
0.592,0.019123248309122664,0.0,0.12928510478553273,1.7610544940320708e-05,1.0963240221595123,0.005000000000128465
0.593,0.019135248309122665,0.0,0.12948770729955758,1.731951684039505e-05,1.097139892642899,0.00500000000012223
0.594,0.019147248309122664,0.0,0.12969665174161346,1.7038803942285795e-05,1.0979557097120358,0.005000000000116418
0.595,0.019159248309122665,0.0,0.1299119378920968,1.6767628523608753e-05,1.0987714734978413,0.005000000000110988
0.596,0.019171248309122663,0.0,0.13013362468251258,1.6506202180614143e-05,1.0995871836244897,0.005000000000105923
0.597,0.019183248309122665,0.0,0.13036176312470957,1.6255189394056613e-05,1.1004028397895018,0.005000000000101215
0.598,0.019195248309122663,0.0,0.13059627968708715,1.6013310018359275e-05,1.1012184427674654,0.005000000000096819
0.599,0.019207248309122665,0.0,0.13083717013439816,1.5780324061380305e-05,1.102033992738004,0.005000000000092714
0.6,0.019219248309122666,0.0,0.13108443059076105,1.555599153097788e-05,1.102849489880742,0.005000000000088879
0.601,0.019231248309122664,0.0,0.13133805753491373,1.5340072435010175e-05,1.1036649343753033,0.005000000000085296
0.602,0.019243248309122666,0.0,0.13159804779548476,1.513232678133537e-05,1.1044803264013119,0.005000000000081946
0.603,0.019255248309122664,0.0,0.13186439854575815,1.4932514577811638e-05,1.1052956661383917,0.005000000000078815
0.604,0.019267248309122666,0.0,0.13213710729914324,1.4740395832297157e-05,1.1061109537661669,0.005000000000075886
0.605,0.019279248309122664,0.0,0.13241617190411012,1.4555730552650105e-05,1.1069261894642612,0.0050000000000731465
0.606,0.019291248309122665,0.0,0.13270159053952796,1.4378278746728658e-05,1.1077413734122987,0.0050000000000705825
0.607,0.019303248309122664,0.0,0.13299336170960527,1.4207800422390994e-05,1.1085565057899036,0.0050000000000681825
0.608,0.019315248309122665,0.0,0.1332914842395113,1.4044055587495286e-05,1.1093715867766998,0.005000000000065934
0.609,0.019327248309122663,0.0,0.1335959572700999,1.3886804249899715e-05,1.110186616552311,0.005000000000063828
0.61,0.019339248309122665,0.0,0.13390678025362046,1.3735806417462456e-05,1.1110015952963617,0.005000000000061855
0.611,0.019351248309122666,0.0,0.13422395294855724,1.3590822098041684e-05,1.1118165231884756,0.005000000000060003
0.612,0.019363248309122665,0.0,0.13454747541520784,1.345161129949558e-05,1.1126314004082765,0.005000000000058267
0.613,0.019375248309122666,0.0,0.13487734801083331,1.3317934029682316e-05,1.1134462271353889,0.005000000000056636
0.614,0.019387248309122664,0.0,0.13521357138499226,1.3189550296460073e-05,1.1142610035494362,0.005000000000055104
0.615,0.019399248309122666,0.0,0.13555614647491923,1.3066220107687026e-05,1.1150757298300429,0.005000000000053663
0.616,0.019411248309122664,0.0,0.13590507450066844,1.2947703471221352e-05,1.1158904061568327,0.005000000000052307
0.617,0.019423248309122666,0.0,0.13626035696077732,1.2833760394921225e-05,1.1167050327094297,0.0050000000000510305
0.618,0.019435248309122664,0.0,0.1366219956273034,1.2724150886644825e-05,1.117519609667458,0.005000000000049827
0.619,0.019447248309122665,0.0,0.13698999254154987,1.2618634954250328e-05,1.1183341372105413,0.00500000000004869
0.62,0.019459248309122663,0.0,0.13736431292844622,1.2517577415111371e-05,1.119148615829552,0.005000000000047623
0.621,0.019471248309122665,0.0,0.1377449700222723,1.2420374214275601e-05,1.1199630456133967,0.005000000000046616
0.622,0.019483248309122667,0.0,0.13813197217524883,1.2326719507884029e-05,1.1207774266944526,0.005000000000045663
0.623,0.019495248309122665,0.0,0.13852531695117673,1.223651929639505e-05,1.1215917592976097,0.005000000000044762
0.624,0.019507248309122666,0.0,0.13892500212649014,1.214967958026706e-05,1.1224060436477574,0.005000000000043909
0.625,0.019519248309122664,0.0,0.13933102568432662,1.2066106359958454e-05,1.123220279969786,0.005000000000043104
0.626,0.019531248309122666,0.0,0.1397433858091884,1.198570563592763e-05,1.1240344684885846,0.005000000000042343
0.627,0.019543248309122664,0.0,0.14016208088109175,1.190838340863298e-05,1.1248486094290433,0.005000000000041623
0.628,0.019555248309122666,0.0,0.14058710947039513,1.18340456785329e-05,1.125662703016052,0.005000000000040943
0.629,0.019567248309122664,0.0,0.14101847033197212,1.1762598446085788e-05,1.1264767494745,0.005000000000040301
0.63,0.019579248309122665,0.0,0.14145616239983602,1.1693947711750037e-05,1.1272907490292776,0.005000000000039695
0.631,0.019591248309122664,0.0,0.1419001847817061,1.1627999475984044e-05,1.1281047019052741,0.0050000000000391225
0.632,0.019603248309122665,0.0,0.14235053675357123,1.1564659739246205e-05,1.1289186083273794,0.005000000000038581
0.633,0.019615248309122667,0.0,0.14280721775416522,1.1503834501994914e-05,1.1297324685204833,0.005000000000038072
0.634,0.019627248309122665,0.0,0.14327022737972545,1.1445429764688568e-05,1.1305462827094754,0.005000000000037591
0.635,0.019639248309122666,0.0,0.14373956537857802,1.1389351527785561e-05,1.1313600511192459,0.005000000000037137
0.636,0.019651248309122665,0.0,0.14421523164580557,1.1335505791744288e-05,1.132173773974684,0.005000000000036709
0.637,0.019663248309122666,0.0,0.14469722621797068,1.1283798557023149e-05,1.1329874515006795,0.005000000000036304
0.638,0.019675248309122664,0.0,0.14518554926766242,1.1234135824080533e-05,1.1338010839221226,0.005000000000035924
0.639,0.019687248309122666,0.0,0.14568020109861907,1.1186423593374841e-05,1.1346146714639027,0.0050000000000355645
0.64,0.019699248309122664,0.0,0.14618118214006645,1.1140567865364466e-05,1.1354282143509096,0.005000000000035225
0.641,0.019711248309122666,0.0,0.14668849294186467,1.1096474640507802e-05,1.1362417128080329,0.005000000000034905
0.642,0.019723248309122664,0.0,0.1472021341690422,1.1054049919263248e-05,1.1370551670601627,0.0050000000000346035
0.643,0.019735248309122665,0.0,0.14772210492272567,1.101320186266892e-05,1.13786857734574,0.005000000000034318
0.644,0.019747248309122667,0.0,0.14824836417828927,1.0973927105603915e-05,1.1386819442281657,0.005000000000034049
0.645,0.019759248309122665,0.0,0.14878094773716846,1.0936149555315675e-05,1.1394952676495922,0.005000000000033796
0.646,0.019771248309122667,0.0,0.14931985400583472,1.0899821446300738e-05,1.140308547855999,0.0050000000000335575
0.647,0.019783248309122665,0.0,0.1498650814605689,1.0864895013055632e-05,1.1411217850933653,0.005000000000033334
0.648,0.019795248309122666,0.0,0.1504166286420147,1.0831322490076888e-05,1.1419349796076699,0.005000000000033123
0.649,0.019807248309122664,0.0,0.15097449414961567,1.0799056111861035e-05,1.1427481316448922,0.005000000000032926
0.65,0.019819248309122666,0.0,0.1515386766363786,1.0768048112904608e-05,1.1435612414510112,0.00500000000003274
0.651,0.019831248309122664,0.0,0.15210917480334366,1.0738250727704137e-05,1.1443743092720065,0.005000000000032568
0.652,0.019843248309122666,0.0,0.15268598739438113,1.0709616190756152e-05,1.1451873353538564,0.005000000000032406
0.653,0.019855248309122664,0.0,0.1532691131906346,1.0682096736557182e-05,1.1460003199425408,0.005000000000032255
0.654,0.019867248309122666,0.0,0.1538585510055289,1.065564459960376e-05,1.1468132632840387,0.005000000000032114
0.655,0.019879248309122667,0.0,0.15445429980532782,1.0630213010558976e-05,1.147626165623331,0.005000000000031984
0.656,0.019891248309122665,0.0,0.15505636064191258,1.0605764758471484e-05,1.1484390271891014,0.005000000000031863
0.657,0.019903248309122667,0.0,0.15566473309807777,1.0582262553570759e-05,1.1492518482218816,0.00500000000003175
0.658,0.019915248309122665,0.0,0.15627941612246024,1.0559672171294111e-05,1.1500646289673275,0.005000000000031646
0.659,0.019927248309122667,0.0,0.15690040867053556,1.0537959387078855e-05,1.150877369671095,0.00500000000003155
0.66,0.019939248309122665,0.0,0.157527709699461,1.0517089976362306e-05,1.151690070578839,0.005000000000031463
0.661,0.019951248309122666,1.0,0.158173928801327,0.0037774150622900482,1.1525026332914448,0.005004756699418814
0.662,0.019963248309122664,1.0,0.16973077360559677,0.020901183815617615,1.153231449738489,0.006137656504237459
0.663,0.019975248309122666,1.0,0.24202160524769098,0.037730617262745014,1.1535514855131366,0.012495607165389779
0.664,0.019987248309122664,1.0,0.38209039455335086,0.05427077471135842,1.1535840382565634,0.028603594379561004
0.665,0.019999248309122666,1.0,0.6019544248608616,0.07052662849109444,1.1534203204399491,0.057908500840818666
0.666,0.020011248309122667,1.0,0.9718637536141352,0.08650306508542135,1.1529314958676444,0.10176047620426847
0.6666666666666666,0.020019248309122665,1.0,1.3416377226262128,0.09700116642464826,1.1524035459814537,0.13857410547907806
