Time [s],Lmtc [m],STIM [ ],Fsee [N],Gamma [ ],Lcerel [ ],q [ ]
0.0,0.017309415649724245,1.0,3.1235220493662665,0.3301756875315002,0.9440665156155265,0.7592485903778912
0.0005,0.017307853149724245,1.0,3.2550958512470425,0.3381853390118214,0.9412522870214663,0.7707985363774789
0.001,0.017306290649724245,1.0,3.3869544754898073,0.3461018310741197,0.9384863720985057,0.7815379796174737
0.0015,0.017304728149724245,1.0,3.518890888171845,0.35392359878151863,0.9357700153525361,0.7915299126877149
0.002,0.017303165649724245,1.0,3.6507650198767467,0.36165174453034676,0.9331031376923544,0.8008356368164331
0.0025,0.017301603149724246,1.0,3.782452450507924,0.36928758552620305,0.9304854227877204,0.8095115041994496
0.003,0.017300040649724246,1.0,3.9138259003946856,0.37683175691851745,0.9279166793431162,0.8176082858336791
0.0035,0.017298478149724246,1.0,4.044779234135619,0.38428533109992874,0.9253963929512738,0.8251727803348664
0.004,0.017296915649724246,1.0,4.1752106831139635,0.39164972649356034,0.9229240514560267,0.8322481236655134
0.0045000000000000005,0.017295353149724246,1.0,4.305021977844699,0.3989263026482912,0.9204991584562823,0.8388735864613444
0.005,0.017293790649724246,1.0,4.4341296430903325,0.4061159243866145,0.9181210342187887,0.845084350605228
0.0055,0.017292228149724243,1.0,4.562453155758187,0.41321954043312603,0.9157890301021343,0.8509126394539656
0.006,0.017290665649724243,1.0,4.689914409620127,0.4202382011401266,0.9135025334867475,0.8563879824084137
0.006500000000000001,0.017289103149724244,1.0,4.816447721733988,0.42717290876203995,0.9112607966452683,0.8615372181205987
0.007,0.017287540649724244,1.0,4.941993622899383,0.4340246563230928,0.9090630459225507,0.8663848378302441
0.0075,0.017285978149724244,1.0,5.066493984343741,0.440794455684278,0.9069085605762576,0.8709532637026225
0.008,0.017284415649724244,1.0,5.189897780618641,0.4474832862398151,0.9047965749923406,0.875262949056998
0.0085,0.017282853149724244,1.0,5.312161046026706,0.45409209597075006,0.9027262801411998,0.8793325657105346
0.009000000000000001,0.017281290649724244,1.0,5.433241864676986,0.46062185876347345,0.9006969027965209,0.8831792488318883
0.0095,0.017279728149724245,1.0,5.553102927370153,0.46707351555939125,0.8987076619390462,0.8868186758688843
0.01,0.017278165649724245,1.0,5.671711972494502,0.4734479406869452,0.8967577605919572,0.8902651773540787
0.0105,0.017276603149724245,1.0,5.789039725839052,0.4797460687356701,0.8948464162143649,0.8935319579802644
0.011,0.017275040649724245,1.0,5.905060642229575,0.4859688376645021,0.892972847072542,0.8966311543404191
0.0115,0.017273478149724245,1.0,6.019752845592937,0.4921171854323773,0.8911362714327608,0.899573929029729
0.012,0.017271915649724245,1.0,6.133098019903261,0.4981920499982316,0.8893359075612937,0.902370558207154
0.0125,0.017270353149724246,1.0,6.245079776863837,0.5041943179215329,0.8875709960701602,0.9050304911293148
0.013000000000000001,0.017268790649724246,1.0,6.355680981060813,0.5101247407634408,0.885840836261443,0.9075623950145614
0.0135,0.017267228149724246,1.0,6.464890890947613,0.5159841805758507,0.8841446794017468,0.9099743153351258
0.014,0.017265665649724246,1.0,6.572702129983959,0.521773508831914,0.8824817726618164,0.9122736911384303
0.0145,0.017264103149724246,1.0,6.679110315064735,0.5274935970047817,0.8808513632123972,0.9144674038701237
0.015,0.017262540649724246,1.0,6.784113964170051,0.5331453165676051,0.8792526982242341,0.916561824987427
0.0155,0.017260978149724243,1.0,6.887711252800496,0.5387294996335584,0.8776850688496514,0.9185628560570311
0.016,0.017259415649724243,1.0,6.989892220524972,0.5442468449271228,0.8761479152920061,0.9204759623590666
0.0165,0.017257853149724244,1.0,7.090657211176942,0.5496981503920686,0.8746405668851571,0.922306227332864
0.017,0.017256290649724244,1.0,7.190009970250813,0.5550842261950114,0.8731623393049254,0.92405837631178
0.0175,0.017254728149724244,1.0,7.287956597822545,0.5604058825025665,0.8717125482271315,0.9257368046525352
0.018000000000000002,0.017253165649724244,1.0,7.38450547506027,0.5656639294813502,0.8702905093275966,0.927345604260852
0.0185,0.017251603149724244,1.0,7.479664092198152,0.5708591474774093,0.868895579777489,0.9288885887274196
0.019,0.017250040649724244,1.0,7.5734283849365385,0.5759921866787727,0.867527297862974,0.9303693192967852
0.0195,0.017248478149724245,1.0,7.665805204647193,0.5810637851523899,0.866185079586622,0.9317911181516928
0.02,0.017246915649724245,1.0,7.756804848053427,0.5860746961302092,0.8648683198488931,0.9331570883971496
0.0205,0.017245353149724245,1.0,7.846439432500201,0.5910256728441796,0.863576413550248,0.9344701311823543
0.021,0.017243790649724245,1.0,7.93472283915265,0.5959174685262495,0.8623087555911467,0.9357329609390086
0.021500000000000002,0.017242228149724245,1.0,8.021668940392457,0.6007508214606552,0.8610647630652254,0.9369481203765108
0.022,0.017240665649724245,1.0,8.107283086504196,0.6055263820211279,0.8598439834226335,0.9381179985145233
0.0225,0.017239103149724246,1.0,8.191576549773016,0.6102448394284467,0.8586459057238026,0.939244833542653
0.023,0.017237540649724246,1.0,8.274561885113222,0.61490688122213,0.8574700206502329,0.9403307262205766
0.0235,0.017235978149724246,1.0,8.356251458972421,0.6195131811054546,0.856315838551188,0.9413776506219317
0.024,0.017234415649724246,1.0,8.436657370362466,0.6240643989454556,0.8551828894436945,0.9423874632285306
0.0245,0.017232853149724246,1.0,8.51579137513973,0.6285611807729264,0.8540707230125425,0.9433619112854728
0.025,0.017231290649724246,1.0,8.593664813414126,0.633004158782418,0.852978908610285,0.9443026404837517
0.025500000000000002,0.017229728149724243,1.0,8.670288539971077,0.6373939513322406,0.8519070352572383,0.9452112020304366
0.026000000000000002,0.017228165649724243,1.0,8.745679005207547,0.6417312163108245,0.8508546355477798,0.9460890557042136
0.0265,0.017226603149724243,1.0,8.819855446729026,0.6460166262881045,0.8498212210813421,0.9469375772982517
0.027,0.017225040649724244,1.0,8.892831807319617,0.6502507989258915,0.848806381688443,0.9477580686989565
0.0275,0.017223478149724244,1.0,8.964621836168721,0.6544343421102489,0.8478097210776129,0.9485517601522712
0.028,0.017221915649724244,1.0,9.035239040163058,0.658567853966184,0.8468308568144423,0.9493198149924342
0.0285,0.017220353149724244,1.0,9.104696635469523,0.6626519228576503,0.8458694203215823,0.9500633340167542
0.029,0.017218790649724244,1.0,9.173007501025117,0.6666871273875454,0.8449250568787453,0.9507833595351668
0.029500000000000002,0.017217228149724245,1.0,9.240184133867249,0.6706740363977128,0.843997425622704,0.9514808791215615
0.03,0.017215665649724245,1.0,9.30623961870388,0.6746132157480286,0.8430861873985485,0.9521568281280254
0.0305,0.017214103149724245,1.0,9.371194160126743,0.6785052720589848,0.8421909263689848,0.9528120867433716
0.031,0.017212540649724245,1.0,9.43506393128073,0.682350777969137,0.8413112839598108,0.9534474936762041
0.0315,0.017210978149724245,1.0,9.497863699557074,0.6861502902288323,0.8404469264343017,0.9540638463260228
0.032,0.017209415649724245,1.0,9.559608088669515,0.6899043583985163,0.8395975293050537,0.9546619021370321
0.0325,0.017207853149724246,1.0,9.620311547443993,0.693613524848733,0.8387627773339807,0.9552423810129576
0.033,0.017206290649724246,1.0,9.679988319764647,0.6972783247601254,0.8379423645323163,0.9558059675654181
0.0335,0.017204728149724246,1.0,9.73865241563834,0.7008992861234346,0.8371359941606132,0.9563533132087034
0.034,0.017203165649724246,1.0,9.796317583340803,0.7044769297395007,0.8363433787287432,0.9568850381127357
0.0345,0.017201603149724246,1.0,9.852998787699658,0.7080117766075094,0.8355642224442593,0.9574017312460943
0.035,0.017200040649724246,1.0,9.90871193634242,0.7115043466072545,0.8347982243428334,0.9579039524588059
0.035500000000000004,0.017198478149724243,1.0,9.96347118373003,0.7149551453804227,0.8340451094532885,0.9583922372340021
0.036000000000000004,0.017196915649724243,1.0,10.0172904567733,0.7183646719762161,0.8333046106345318,0.9588670963066707
0.0365,0.017195353149724243,1.0,10.070183441547064,0.7217334188936838,0.8325764684749941,0.9593290170455476
0.037,0.017193790649724244,1.0,10.122163562210762,0.725061872081721,0.8318604312926302,0.9597784647558761
0.0375,0.017192228149724244,1.0,10.17324396070732,0.7283505109390697,0.8311562551349191,0.9602158838992125
0.038,0.017190665649724244,1.0,10.223437477215223,0.7315998083143175,0.8304637037788637,0.9606416992362284
0.0385,0.017189103149724244,1.0,10.272756912796147,0.734810231824635,0.8297825455164186,0.9610563165850304
0.039,0.017187540649724244,1.0,10.321217504598177,0.7379822554945695,0.8291125247835724,0.9614601210943468
0.0395,0.017185978149724244,1.0,10.368833008659001,0.7411163414213283,0.8284534068533558,0.9618534825825041
0.04,0.017184415649724245,1.0,10.415616386339456,0.7442129431136955,0.8278049696968421,0.9622367555992966
0.0405,0.017182853149724245,1.0,10.46158036330022,0.747272508188363,0.8271669974105291,0.9626102796167675
0.041,0.017181290649724245,1.0,10.50673741491011,0.7502954783699294,0.8265392802163382,0.9629743798143006
0.0415,0.017179728149724245,1.0,10.551099752182312,0.7532822894909015,0.8259216144616135,0.9633293678169619
0.042,0.017178165649724245,1.0,10.594679308221602,0.7562333714916927,0.8253138026191245,0.963675542390233
0.0425,0.017176603149724246,1.0,10.637487725166688,0.7591491484206243,0.8247156532870632,0.9640131900940434
0.043000000000000003,0.017175040649724246,1.0,10.679537716854254,0.7620300459005966,0.8241269657847394,0.9643425846528134
0.043500000000000004,0.017173478149724246,1.0,10.720843080996174,0.7648764911863701,0.8235475300295125,0.9646639875599256
0.044,0.017171915649724246,1.0,10.761415548925427,0.7676888961107627,0.8229771616992546,0.9649776514696109
0.0445,0.017170353149724246,1.0,10.801266621765183,0.7704676671377982,0.8224156814636532,0.9652838190143859
0.045,0.017168790649724246,1.0,10.840407610318737,0.7732132056187916,0.8218629144269921,0.9655827232480898
0.0455,0.017167228149724243,1.0,10.878849646696468,0.775925907891565,0.8213186898945602,0.9658745880886074
0.046,0.017165665649724243,1.0,10.916603696489394,0.7786061653796652,0.820782841139061,0.9661596287356361
0.0465,0.017164103149724243,1.0,10.953680571464124,0.7812543646915802,0.8202552051670216,0.9664380520650647
0.047,0.017162540649724244,1.0,10.990090942755868,0.7838708877199544,0.8197356224852026,0.9667100570014101
0.0475,0.017160978149724244,1.0,11.025845354536157,0.7864561117408068,0.8192239368670068,0.9669758348696679
0.048,0.017159415649724244,1.0,11.060954238133478,0.7890104095127466,0.8187199951188892,0.9672355697278376
0.0485,0.017157853149724244,1.0,11.095427926585847,0.7915341493761905,0.8182236468467656,0.9674894386812938
0.049,0.017156290649724244,1.0,11.129276669605165,0.7940276953525779,0.8177347442224223,0.9677376121800939
0.0495,0.017154728149724244,1.0,11.162510648933777,0.7964914072435892,0.8172531417499257,0.9679802543002477
0.05,0.017153165649724245,1.0,11.195139994075307,0.7989256407303613,0.816778696032031,0.9682175230098965
0.0505,0.017151603149724245,1.0,11.227173938995332,0.8013307472512503,0.8163112749250013,0.9684495716529368
0.051000000000000004,0.017150040649724245,1.0,11.258621055682493,0.8037070741584708,0.8158507548706229,0.9686765488280004
0.051500000000000004,0.017148478149724245,1.0,11.289490853886464,0.8060549652251643,0.8153970033719669,0.9688985963480923
0.052000000000000005,0.017146915649724245,1.0,11.319792805989163,0.8083747604882539,0.8149498896281184,0.9691158508994454
0.0525,0.017145353149724245,1.0,11.34953635493718,0.8106667963452956,0.8145092844008612,0.9693284442559684
0.053,0.017143790649724246,1.0,11.378730929337877,0.8129314056531067,0.8140750598060211,0.9695365034731699
0.0535,0.017142228149724246,1.0,11.407385958819102,0.8151689178263939,0.8136470891048088,0.9697401510721021
0.054,0.017140665649724246,1.0,11.435510889640012,0.8173796589363821,0.813225246495163,0.9699395052138855
0.0545,0.017139103149724246,1.0,11.463115200541075,0.8195639518094426,0.8128094069030926,0.9701346798653341
0.055,0.017137540649724246,1.0,11.490208418821185,0.8217221161257218,0.8123994457740202,0.9703257849561766
0.0555,0.017135978149724243,1.0,11.516800136631812,0.8238544685177692,0.8119952388641243,0.9705129265283292
0.056,0.017134415649724243,1.0,11.54290002747705,0.8259613226691663,0.8115966620316826,0.9706962068776509
0.0565,0.017132853149724243,1.0,11.568517862910005,0.8280429894131548,0.8112035910284147,0.970875724688592
0.057,0.017131290649724244,1.0,11.593663529416379,0.8300997768312651,0.810815901290825,0.9710515751621065
0.0575,0.017129728149724244,1.0,11.618347045476218,0.8321319903519442,0.8104334677315455,0.9712238501371961
0.058,0.017128165649724244,1.0,11.642574269570957,0.8341399168762074,0.8100562107595803,0.9713926421404009
0.0585,0.017126603149724244,1.0,11.666348722729731,0.8361238316420335,0.8096840764902025,0.9715580427465992
0.059000000000000004,0.017125040649724244,1.0,11.689677861092873,0.8380840215044648,0.8093169694446155,0.9717201369780629
0.059500000000000004,0.017123478149724244,1.0,11.712568971926888,0.8400207697289882,0.8089547966376517,0.9718790072033359
0.06,0.017121915649724245,1.0,11.735029165794389,0.8419343559998357,0.808597467630546,0.9720347332482921
0.0605,0.017120353149724245,1.0,11.757065375442808,0.8438250564527985,0.8082448945127565,0.972187392496388
0.061,0.017118790649724245,1.0,11.778684354801303,0.8456931437080418,0.8078969918837842,0.97233705998441
0.0615,0.017117228149724245,1.0,11.799892678082301,0.8475388869029207,0.807553676834992,0.9724838084939511
0.062,0.017115665649724245,1.0,11.82069673898393,0.8493625517247939,0.8072148689314261,0.9726277086388382
0.0625,0.017114103149724245,1.0,11.841102749990153,0.851164400443839,0.806880490193636,0.9727688289487045
0.063,0.017112540649724246,1.0,11.861116741765734,0.8529446919458682,0.8065504650794928,0.972907235948914
0.0635,0.017110978149724246,1.0,11.88074456264216,0.8547036817651414,0.806224720466011,0.9730429942370076
0.064,0.017109415649724246,1.0,11.899992283758854,0.8564416234055398,0.8059031813276067,0.9731761661885774
0.0645,0.017107853149724246,1.0,11.918867829972024,0.8581587735461318,0.8055857534391175,0.9733068105660965
0.065,0.017106290649724246,1.0,11.93737768244638,0.8598553815915561,0.8052723583726084,0.9734349855866
0.0655,0.017104728149724246,1.0,11.955527980393887,0.8615316932136158,0.8049629217586421,0.9735607479736096
0.066,0.017103165649724243,1.0,11.973324800391008,0.8631879512714503,0.8046573703040192,0.9736841527661582
0.0665,0.017101603149724243,1.0,11.990774162233862,0.8648243958620522,0.8043556317144637,0.9738052533742191
0.067,0.017100040649724244,1.0,12.00788203486756,0.8664412643707863,0.8040576346173093,0.9739241016317151
0.0675,0.017098478149724244,1.0,12.024654342387034,0.8680387915219057,0.8037633084841853,0.9740407478472248
0.068,0.017096915649724244,1.0,12.041096970105835,0.8696172094290718,0.8034725835537031,0.9741552408524943
0.0685,0.017095353149724244,1.0,12.057215770690025,0.8711767476458706,0.8031853907541419,0.9742676280488537
0.069,0.017093790649724244,1.0,12.073016570354373,0.872717633216331,0.8029016616261344,0.9743779554516361
0.0695,0.017092228149724244,1.0,12.08850517511806,0.8742400907254421,0.8026213282453537,0.9744862677326905
0.07,0.017090665649724245,1.0,12.103687364543424,0.8757443423034278,0.8023443232774942,0.9745926082712663
0.07050000000000001,0.017089103149724245,1.0,12.118567617966711,0.8772306029711671,0.8020705933613086,0.9746970202261359
0.07100000000000001,0.017087540649724245,1.0,12.133150392522644,0.8786990853760636,0.8018000856274304,0.9747995455302273
0.07150000000000001,0.017085978149724245,1.0,12.14744076915548,0.8801500021900583,0.8015327409053418,0.9749002244144566
0.07200000000000001,0.017084415649724245,1.0,12.161443754849774,0.8815835635689145,0.8012685010590646,0.9749990960140063
0.0725,0.017082853149724245,1.0,12.175164284959715,0.8829999771878078,0.8010073089525511,0.975096198403532
0.073,0.017081290649724246,1.0,12.188607225579668,0.8843994482769156,0.8007491084150758,0.9751915686309701
0.0735,0.017079728149724246,1.0,12.201777375954478,0.8857821796570092,0.8004938442066252,0.975285242750005
0.074,0.017078165649724246,1.0,12.214679470927894,0.8871483717750415,0.8002414619832902,0.9753772558512539
0.0745,0.017076603149724246,1.0,12.227318183427938,0.8884982227397398,0.7999919082626558,0.9754676420922286
0.075,0.017075040649724246,1.0,12.239698126987419,0.8898319283571939,0.7997451303891933,0.9755564347261214
0.0755,0.017073478149724246,1.0,12.251823858298513,0.8911496821664472,0.79950107649965,0.9756436661294752
0.076,0.017071915649724243,1.0,12.263699879799976,0.8924516754750869,0.7992596954884416,0.9757293678287741
0.0765,0.017070353149724243,1.0,12.275330446283476,0.8937380967770456,0.799020939020928,0.9758135706858845
0.077,0.017068790649724244,1.0,12.286719252831256,0.8950091307981806,0.7987847647805526,0.9758963051758022
0.0775,0.017067228149724244,1.0,12.297870352649387,0.8962649614171793,0.7985511268698092,0.9759776006620718
0.078,0.017065665649724244,1.0,12.308787758258585,0.8975057704343345,0.7983199799749529,0.976057485749438
0.0785,0.017064103149724244,1.0,12.319475406480032,0.8987317374882703,0.7980912797254068,0.9761359883362752
0.079,0.017062540649724244,1.0,12.329937159533085,0.8999430400864608,0.797864982675968,0.9762131356366517
0.0795,0.017060978149724244,1.0,12.340176806157274,0.901139853635748,0.7976410462890111,0.9762889542015892
0.08,0.017059415649724245,1.0,12.3501980627581,0.9023223514728588,0.7974194289166927,0.9763634699395565
0.0805,0.017057853149724245,1.0,12.360004574575115,0.9034907048949247,0.7972000897831566,0.9764367081362276
0.081,0.017056290649724245,1.0,12.369599916872163,0.9046450831899986,0.7969829889667372,0.9765086934735345
0.0815,0.017054728149724245,1.0,12.37898759614857,0.9057856536675738,0.7967680873821655,0.97657945004804
0.082,0.017053165649724245,1.0,12.388171051370751,0.9069125816891013,0.7965553467627713,0.9766490013886652
0.0825,0.017051603149724245,1.0,12.397153666959637,0.9080260306505459,0.7963447295206755,0.9767173704577716
0.083,0.017050040649724246,1.0,12.4059390088018,0.9091261610540358,0.7961361962896402,0.9767845793486614
0.0835,0.017048478149724246,1.0,12.41453050811911,0.9102131318363743,0.795929709209358,0.9768506497374743
0.084,0.017046915649724246,1.0,12.422931466088135,0.9112871003854571,0.7957252318717816,0.9769156028922602
0.0845,0.017045353149724246,1.0,12.431145137080254,0.9123482222359687,0.7955227284515473,0.9769794595758641
0.085,0.017043790649724246,1.0,12.439174730692393,0.9133966510971372,0.7953221636811497,0.9770422400595616
0.0855,0.017042228149724246,1.0,12.44702341379361,0.9144325388804891,0.7951235028261155,0.9771039641362136
0.08600000000000001,0.017040665649724243,1.0,12.454694312586442,0.9154560357276044,0.7949267116601788,0.9771646511329517
0.08650000000000001,0.017039103149724243,1.0,12.462190514683066,0.9164672900378696,0.7947317564404545,0.9772243199234184
0.08700000000000001,0.017037540649724243,1.0,12.469515071194929,0.9174664484962342,0.7945386038826128,0.9772829889395751
0.08750000000000001,0.017035978149724244,1.0,12.4766709988359,0.9184536561009639,0.7943472211360542,0.9773406761830984
0.088,0.017034415649724244,1.0,12.48366128203811,0.919429056191396,0.7941575757590824,0.9773973992363753
0.0885,0.017032853149724244,1.0,12.490488875079883,0.9203927904756942,0.7939696356940806,0.9774531752731163
0.089,0.017031290649724244,1.0,12.497156494782747,0.921344998211996,0.7937833714113807,0.9775080212131718
0.0895,0.017029728149724244,1.0,12.503666567988784,0.9222858160163283,0.7935987564475894,0.9775619537685253
0.09,0.017028165649724245,1.0,12.510021773762402,0.9232153800734805,0.7934157617884044,0.9776149890797853
0.0905,0.017026603149724245,1.0,12.516224752893882,0.9241338249811424,0.7932343588757862,0.9776671429282355
0.091,0.017025040649724245,1.0,12.522278102225568,0.9250412837459734,0.7930545196642986,0.9777184307500413
0.0915,0.017023478149724245,1.0,12.52818437568843,0.9259378878067644,0.7928762166080467,0.9777688676455083
0.092,0.017021915649724245,1.0,12.533946085347663,0.9268237670576007,0.7926994226476151,0.9778184683880474
0.0925,0.017020353149724245,1.0,12.539565702456986,0.9276990498710237,0.7925241111970059,0.9778672474328519
0.093,0.017018790649724246,1.0,12.54504565852164,0.9285638631211939,0.7923502561305765,0.9779152189252984
0.0935,0.017017228149724246,1.0,12.550388346369221,0.9294183322070526,0.7921778317699779,0.9779623967090835
0.094,0.017015665649724246,1.0,12.555596121228547,0.9302625810754852,0.7920068128710922,0.978008794334103
0.0945,0.017014103149724246,1.0,12.560671301816043,0.931096732244483,0.7918371746109707,0.9780544250640852
0.095,0.017012540649724246,1.0,12.565616154938114,0.9319209066091909,0.7916688927450654,0.9780993018840223
0.0955,0.017010978149724246,1.0,12.570432776234307,0.9327352218810153,0.791501944836619,0.9781434375077724
0.096,0.017009415649724243,1.0,12.575123310834016,0.9335397955018426,0.7913363079760053,0.9781868443847136
0.0965,0.017007853149724243,1.0,12.579689897957243,0.9343347439225066,0.7911719593517688,0.9782295347063815
0.097,0.017006290649724243,1.0,12.584134642091325,0.9351201822316776,0.7910088765468098,0.9782715204130455
0.0975,0.017004728149724244,1.0,12.588459613988269,0.9358962241773505,0.7908470375266365,0.978312813200044
0.098,0.017003165649724244,1.0,12.59266685166786,0.9366629821883332,0.7906864206276144,0.9783534245239295
0.0985,0.017001603149724244,1.0,12.59675836142623,0.9374205673957348,0.7905270045452188,0.9783933656084264
0.099,0.017000040649724244,1.0,12.600736118849762,0.9381690896544541,0.7903687683222854,0.9784326474502132
0.0995,0.016998478149724244,1.0,12.604602069834225,0.9389086575646671,0.7902116913372612,0.9784712808245305
0.1,0.016996915649724244,1.0,12.608358131608815,0.9396393784933168,0.7900557532924549,0.9785092762906223
0.1005,0.016995353149724245,1.0,12.612006193764723,0.9403613585955999,0.7899009342022899,0.9785466441970179
0.101,0.016993790649724245,1.0,12.615548119288553,0.9410747028364562,0.789747214381553,0.9785833946866572
0.1015,0.016992228149724245,1.0,12.618985745599922,0.9417795150120561,0.7895945744336471,0.9786195377018666
0.10200000000000001,0.016990665649724245,1.0,12.62232088559319,0.9424758977712894,0.7894429952388414,0.9786550829891915
0.10250000000000001,0.016989103149724245,1.0,12.625555328683324,0.9431639526372535,0.7892924579425226,0.9786900401040847
0.10300000000000001,0.016987540649724246,1.0,12.628690841855454,0.9438437800287418,0.7891429439434465,0.9787244184154656
0.10350000000000001,0.016985978149724246,1.0,12.631729170718344,0.9445154792817314,0.7889944348819882,0.9787582271101417
0.10400000000000001,0.016984415649724246,1.0,12.634671989785314,0.9451791479437412,0.7888469131512872,0.9787914751936369
0.1045,0.016982853149724246,1.0,12.637520648082646,0.9458348781379609,0.7887003645155759,0.9788241714772954
0.105,0.016981290649724246,1.0,12.640276686284205,0.9464827639758265,0.7885547727833575,0.9788563246180388
0.1055,0.016979728149724246,1.0,12.642941673270656,0.9471228992216956,0.7884101214904868,0.9788879431105797
0.106,0.016978165649724243,1.0,12.645517153304688,0.9477553765424759,0.7882663944434801,0.9789190352875439
0.1065,0.016976603149724243,1.0,12.648004646812153,0.9483802875249588,0.7881235757107541,0.978949609323201
0.107,0.016975040649724243,1.0,12.65040565116572,0.9489977226931543,0.7879816496138643,0.9789796732370889
0.1075,0.016973478149724244,1.0,12.652721641471665,0.9496077715256228,0.7878406007187434,0.9790092348975427
0.108,0.016971915649724244,1.0,12.654954071359045,0.9502105224728116,0.7877004138269402,0.9790383020251222
0.1085,0.016970353149724244,1.0,12.657104373771434,0.9508060629743871,0.7875610739668575,0.979066882195949
0.109,0.016968790649724244,1.0,12.659173961761068,0.9513944794765694,0.7874225663849911,0.9790949828449532
0.1095,0.016967228149724244,1.0,12.661164229285275,0.9519758574494664,0.7872848765371685,0.9791226112690311
0.11,0.016965665649724244,1.0,12.663076552005128,0.9525502814044068,0.7871479900797869,0.9791497746301191
0.1105,0.016964103149724245,1.0,12.66491228808624,0.9531178349112748,0.7870118928610516,0.9791764799581857
0.111,0.016962540649724245,1.0,12.666672779001386,0.9536786006158439,0.7868765709122159,0.9792027341541437
0.1115,0.016960978149724245,1.0,12.668359350335411,0.9542326602571111,0.7867420104388175,0.9792285439926856
0.112,0.016959415649724245,1.0,12.669973312591583,0.9547800946846301,0.7866081978119186,0.9792539161250443
0.1125,0.016957853149724245,1.0,12.671515961999916,0.9553209838758454,0.7864751195593443,0.9792788570816826
0.113,0.016956290649724245,1.0,12.672988516632234,0.9558554062009322,0.7863427630221473,0.9793033732830143
0.1135,0.016954728149724246,1.0,12.674391893045287,0.956383435833083,0.7862111186505506,0.9793274710701858
0.114,0.016953165649724246,1.0,12.675727217264459,0.9569051487000811,0.7860801747491498,0.9793511566437845
0.1145,0.016951603149724246,1.0,12.676995636240202,0.9574206202987212,0.7859499194155866,0.9793744360898146
0.115,0.016950040649724246,1.0,12.678198278323219,0.9579299252428983,0.7858203409466173,0.9793973153871066
0.1155,0.016948478149724246,1.0,12.679336253797707,0.958433137277632,0.7856914278322751,0.9794198004096629
0.116,0.016946915649724243,1.0,12.680410655415725,0.9589303292930912,0.7855631687500341,0.9794418969289445
0.1165,0.016945353149724243,1.0,12.681422558933088,0.9594215733386189,0.7854355525589733,0.9794636106161032
0.117,0.016943790649724243,1.0,12.68237302364624,0.9599069406367566,0.785308568293942,0.9794849470441592
0.11750000000000001,0.016942228149724244,1.0,12.683263092930783,0.9603865015972699,0.7851822051597208,0.9795059116901246
0.11800000000000001,0.016940665649724244,1.0,12.684093794780775,0.9608603258311721,0.7850564525251885,0.9795265099370786
0.11850000000000001,0.016939103149724244,1.0,12.684866142349456,0.9613284821647494,0.7849312999174846,0.9795467470761912
0.11900000000000001,0.016937540649724244,1.0,12.685581134490853,0.961791038653586,0.7848067370161732,0.9795666283087002
0.11950000000000001,0.016935978149724244,1.0,12.686239756302497,0.9622480625965882,0.7846827536474077,0.9795861587478414
0.12,0.016934415649724244,1.0,12.686842979669155,0.9626996205500098,0.7845593397780936,0.9796053434207337
0.1205,0.016932853149724245,1.0,12.687391763807263,0.9631457783414761,0.7844364855100542,0.9796241872702199
0.121,0.016931290649724245,1.0,12.687887055810616,0.9635866010840087,0.7843141810741924,0.9796426951566672
0.1215,0.016929728149724245,1.0,12.688329791196582,0.9640221531900514,0.7841924168246566,0.9796608718597244
0.122,0.016928165649724245,1.0,12.688720850393503,0.9644524976181249,0.7840711836857674,0.9796787220689035
0.1225,0.016926603149724245,1.0,12.689060956657865,0.9648776940994589,0.7839504742007863,0.9796962503595501
0.123,0.016925040649724245,1.0,12.689350948284211,0.9652978038834239,0.7838302797344405,0.9797134612632824
0.1235,0.016923478149724246,1.0,12.689591665564135,0.9657128877731088,0.7837105916344168,0.9797303592406649
0.124,0.016921915649724246,1.0,12.689783935423844,0.9661230058621916,0.7835914013890519,0.9797469486787581
0.1245,0.016920353149724246,1.0,12.68992857182197,0.9665282175462883,0.7834727006230754,0.9797632338926251
0.125,0.016918790649724246,1.0,12.690026376147857,0.9669285815343028,0.783354481093352,0.9797792191268065
0.1255,0.016917228149724246,1.0,12.690078137620828,0.9673241558597773,0.7832367346846231,0.9797949085567634
0.126,0.016915665649724243,1.0,12.69008463368963,0.9677149978922419,0.7831194534052496,0.9798103062902886
0.1265,0.016914103149724243,1.0,12.690046630432942,0.9681011643485643,0.7830026293829534,0.9798254163688879
0.127,0.016912540649724243,1.0,12.689964882959902,0.9684827113043001,0.7828862548605606,0.9798402427691306
0.1275,0.016910978149724244,1.0,12.689840135811592,0.9688596942050417,0.7827703221917427,0.9798547894039743
0.128,0.016909415649724244,1.0,12.689673123362827,0.9692321678777696,0.7826548238367589,0.9798690601240589
0.1285,0.016907853149724244,1.0,12.68946457022435,0.9696001865422009,0.7825397523581993,0.9798830587189755
0.129,0.016906290649724244,1.0,12.689215191645694,0.9699638038221402,0.7824251004167257,0.9798967889185084
0.1295,0.016904728149724244,1.0,12.68892569391823,0.9703230727568284,0.7823108607668143,0.9799102543938512
0.13,0.016903165649724244,1.0,12.688596774778684,0.970678045812294,0.7821970262524988,0.9799234587588005
0.1305,0.016901603149724245,1.0,12.688229123813178,0.9710287748927012,0.7820835898031105,0.9799364055709223
0.131,0.016900040649724245,1.0,12.68782337821626,0.9713753105488274,0.7819705448878185,0.9799490983202838
0.1315,0.016898478149724245,1.0,12.687380057388953,0.9717177008058883,0.7818578861876838,0.9799615404124443
0.132,0.016896915649724245,1.0,12.686899778675192,0.9720559950472407,0.7817456073785806,0.9799737352294913
0.1325,0.016895353149724245,1.0,12.6863831581627,0.972390242234551,0.7816337021504932,0.979985686103286
0.133,0.016893790649724245,1.0,12.685830802083718,0.9727204907571939,0.7815221642958039,0.9799973963140217
0.1335,0.016892228149724246,1.0,12.68524330709545,0.9730467884413319,0.7814109877063327,0.9800088690912319
0.134,0.016890665649724246,1.0,12.684621260560945,0.9733691825589934,0.781300166370376,0.9800201076147812
0.1345,0.016889103149724246,1.0,12.683965240830007,0.973687719837154,0.7811896943697482,0.9800311150158378
0.135,0.016887540649724246,1.0,12.683275817520622,0.9740024464668136,0.7810795658768199,0.9800418943778255
0.1355,0.016885978149724246,1.0,12.682553551800588,0.9743134081120765,0.7809697751515582,0.9800524487373596
0.136,0.016884415649724246,1.0,12.681798996669242,0.9746206499192304,0.7808603165385669,0.9800627810851643
0.1365,0.016882853149724243,1.0,12.681012697239716,0.974924216525826,0.7807511844641255,0.9800728943669749
0.137,0.016881290649724243,1.0,12.68019519102116,0.9752241520697547,0.7806423734332292,0.9800827914844201
0.1375,0.016879728149724244,1.0,12.679347008201209,0.9755205001983303,0.7805338780266287,0.9800924752958937
0.138,0.016878165649724244,1.0,12.678468671928735,0.9758133040773653,0.7804256928978703,0.9801019486174049
0.1385,0.016876603149724244,1.0,12.677560698596748,0.9761026064002526,0.7803178127703352,0.9801112142234174
0.139,0.016875040649724244,1.0,12.67662359812536,0.9763884493970421,0.7802102324342793,0.9801202748476737
0.1395,0.016873478149724244,1.0,12.675657874245159,0.9766708748435228,0.7801029467438729,0.9801291331840027
0.14,0.016871915649724244,1.0,12.674663987128154,0.9769499233264589,0.7799959510013748,0.9801377918727543
0.1405,0.016870353149724245,1.0,12.673642323172803,0.9772256336499783,0.7798892412678438,0.9801462534900536
0.14100000000000001,0.016868790649724245,1.0,12.672593336383777,0.9774980456320291,0.7797828129094807,0.9801545206024194
0.14150000000000001,0.016867228149724245,1.0,12.671517477068718,0.977767198699325,0.7796766613306583,0.980162595740131
0.14200000000000002,0.016865665649724245,1.0,12.670415188159584,0.978033131818131,0.7795707820117084,0.9801704813964638
0.14250000000000002,0.016864103149724245,1.0,12.669286905409404,0.9782958835016022,0.7794651705068679,0.9801781800283903
0.14300000000000002,0.016862540649724245,1.0,12.668133057589252,0.9785554918171251,0.7793598224422226,0.980185694057272
0.14350000000000002,0.016860978149724246,1.0,12.66695406668513,0.9788119943936546,0.7792547335136535,0.9801930258695389
0.14400000000000002,0.016859415649724246,1.0,12.665750348095147,0.979065428429056,0.7791498994847819,0.9802001778173566
0.1445,0.016857853149724246,1.0,12.664522310826827,0.9793158306974427,0.7790453161849137,0.9802071522192857
0.145,0.016856290649724246,1.0,12.663270357694362,0.9795632375565171,0.7789409795069852,0.9802139513609267
0.1455,0.016854728149724246,1.0,12.661994885516057,0.9798076849549087,0.7788368854055085,0.98022057749556
0.146,0.016853165649724246,1.0,12.660696285311973,0.9800492084395149,0.7787330298945156,0.9802270328447708
0.1465,0.016851603149724243,1.0,12.6593749425013,0.9802878431628398,0.7786294090455054,0.9802333195990679
0.147,0.016850040649724243,1.0,12.658031237100365,0.9805236238903339,0.7785260189853865,0.980239439918492
0.1475,0.016848478149724243,1.0,12.656665543920148,0.9807565850077337,0.7784228558944238,0.9802453959332156
0.148,0.016846915649724244,1.0,12.655278232764072,0.9809867605284013,0.7783199160041844,0.9802511897441315
0.1485,0.016845353149724244,1.0,12.65386966862607,0.9812141841006632,0.7782171955954803,0.9802568234234371
0.149,0.016843790649724244,1.0,12.65244018679983,0.9814388882913713,0.7781146912544982,0.9802622989914666
0.1495,0.016842228149724244,1.0,12.650990086008973,0.9816609043891159,0.7780123999435562,0.9802676184106467
0.15,0.016840665649724244,1.0,12.649519700524655,0.9818802644863562,0.7779103182589465,0.9802727836541201
0.1505,0.016839103149724245,1.0,12.648029360360214,0.9820970003328114,0.7778084428405064,0.9802777966683877
0.151,0.016837540649724245,1.0,12.646519390249436,0.9823111433076046,0.7777067703821208,0.9802826593726974
0.1515,0.016835978149724245,1.0,12.644990109796113,0.9825227244251803,0.7776052976301722,0.9802873736595384
0.152,0.016834415649724245,1.0,12.64344183362333,0.9827317743412215,0.7775040213819953,0.9802919413951225
0.1525,0.016832853149724245,1.0,12.641874871522957,0.9829383233585678,0.7774029384843278,0.9802963644198638
0.153,0.016831290649724245,1.0,12.640289528605157,0.9831424014331324,0.7773020458317641,0.9803006445488488
0.1535,0.016829728149724246,1.0,12.638686105447915,0.9833440381798196,0.7772013403652062,0.9803047835723013
0.154,0.016828165649724246,1.0,12.63706489824653,0.9835432628784432,0.7771008190703171,0.9803087832560398
0.1545,0.016826603149724246,1.0,12.635426198963213,0.9837401044796424,0.7770004789759738,0.9803126453419297
0.155,0.016825040649724246,1.0,12.633770295476712,0.983934591610801,0.7769003171527182,0.9803163715483303
0.1555,0.016823478149724246,1.0,12.632097471731878,0.9841267525819636,0.7768003307112106,0.9803199635705327
0.156,0.016821915649724246,1.0,12.630408007889377,0.984316615391754,0.7767005168006811,0.9803234230811972
0.1565,0.016820353149724243,1.0,12.628702180475146,0.984504207733292,0.7766008726073838,0.9803267517307804
0.157,0.016818790649724243,1.0,12.626980262530296,0.9846895570001114,0.776501395353047,0.9803299511479593
0.1575,0.016817228149724243,1.0,12.625242523760456,0.9848726902920774,0.7764020822933273,0.9803330229400505
0.158,0.016815665649724244,1.0,12.623489204415245,0.9850536337310657,0.7763029309869162,0.9803359686730909
0.1585,0.016814103149724244,1.0,12.6217205193066,0.9852324125682953,0.7762039392542256,0.9803387898752864
0.159,0.016812540649724244,1.0,12.619936713989208,0.9854090526624161,0.7761051045985762,0.9803414880807773
0.1595,0.016810978149724244,1.0,12.618138030444554,0.9855835795799793,0.7760064245596922,0.9803440648033368
0.16,0.016809415649724244,1.0,12.616324706763562,0.9857560185890699,0.7759078967169692,0.980346521536407
0.1605,0.016807853149724244,1.0,12.614496977252587,0.9859263946640691,0.7758095186883825,0.9803488597534551
0.161,0.016806290649724245,1.0,12.612655072539862,0.9860947324904172,0.7757112881293894,0.980351080908327
0.1615,0.016804728149724245,1.0,12.61079921968161,0.9862610564693775,0.7756132027318355,0.9803531864355959
0.162,0.016803165649724245,1.0,12.60892964226832,0.9864253907227979,0.7755152602228601,0.980355177750909
0.1625,0.016801603149724245,1.0,12.607046560530934,0.9865877590978748,0.7754174583638009,0.9803570562513269
0.163,0.016800040649724245,1.0,12.605150191447214,0.9867481851719163,0.7753197949490989,0.9803588233156612
0.1635,0.016798478149724246,1.0,12.603240748847883,0.986906692257105,0.7752222678052035,0.9803604803048089
0.164,0.016796915649724246,1.0,12.601318443522858,0.9870633034052602,0.7751248747894784,0.9803620285620815
0.1645,0.016795353149724246,1.0,12.599383483327518,0.9872180414126022,0.775027613789106,0.9803634694135317
0.165,0.016793790649724246,1.0,12.597436073288913,0.9873709288245145,0.7749304827199921,0.9803648041682761
0.1655,0.016792228149724246,1.0,12.595476415711936,0.9875219879403071,0.7748334795256719,0.9803660341188145
0.166,0.016790665649724246,1.0,12.59350471028552,0.9876712408179792,0.7747366021762153,0.9803671605413476
0.1665,0.016789103149724243,1.0,12.591521154188895,0.987818709278983,0.7746398486671302,0.9803681846960887
0.167,0.016787540649724243,1.0,12.589525921334138,0.9879644142738045,0.7745432172335095,0.9803691078059064
0.1675,0.016785978149724243,1.0,12.587519172939343,0.9881083762071685,0.7744467062410281,0.9803699310675245
0.168,0.016784415649724244,1.0,12.585501089186309,0.9882506159094484,0.7743503138593381,0.9803706556845899
0.1685,0.016782853149724244,1.0,12.583471847361384,0.9883911539685897,0.7742540382875469,0.9803712828451515
0.169,0.016781290649724244,1.0,12.58143162187883,0.9885300107323258,0.7741578777539798,0.9803718137218718
0.1695,0.016779728149724244,1.0,12.579380584357205,0.9886672063120212,0.7740618305153958,0.9803722494722923
0.17,0.016778165649724244,1.0,12.577318903695815,0.9888027605865135,0.7739658948562018,0.980372591239098
0.1705,0.016776603149724244,1.0,12.575246746151118,0.988936693205956,0.7738700690876685,0.9803728401503752
0.171,0.016775040649724245,1.0,12.573164275413095,0.9890690235956604,0.7737743515471452,0.9803729973198709
0.1715,0.016773478149724245,1.0,12.571071652681738,0.989199770959939,0.7736787405972744,0.9803730638472468
0.17200000000000001,0.016771915649724245,1.0,12.568969036743292,0.9893289542859469,0.7735832346252075,0.980373040818334
0.17250000000000001,0.016770353149724245,1.0,12.566856584046688,0.989456592347525,0.7734878320418201,0.9803729293053813
0.17300000000000001,0.016768790649724245,1.0,12.564734448779985,0.9895827037090421,0.7733925312809259,0.980372730367306
0.17350000000000002,0.016767228149724245,1.0,12.562602782946476,0.9897073067292378,0.7732973307984935,0.9803724450499387
0.17400000000000002,0.016765665649724246,1.0,12.560461736441258,0.9898304195650639,0.77320222907186,0.9803720743862675
0.17450000000000002,0.016764103149724246,1.0,12.558311457127338,0.9899520601755283,0.7731072245989469,0.9803716193966817
0.17500000000000002,0.016762540649724246,1.0,12.556152090912066,0.990072246325536,0.7730123158974748,0.9803710810892101
0.17550000000000002,0.016760978149724246,1.0,12.553983781815674,0.9901909955894301,0.7729175015042574,0.9803704604597482
0.176,0.016759415649724246,1.0,12.551806643690616,0.9903083242197247,0.7728227802674014,0.9803697584464465
0.1765,0.016757853149724243,1.0,12.549620785820583,0.9904242481722054,0.7727281510819234,0.9803689759712205
0.177,0.016756290649724243,1.0,12.547426339857473,0.9905387841851054,0.7726336126114058,0.9803681139834067
0.1775,0.016754728149724243,1.0,12.545223435490534,0.9906519488061363,0.772539163539342,0.9803671734205269
0.178,0.016753165649724244,1.0,12.543012200514568,0.990763758395986,0.772444802568437,0.9803661552085036
0.1785,0.016751603149724244,1.0,12.540792760897391,0.9908742291318207,0.7723505284199136,0.9803650602618726
0.179,0.016750040649724244,1.0,12.538565240847799,0.9909833770107837,0.7722563398328146,0.9803638894839989
0.1795,0.016748478149724244,1.0,12.536329762883138,0.9910912178534953,0.7721622355633065,0.9803626437672827
0.18,0.016746915649724244,1.0,12.534086447897172,0.991197767307554,0.7720682143839827,0.9803613239933722
0.1805,0.016745353149724244,1.0,12.531835415227585,0.9913030408510352,0.7719742750831676,0.9803599310333697
0.181,0.016743790649724245,1.0,12.529576782723776,0.9914070537959911,0.7718804164642197,0.980358465748039
0.1815,0.016742228149724245,1.0,12.527310666814438,0.9915098212919523,0.7717866373448351,0.9803569289880092
0.182,0.016740665649724245,1.0,12.525037182575199,0.9916113583294257,0.7716929365563511,0.9803553215939792
0.1825,0.016739103149724245,1.0,12.522756443796158,0.9917116797433959,0.7715993129430498,0.9803536443969203
0.183,0.016737540649724245,1.0,12.520468563049551,0.9918108002168247,0.7715057653614609,0.9803518982182762
0.1835,0.016735978149724245,1.0,12.518173651757118,0.9919087342841508,0.7714122926796666,0.9803500838701646
0.184,0.016734415649724246,1.0,12.515871820257784,0.9920054963347908,0.7713188937766035,0.9803482021555749
0.1845,0.016732853149724246,1.0,12.513563177875026,0.9921011006166375,0.7712255675413671,0.9803462538685659
0.185,0.016731290649724246,1.0,12.511247832984392,0.9921955612395612,0.7711323128725148,0.9803442397944625
0.1855,0.016729728149724246,1.0,12.508925893080841,0.99228889217891,0.7710391286773701,0.9803421607100521
0.186,0.016728165649724246,1.0,12.506597464846228,0.992381107279008,0.7709460138713251,0.9803400173837774
0.1865,0.016726603149724246,1.0,12.504262654216623,0.9924722202566569,0.7708529673771446,0.9803378105759314
0.187,0.016725040649724243,1.0,12.501921566449605,0.9925622447046356,0.7707599881242696,0.9803355410388487
0.1875,0.016723478149724243,1.0,12.499574306191684,0.9926511940951995,0.7706670750481206,0.9803332095170985
0.188,0.016721915649724244,1.0,12.497220977545437,0.9927390817835811,0.7705742270894012,0.9803308167476738
0.1885,0.016720353149724244,1.0,12.494861684136822,0.9928259210114903,0.7704814431934012,0.9803283634601818
0.189,0.016718790649724244,1.0,12.492496529182354,0.9929117249106139,0.7703887223093011,0.9803258503770343
0.1895,0.016717228149724244,1.0,12.490125615556321,0.9929965065061148,0.7702960633894744,0.9803232782136334
0.19,0.016715665649724244,1.0,12.487749045857882,0.9930802787201337,0.770203465388792,0.9803206476785604
0.1905,0.016714103149724244,1.0,12.485366849136224,0.9931630516107426,0.7701109280237102,0.9803179593662201
0.191,0.016712540649724245,1.0,12.482979019037378,0.9932448338096335,0.770018451377414,0.9803152138128138
0.1915,0.016710978149724245,1.0,12.480585635224724,0.993325637100138,0.7699260346418962,0.9803124116744731
0.192,0.016709415649724245,1.0,12.47818677654148,0.9934054731455655,0.7698336770173809,0.980309553600036
0.1925,0.016707853149724245,1.0,12.475782520669608,0.9934843534772942,0.76974137771586,0.980306640230631
0.193,0.016706290649724245,1.0,12.473372944170826,0.9935622894972757,0.7696491359606723,0.9803036721998184
0.1935,0.016704728149724245,1.0,12.470958122527824,0.9936392924805361,0.7695569509860798,0.980300650133734
0.194,0.016703165649724246,1.0,12.468538130185369,0.9937153735776816,0.7694648220368455,0.9802975746512305
0.1945,0.016701603149724246,1.0,12.466113040591344,0.9937905438174005,0.7693727483678112,0.9802944463640187
0.195,0.016700040649724246,1.0,12.463682926237828,0.993864814108966,0.7692807292434745,0.9802912658768066
0.1955,0.016698478149724246,1.0,12.461247858702263,0.9939381952447406,0.7691887639375655,0.9802880337874406
0.196,0.016696915649724246,1.0,12.458807908688321,0.9940106979026789,0.7690968517326261,0.9802847506870445
0.1965,0.016695353149724243,1.0,12.456363146066968,0.9940823326488305,0.769004991919586,0.9802814171601573
0.197,0.016693790649724243,1.0,12.453913639917607,0.9941531099398432,0.7689131837973403,0.9802780337848725
0.1975,0.016692228149724243,1.0,12.451459458568854,0.9942230401254673,0.768821426672327,0.9802746011329749
0.198,0.016690665649724244,1.0,12.44900066963957,0.9942921334510576,0.7687297198581048,0.9802711197700774
0.1985,0.016689103149724244,1.0,12.446537340079846,0.994360400060077,0.7686380626749302,0.9802675902557584
0.199,0.016687540649724244,1.0,12.444069536211867,0.9944278499966006,0.7685464544493347,0.9802640131436973
0.1995,0.016685978149724244,1.0,12.441597323770784,0.9944944932078174,0.7684548945137029,0.9802603889818107
0.2,0.016684415649724244,1.0,12.439120767945658,0.9945603395465347,0.7683633822058492,0.9802567183123871
0.2005,0.016682853149724244,1.0,12.436639933420263,0.9946253987736815,0.7682719168685958,0.9802530016722218
0.201,0.016681290649724245,1.0,12.434154884413921,0.9946896805608103,0.7681804978493495,0.980249239592752
0.2015,0.016679728149724245,1.0,12.431665684722343,0.9947531944926024,0.7680891244996799,0.9802454326001898
0.202,0.016678165649724245,1.0,12.429172397758386,0.9948159500693693,0.7679977961748963,0.9802415812156569
0.2025,0.016676603149724245,1.0,12.426675086592793,0.994877956709557,0.7679065122336252,0.9802376859553165
0.203,0.016675040649724245,1.0,12.42417381399506,0.9949392237522491,0.7678152720373873,0.980233747330508
0.20350000000000001,0.016673478149724245,1.0,12.421668642473964,0.9949997604596696,0.7677240749501765,0.9802297658478787
0.20400000000000001,0.016671915649724246,1.0,12.419159634318452,0.9950595760196866,0.7676329203380351,0.9802257420095157
0.20450000000000002,0.016670353149724246,1.0,12.416646851638204,0.9951186795483156,0.767541807568633,0.980221676313079
0.20500000000000002,0.016668790649724246,1.0,12.41413031838262,0.9951770784281226,0.7674507364058581,0.9802175691817809
0.20550000000000002,0.016667228149724246,1.0,12.411610021784812,0.9952347783713097,0.7673597069950133,0.98021342096703
0.20600000000000002,0.016665665649724246,1.0,12.409086008549854,0.995291787630361,0.7672687188634909,0.9802092321259601
0.20650000000000002,0.016664103149724246,1.0,12.406558325827158,0.9953481144158312,0.7671777715338933,0.9802050031126242
0.20700000000000002,0.016662540649724243,1.0,12.404027020020928,0.9954037668450025,0.7670868645363926,0.9802007343758546
0.20750000000000002,0.016660978149724243,1.0,12.401492136814587,0.995458752943659,0.7669959974084815,0.9801964263593614
0.20800000000000002,0.016659415649724243,1.0,12.39895372119494,0.9955130806478575,0.7669051696947227,0.9801920795018295
0.2085,0.016657853149724244,1.0,12.396411817476412,0.9955667578057033,0.7668143809465018,0.9801876942370162
0.209,0.016656290649724244,1.0,12.393866469325404,0.9956197921791209,0.766723630721776,0.9801832709938496
0.2095,0.016654728149724244,1.0,12.39131771978443,0.9956721914456282,0.766632918584826,0.9801788101965241
0.21,0.016653165649724244,1.0,12.388765611296309,0.9957239632001097,0.7665422441060067,0.980174312264598
0.2105,0.016651603149724244,1.0,12.38621018572844,0.9957751149565885,0.7664516068614977,0.9801697776130903
0.211,0.016650040649724245,1.0,12.383651484397031,0.9958256541500008,0.7663610064330538,0.9801652066525764
0.2115,0.016648478149724245,1.0,12.381089548091099,0.9958755881379677,0.7662704424077565,0.9801605997892853
0.212,0.016646915649724245,1.0,12.378524417096854,0.9959249242025687,0.7661799143777639,0.9801559574251941
0.2125,0.016645353149724245,1.0,12.37595613122165,0.9959736695521153,0.7660894219400621,0.9801512799581253
0.213,0.016643790649724245,1.0,12.373384729818312,0.9960218313229228,0.7659989646962158,0.9801465677818417
0.2135,0.016642228149724245,1.0,12.370810251809043,0.9960694165810844,0.7659085422521191,0.9801418212861412
0.214,0.016640665649724246,1.0,12.368232735709807,0.9961164323242439,0.7658181542177455,0.9801370408569532
0.2145,0.016639103149724246,1.0,12.365652219654152,0.9961628854833685,0.7657278002069,0.9801322268764331
0.215,0.016637540649724246,1.0,12.363068741417479,0.9962087829245228,0.7656374798369688,0.9801273797230581
0.2155,0.016635978149724246,1.0,12.36048233844103,0.9962541314506405,0.7655471927286707,0.9801224997717203
0.216,0.016634415649724246,1.0,12.357893047856004,0.9962989378032977,0.7654569385058069,0.9801175873938232
0.2165,0.016632853149724243,1.0,12.355300906507477,0.9963432086644878,0.7653667167950133,0.980112642957376
0.217,0.016631290649724243,1.0,12.352705950978608,0.9963869506583916,0.7652765272255101,0.9801076668270865
0.2175,0.016629728149724243,1.0,12.350108217614524,0.9964301703531524,0.7651863694288523,0.9801026593644583
0.218,0.016628165649724243,1.0,12.34750774254637,0.9964728742626484,0.7650962430386814,0.9800976209278822
0.2185,0.016626603149724244,1.0,12.344904561715214,0.9965150688482665,0.7650061476904761,0.9800925518727326
0.219,0.016625040649724244,1.0,12.342298710896177,0.9965567605206731,0.7649160830213019,0.9800874525514597
0.2195,0.016623478149724244,1.0,12.33969021502247,0.9965979547629739,0.7648260487810599,0.9800823232681636
0.22,0.016621915649724244,1.0,12.337079081921813,0.9966386556156562,0.7647360448978219,0.9800771642518554
0.2205,0.016620353149724244,1.0,12.334465341156601,0.9966788688657137,0.7646460710731072,0.9800719758216883
0.221,0.016618790649724244,1.0,12.331849022978734,0.9967186003187128,0.7645561270011317,0.980066758297469
0.2215,0.016617228149724245,1.0,12.3292301573254,0.9967578557161467,0.764466212379273,0.9800615119953786
0.222,0.016615665649724245,1.0,12.326608773837311,0.9967966407367296,0.7643763269078809,0.9800562372280388
0.2225,0.016614103149724245,1.0,12.323984901876951,0.9968349609976908,0.7642864702900894,0.9800509343045792
0.223,0.016612540649724245,1.0,12.321358570546707,0.9968728220560683,0.764196642231628,0.9800456035307061
0.2235,0.016610978149724245,1.0,12.318729808706982,0.9969102294100038,0.7641068424406339,0.9800402452087673
0.224,0.016609415649724246,1.0,12.316098644994529,0.9969471885000352,0.7640170706274622,0.9800348596378201
0.2245,0.016607853149724246,1.0,12.313465107840381,0.996983704710392,0.763927326504499,0.9800294471136981
0.225,0.016606290649724246,1.0,12.31082922548816,0.997019783370289,0.763837609785972,0.9800240079290787
0.2255,0.016604728149724246,1.0,12.308191026012164,0.9970554297552203,0.7637479201877619,0.9800185423735485
0.226,0.016603165649724246,1.0,12.305550537335396,0.9970906490882536,0.763658257427215,0.9800130507336708
0.2265,0.016601603149724246,1.0,12.302907787247813,0.9971254465413232,0.7635686212229531,0.9800075332930525
0.227,0.016600040649724243,1.0,12.300262803424257,0.9971598272365257,0.7634790112946868,0.9800019903324102
0.2275,0.016598478149724243,1.0,12.297615613442732,0.9971937962474132,0.7633894273630256,0.9799964221296371
0.228,0.016596915649724243,1.0,12.2949662448023,0.9972273586002867,0.7632998691492905,0.9799908289598692
0.2285,0.016595353149724244,1.0,12.292314724941244,0.9972605192754913,0.7632103363753245,0.9799852110955519
0.229,0.016593790649724244,1.0,12.289661081255025,0.9972932832087101,0.7631208287633057,0.9799795688065063
0.2295,0.016592228149724244,1.0,12.287005341114465,0.9973256552922574,0.7630313460355567,0.9799739023599965
0.23,0.016590665649724244,1.0,12.284347531883673,0.9973576403763738,0.7629418879143575,0.9799682120207945
0.2305,0.016589103149724244,1.0,12.281687680937987,0.9973892432705195,0.7628524541217581,0.9799624980512478
0.231,0.016587540649724244,1.0,12.27902581568218,0.9974204687446687,0.762763044379387,0.9799567607113454
0.2315,0.016585978149724245,1.0,12.2763619635683,0.9974513215306038,0.7626736584082656,0.9799510002587843
0.232,0.016584415649724245,1.0,12.273696152113622,0.9974818063232092,0.7625842959286188,0.9799452169490347
0.2325,0.016582853149724245,1.0,12.271028408918804,0.9975119277817648,0.7624949566596854,0.9799394110354088
0.233,0.016581290649724245,1.0,12.268358761685665,0.997541690531242,0.7624056403195313,0.979933582769124
0.2335,0.016579728149724245,1.0,12.265687238235168,0.9975710991635952,0.7623163466248606,0.9799277323993724
0.234,0.016578165649724246,1.0,12.263013851237854,0.9976001576186759,0.7622270754506271,0.9799218601480263
0.23450000000000001,0.016576603149724246,1.0,12.260338576477194,0.9976288683022764,0.7621378270573582,0.9799159661735655
0.23500000000000001,0.016575040649724246,1.0,12.25766143005878,0.99765723521977,0.7620486012841223,0.9799100506991614
0.23550000000000001,0.016573478149724246,1.0,12.254982431217288,0.9976852624677455,0.7619593979372049,0.9799041139510731
0.23600000000000002,0.016571915649724246,1.0,12.252301598908554,0.9977129540962871,0.7618702168257283,0.979898156153032
0.23650000000000002,0.016570353149724243,1.0,12.249618951817105,0.9977403141098377,0.7617810577615746,0.9798921775262888
0.23700000000000002,0.016568790649724243,1.0,12.246934508363818,0.9977673464680604,0.7616919205593076,0.9798861782896608
0.23750000000000002,0.016567228149724243,1.0,12.2442482867133,0.9977940550867035,0.7616028050360956,0.9798801586595811
0.23800000000000002,0.016565665649724243,1.0,12.24156030478144,0.9978204438384619,0.7615137110116345,0.979874118850144
0.23850000000000002,0.016564103149724244,1.0,12.238870580243006,0.9978465165538413,0.7614246383080695,0.9798680590731534
0.23900000000000002,0.016562540649724244,1.0,12.236179130539034,0.99787227702202,0.7613355867499189,0.9798619795381713
0.23950000000000002,0.016560978149724244,1.0,12.233485972884521,0.9978977289917127,0.7612465561639945,0.9798558804525633
0.24,0.016559415649724244,1.0,12.230791124275694,0.9979228761720336,0.7611575463793268,0.9798497620215478
0.2405,0.016557853149724244,1.0,12.228094601497702,0.9979477222333589,0.7610685572270859,0.9798436244482431
0.241,0.016556290649724244,1.0,12.225396421132027,0.9979722708081898,0.7609795885405044,0.9798374679337146
0.2415,0.016554728149724245,1.0,12.222696599563935,0.9979965254920166,0.7608906401548007,0.9798312926770215
0.242,0.016553165649724245,1.0,12.21999515299012,0.9980204898441795,0.7608017119070998,0.9798250988752673
0.2425,0.016551603149724245,1.0,12.217292097426023,0.998044167388734,0.7607128036363578,0.9798188867236435
0.243,0.016550040649724245,1.0,12.214587448713333,0.9980675616153122,0.7606239151832841,0.9798126564154802
0.2435,0.016548478149724245,1.0,12.21188122252756,0.9980906759799869,0.7605350463902626,0.9798064081422917
0.244,0.016546915649724245,1.0,12.209173434385406,0.9981135139061337,0.7604461971012759,0.9798001420938256
0.2445,0.016545353149724246,1.0,12.206464099652248,0.9981360787852945,0.7603573671618269,0.9797938584581098
0.245,0.016543790649724246,1.0,12.203753233549607,0.9981583739780406,0.7602685564188623,0.9797875574214996
0.2455,0.016542228149724246,1.0,12.201040851162633,0.9981804028148354,0.7601797647206936,0.9797812391687258
0.246,0.016540665649724246,1.0,12.198326967447507,0.9982021685968976,0.7600909919169213,0.9797749038829433
0.2465,0.016539103149724246,1.0,12.19561159723889,0.9982236745970641,0.7600022378583569,0.9797685517457775
0.247,0.016537540649724243,1.0,12.192894755257335,0.9982449240606526,0.7599135023969451,0.979762182937372
0.2475,0.016535978149724243,1.0,12.19017645611689,0.9982659202063258,0.7598247853856865,0.9797557976364382
0.248,0.016534415649724243,1.0,12.187456714332304,0.9982866662269527,0.7597360866785607,0.9797493960203009
0.2485,0.016532853149724244,1.0,12.184735540529541,0.9983071650227914,0.7596474061702656,0.9797429782513856
0.249,0.016531290649724244,1.0,12.182012931629368,0.998327418509545,0.7595587438991921,0.9797365444421362
0.2495,0.016529728149724244,1.0,12.179288897265339,0.9983474294810301,0.7594700997704094,0.9797300947493746
0.25,0.016528165649724244,1.0,12.176563448621035,0.998367200822789,0.7593814736726885,0.9797236293344914
0.2505,0.016526603149724244,1.0,12.173836596658733,0.9983867353875675,0.7592928654970758,0.9797171483571468
0.251,0.016525040649724244,1.0,12.171108352123579,0.9984060359959345,0.7592042751368514,0.9797106519753005
0.2515,0.016523478149724245,1.0,12.168378725547493,0.9984251054368988,0.7591157024874884,0.97970414034525
0.252,0.016521915649724245,1.0,12.165647727253198,0.9984439464685275,0.7590271474466124,0.9796976136216635
0.2525,0.016520353149724245,1.0,12.162915367358343,0.9984625618185652,0.7589386099139589,0.9796910719576154
0.253,0.016518790649724245,1.0,12.160181655779311,0.9984809541850505,0.7588500897913348,0.9796845155046209
0.2535,0.016517228149724245,1.0,12.15744660223542,0.998499126236935,0.7587615869825755,0.9796779444126702
0.254,0.016515665649724245,1.0,12.154710216252887,0.9985170806147016,0.7586731013935037,0.979671358830265
0.2545,0.016514103149724246,1.0,12.151972507168715,0.9985348199309819,0.7585846329318904,0.9796647589044514
0.255,0.016512540649724246,1.0,12.149233484134829,0.9985523467711747,0.7584961815074117,0.9796581447808563
0.2555,0.016510978149724246,1.0,12.146493156122077,0.9985696636940646,0.758407747031609,0.9796515166037213
0.256,0.016509415649724246,1.0,12.143751531924103,0.9985867732324392,0.7583193294178477,0.9796448745159383
0.2565,0.016507853149724246,1.0,12.141008620161482,0.9986036778937075,0.7582309285812764,0.9796382186590842
0.257,0.016506290649724246,1.0,12.138264429285615,0.9986203801605187,0.7581425444387855,0.9796315491734557
0.2575,0.016504728149724243,1.0,12.135518967582733,0.9986368824913792,0.7580541769089666,0.9796248661981053
0.258,0.016503165649724243,1.0,12.132772243178032,0.9986531873212715,0.757965825912071,0.9796181698708754
0.2585,0.016501603149724244,1.0,12.13002426403938,0.9986692970622723,0.7578774913699696,0.9796114603284333
0.259,0.016500040649724244,1.0,12.12727503798157,0.9986852141041701,0.7577891732061106,0.9796047377063072
0.2595,0.016498478149724244,1.0,12.124524572670095,0.9987009408150838,0.7577008713454799,0.9795980021389208
0.26,0.016496915649724244,1.0,12.121772875625293,0.9987164795420802,0.7576125857145591,0.9795912537596289
0.2605,0.016495353149724244,1.0,12.119019954226195,0.9987318326117931,0.7575243162412848,0.9795844927007521
0.261,0.016493790649724244,1.0,12.116265815714586,0.9987470023310406,0.7574360628550074,0.9795777190936128
0.2615,0.016492228149724245,1.0,12.11351046719892,0.9987619909874436,0.757347825486451,0.97957093306857
0.262,0.016490665649724245,1.0,12.110753915658297,0.9987768008500434,0.757259604067671,0.9795641347550551
0.2625,0.016489103149724245,1.0,12.107996167946455,0.9987914341699208,0.7571713985320143,0.9795573242816068
0.263,0.016487540649724245,1.0,12.105237231431929,0.9988058931213792,0.757083208807384,0.9795505017715043
0.2635,0.016485978149724245,1.0,12.10247711747733,0.9988201794778518,0.7569950347796273,0.9795436673187348
0.264,0.016484415649724245,1.0,12.099715835992969,0.9988342951215533,0.7569068763498253,0.9795368210257152
0.2645,0.016482853149724246,1.0,12.096953396850791,0.9988482419124114,0.7568187334194205,0.979529962993578
0.265,0.016481290649724246,1.0,12.094189810460232,0.9988620216352345,0.756730605884156,0.979523093318242
0.2655,0.016479728149724246,1.0,12.091425087819887,0.9988756359958371,0.7566424936335276,0.9795162120901064
0.266,0.016478165649724246,1.0,12.088659240569047,0.9988890866171645,0.7565543965502386,0.9795093193937466
0.2665,0.016476603149724246,1.0,12.085892280820387,0.9989023750647072,0.7564663145119565,0.9795024153096944
0.267,0.016475040649724243,1.0,12.083124215041257,0.9989155036681359,0.7563782474557433,0.9794954999729734
0.2675,0.016473478149724243,1.0,12.080355050443686,0.9989284746698125,0.7562901953107932,0.979488573512455
0.268,0.016471915649724243,1.0,12.07758479612617,0.9989412900750213,0.7562021579863997,0.9794816360401472
0.2685,0.016470353149724243,1.0,12.07481346101698,0.9989539519301467,0.7561141353936104,0.9794746876709911
0.269,0.016468790649724244,1.0,12.07204105384464,0.998966462329707,0.7560261274455394,0.9794677285233488
0.2695,0.016467228149724244,1.0,12.069267583108543,0.9989788234233907,0.7559381340576776,0.97946075871949
0.27,0.016465665649724244,1.0,12.066493057049353,0.9989910374230913,0.7558501551482059,0.9794537783860793
0.2705,0.016464103149724244,1.0,12.063717481705474,0.9990031062250757,0.7557621906584795,0.9794467876316301
0.271,0.016462540649724244,1.0,12.060940857274943,0.9990150306882087,0.755674240591388,0.9794397865033064
0.2715,0.016460978149724245,1.0,12.058163186664274,0.9990268120362775,0.7555863049212734,0.9794327750693504
0.272,0.016459415649724245,1.0,12.055384480092012,0.999038452534277,0.7554983835453803,0.9794257534584732
0.2725,0.016457853149724245,1.0,12.052604744271537,0.9990499539644021,0.7554104763978665,0.979418721771636
0.273,0.016456290649724245,0.0,12.049802685846231,0.990043666688845,0.7553228080232569,0.9788184154229126
0.2735,0.016454728149724245,0.0,12.04678231318067,0.9681848608277926,0.7552374454988637,0.9772770691521212
0.274,0.016453165649724245,0.0,12.043484897887996,0.9468086716654546,0.7551550091478968,0.975626674784011
0.2745,0.016451603149724246,0.0,12.039895512538045,0.9259044445126807,0.7550756576475315,0.9738599780763336
0.275,0.016450040649724246,0.0,12.035998120894273,0.9054617586800744,0.7549995615773427,0.9719693105277967
0.2755,0.016448478149724246,0.0,12.031775460259507,0.8854704216287954,0.7549269046911121,0.9699465760017492
0.276,0.016446915649724246,0.0,12.027208747406094,0.8659204527282597,0.7548578870556655,0.9677832376336704
0.2765,0.016445353149724246,0.0,12.022278091592788,0.8468021038140934,0.7547927207328786,0.9654703092731421
0.277,0.016443790649724246,0.0,12.016962319665152,0.8281058484853565,0.7547316316692577,0.9629983469001677
0.2775,0.016442228149724243,0.0,12.011238861805154,0.8098223744438642,0.7546748609522551,0.9603574425912799
0.278,0.016440665649724243,0.0,12.005083682767976,0.7919425781549259,0.7546226655934505,0.9575372215772856
0.2785,0.016439103149724243,0.0,11.99847121383817,0.7744575595080854,0.754575319311737,0.9545268427512091
0.279,0.016437540649724244,0.0,11.991374285588394,0.7573586164778603,0.7545331133165027,0.9513150031987428
0.2795,0.016435978149724244,0.0,11.983769894583858,0.7406372358531655,0.7544962954116782,0.9478899331636135
0.28,0.016434415649724244,0.0,11.975652510754344,0.724285078875468,0.754464929221933,0.9442393709385057
0.2805,0.016432853149724244,0.0,11.967005155938445,0.708293995337719,0.7544391999452205,0.9403506460666333
0.281,0.016431290649724244,0.0,11.957810351383104,0.6926560108246126,0.7544192987146575,0.936210680304201
0.28150000000000003,0.016429728149724245,0.0,11.948051541831521,0.6773633203656215,0.7544054075716728,0.9318060145412653
0.28200000000000003,0.016428165649724245,0.0,11.937713223853107,0.6624082829607594,0.754397698131499,0.927122846151529
0.28250000000000003,0.016426603149724245,0.0,11.926781073639265,0.6477834161063422,0.754396330248664,0.9221470745085678
0.28300000000000003,0.016425040649724245,0.0,11.915242074176348,0.6334813903207509,0.754401450682484,0.9168643553398
0.28350000000000003,0.016423478149724245,0.0,11.903082774122886,0.6194950798655824,0.7544132115773194,0.911260195043897
0.28400000000000003,0.016421915649724245,0.0,11.890288341619037,0.6058175896914823,0.7544317805595412,0.9053200554755392
0.28450000000000003,0.016420353149724246,0.0,11.876847534748606,0.5924421042617908,0.7544572880277535,0.8990293681509444
0.28500000000000003,0.016418790649724246,0.0,11.862750456944068,0.579361953333668,0.7544898509432708,0.8923736684258885
0.28550000000000003,0.016417228149724246,0.0,11.847988581974851,0.5665706094990284,0.7545295725587737,0.8853387105937497
0.28600000000000003,0.016415665649724246,0.0,11.83255483919448,0.5540616838892479,0.7545765414995027,0.8779105944746478
0.28650000000000003,0.016414103149724246,0.0,11.816443697920661,0.5418289218798742,0.7546308308444536,0.8700759043178987
0.28700000000000003,0.016412540649724243,0.0,11.799651244400547,0.5298661987977065,0.7546924972766119,0.8618218596771254
0.28750000000000003,0.016410978149724243,0.0,11.782049090660108,0.5181675619064445,0.7547629257020982,0.8531372524739543
0.28800000000000003,0.016409415649724243,0.0,11.763328922628233,0.5067272438457497,0.7548454262829946,0.8440131798862817
0.2885,0.016407853149724243,0.0,11.74342149909828,0.4955395083872085,0.7549407674645032,0.8344406917969082
0.289,0.016406290649724244,0.0,11.722174056600515,0.4845987859647854,0.7550506151644312,0.8244129212576564
0.2895,0.016404728149724244,0.0,11.69942210335351,0.473899622151348,0.7551767691961523,0.8139248733672149
0.29,0.016403165649724244,0.0,11.674973887649237,0.4634366830062802,0.7553213313797116,0.8029737721821893
0.2905,0.016401603149724244,0.0,11.648606686297363,0.45320475262425636,0.7554867482922176,0.7915593355969076
0.291,0.016400040649724244,0.0,11.620063934833782,0.44319873238652213,0.7556758458341291,0.7796840432910193
0.2915,0.016398478149724244,0.0,11.58903428326308,0.4334136325952783,0.7558920591325533,0.7673535372411635
0.292,0.016396915649724245,0.0,11.555161203997267,0.4238445776047988,0.7561393363763587,0.7545767894293145
0.2925,0.016395353149724245,0.0,11.518002936881963,0.4144867953872401,0.7564225789446531,0.7413666501344075
0.293,0.016393790649724245,0.0,11.477052039958576,0.40533562325261147,0.7567474438826999,0.7277398957191854
0.2935,0.016392228149724245,0.0,11.43166964708473,0.39638649755954314,0.7571210707193367,0.7137179929806035
0.294,0.016390665649724245,0.0,11.381120400085445,0.38763495922392466,0.7575517289841899,0.699326942493096
0.2945,0.016389103149724246,0.0,11.32447352126776,0.3790766439454034,0.7580499234928921,0.6845983387163451
0.295,0.016387540649724246,0.0,11.260662842895917,0.3707072874164007,0.7586277915621943,0.6695688652598062
0.2955,0.016385978149724246,0.0,11.188379862467132,0.36252271663253355,0.7593003307538373,0.6542813787392545
0.296,0.016384415649724246,0.0,11.106114590532345,0.3545188520602394,0.7600850454130184,0.6387844454870515
0.2965,0.016382853149724246,0.0,11.012223255359983,0.3466917046930949,0.7610013160057578,0.6231313953069249
0.297,0.016381290649724246,0.0,10.904992836669884,0.33903737292608416,0.7620698172186356,0.6073792243061348
0.2975,0.016379728149724243,0.0,10.782572694951256,0.3315520384166897,0.7633134305271058,0.5915889135336481
0.298,0.016378165649724243,0.0,10.644049059363931,0.3242319711186498,0.7647454009791559,0.5758121313758346
0.2985,0.016376603149724243,0.0,10.489078235872672,0.31707352240502207,0.766373305080059,0.5600942090362108
0.299,0.016375040649724244,0.0,10.318392751466535,0.3100731240479914,0.768193157238496,0.5444669398484102
0.2995,0.016373478149724244,0.0,10.133583384303174,0.30322728643531,0.7701914511056572,0.528950069528364
0.3,0.016371915649724244,0.0,9.93687162683945,0.2965325970241073,0.7723472965973647,0.513553335848648
0.3005,0.016370353149724244,0.0,9.730649200798961,0.28998571859888783,0.7746373311531636,0.4982818746043325
0.301,0.016368790649724244,0.0,9.517119370529544,0.28358338771833314,0.7770397016659862,0.4831408138738391
0.3015,0.016367228149724244,0.0,9.298120964232517,0.2773224129736995,0.779536136978768,0.4681377908893691
0.302,0.016365665649724245,0.0,9.075159473080497,0.2711996733676255,0.7821116876261658,0.4532828373795197
0.3025,0.016364103149724245,0.0,8.849437577916865,0.26521211731069133,0.7847544889449237,0.43858820195455783
0.303,0.016362540649724245,0.0,8.621859563999397,0.2593567804421647,0.7874558580033866,0.42406850732363593
0.3035,0.016360978149724245,0.0,8.393135863971134,0.25363077495468694,0.7902091533083572,0.40973943685828484
0.304,0.016359415649724245,0.0,8.164026397311076,0.24803116831736913,0.7930067770058505,0.3956141556324578
0.3045,0.016357853149724245,0.0,7.934980146601557,0.2425552043604799,0.7958447743114833,0.3817087834081405
0.305,0.016356290649724246,0.0,7.706477104675145,0.2372001368723072,0.7987185772255493,0.36803734294907436
0.3055,0.016354728149724246,0.0,7.478914386829198,0.23196329206583388,0.8016244750429932,0.35461345756286045
0.306,0.016353165649724246,0.0,7.25266652854919,0.22684207398599118,0.8045588533302591,0.341449561724108
0.3065,0.016351603149724246,0.0,7.028100453730126,0.22183393111713318,0.8075179890974408,0.3285566037485317
0.307,0.016350040649724246,0.0,6.805560679172116,0.2169363952113748,0.810498244551667,0.3159443813191472
0.3075,0.016348478149724247,0.0,6.585375492437528,0.21214708039754787,0.8134959815001532,0.30362148254681715
0.308,0.016346915649724243,0.0,6.367858270408998,0.20746344021068108,0.8165075383890112,0.29159453733140817
0.3085,0.016345353149724243,0.0,6.1532959705106,0.20288333454678822,0.8195293949764235,0.2798701963235565
0.309,0.016343790649724244,0.0,5.941966413124857,0.19840433429183144,0.8225579228027636,0.26845276393427325
0.3095,0.016342228149724244,0.0,5.734125433376092,0.19402416930900335,0.8255895701597267,0.25734583344626016
0.31,0.016340665649724244,0.0,5.530004111358206,0.18974082245048746,0.8286209111987567,0.24655266134073905
0.3105,0.016339103149724244,0.0,5.32982845614925,0.18555193310027304,0.8316483452555227,0.2360741309949298
0.311,0.016337540649724244,0.0,5.133782780366894,0.18145561157563794,0.8346686724362549,0.22591179133046285
0.3115,0.016335978149724244,0.0,4.942051070365468,0.17744971722032601,0.8376784521806756,0.21606518025611018
0.312,0.016334415649724245,0.0,4.754792245413717,0.17353216339364202,0.8406743968636973,0.20653314770972475
0.3125,0.016332853149724245,0.0,4.572118176502551,0.16970111933617027,0.8436537659117294,0.19731476366682257
0.313,0.016331290649724245,0.0,4.394154006906428,0.1659545869231526,0.8466133706177105,0.18840740224366825
0.3135,0.016329728149724245,0.0,4.220979495814698,0.16229069838136492,0.8495505769823899,0.1798083842138147
0.314,0.016328165649724245,0.0,4.052636994382343,0.15870763009513375,0.8524632223050189,0.17151466490743222
0.3145,0.016326603149724245,0.0,3.8891738820800654,0.15520367958591835,0.8553488808397341,0.16352262365331394
0.315,0.016325040649724246,0.0,3.7305963514292864,0.15177708831699513,0.8582057159167147,0.15582813837196136
0.3155,0.016323478149724246,0.0,3.5768872540712313,0.1484261148123207,0.8610322020780217,0.14842664637948214
0.316,0.016321915649724246,0.0,3.428023255581961,0.14514917825640897,0.8638268233721322,0.1413133938273514
0.3165,0.016320353149724246,0.0,3.2839606178504477,0.14194461041482995,0.8665883651506496,0.1344829771471238
0.317,0.016318790649724246,0.0,3.14463977198842,0.13881079974820193,0.8693158564877862,0.12792973398499768
0.3175,0.016317228149724243,0.0,3.0099864289101705,0.13574621215842608,0.8720085769247252,0.12164782403048482
0.318,0.016315665649724243,0.0,2.8799417010673256,0.1327493002645108,0.8746654374095346,0.11563076652940239
0.3185,0.016314103149724243,0.0,2.7544202483911358,0.12981856509540832,0.877285863981296,0.10987205282528051
0.319,0.016312540649724244,0.0,2.6333268893590067,0.1269525414778852,0.8798694849414985,0.10436498796795729
0.3195,0.016310978149724244,0.0,2.516541829898943,0.12414981244637857,0.882416496700647,0.09910289112186783
0.32,0.016309415649724244,0.0,2.403958968653833,0.12140896239220507,0.8849268263880344,0.09407869077618057
0.3205,0.016315665649724243,0.0,2.3158870497385013,0.11872865993421622,0.8874943654862889,0.08931708680284209
0.321,0.016321915649724242,0.0,2.2249212346930247,0.11610749239149024,0.8901731988032846,0.08482336815577196
0.3215,0.016328165649724245,0.0,2.1338592393497855,0.11354419499777324,0.8929001006083892,0.08056400949497737
0.322,0.016334415649724245,0.0,2.0442184414434896,0.11103749087709748,0.895639327632437,0.0765177661315298
0.3225,0.016340665649724244,0.0,1.9568364773895193,0.10858613237630929,0.8983697785978724,0.07266982191870558
0.323,0.016346915649724243,0.0,1.872203788595765,0.10618889731015997,0.9010777376760192,0.06900865881202871
0.3235,0.016353165649724243,0.0,1.7905414163649684,0.10384459039234252,0.9037556155804076,0.06552515107894236
0.324,0.016359415649724245,0.0,1.7119385511939536,0.10155204305354211,0.9063988358089424,0.062211379173157624
0.3245,0.016365665649724245,0.0,1.6364245308068284,0.0993100613552271,0.9090041448207522,0.05905995766692262
0.325,0.016371915649724244,0.0,1.5639736092655736,0.09711751589612391,0.9115696421989807,0.05606411391664304
0.3255,0.016378165649724243,0.0,1.4945333092924937,0.09497337504317979,0.9140941013228587,0.05321751550097824
0.326,0.016384415649724243,0.0,1.4280449623207871,0.09287656640799735,0.9165764265532182,0.050513909830523944
0.3265,0.016390665649724245,0.0,1.3644375349379603,0.09082612078747444,0.9190158677572383,0.04794738750580573
0.327,0.016396915649724245,0.0,1.3036296512510608,0.0888209427524999,0.9214120008835266,0.04551202771837067
0.3275,0.016403165649724244,0.0,1.2455340065005358,0.08686002220258111,0.923764624750752,0.04320219449518467
0.328,0.016409415649724243,0.0,1.190063068656476,0.08494235546357314,0.9260735977137965,0.04101238994022221
0.3285,0.016415665649724243,0.0,1.1371304122559844,0.08306701213685375,0.928338799850458,0.038937340040193204
0.329,0.016421915649724245,0.0,1.0866494475675086,0.08123308858663647,0.9305601808925956,0.03697193695419227
0.3295,0.016428165649724245,0.0,1.0385317561258298,0.07943960457654366,0.9327378286929991,0.035111126455970774
0.33,0.016434415649724244,0.0,0.9926873235953168,0.07768558243844481,0.9348719767364235,0.03335001735347566
0.3305,0.016440665649724243,0.0,0.9490320816567447,0.075970392950947,0.9369627367738665,0.031684229893030345
0.331,0.016446915649724243,0.0,0.9074827213174316,0.07429301900182997,0.9390102828925757,0.030109079374443647
0.3315,0.016453165649724245,0.0,0.8679563095571033,0.07265270372344175,0.9410148728855801,0.028620316782272146
0.332,0.016459415649724245,0.0,0.8303720397404051,0.07104864065805941,0.9429767861782961,0.027213770706515202
0.3325,0.016465665649724244,0.0,0.7946518486696322,0.06948037432576723,0.9448962992029835,0.025885734993389815
0.333,0.016471915649724243,0.0,0.7607140688101822,0.06794681466553656,0.9467739496161358,0.02463203837083146
0.3335,0.016478165649724243,0.0,0.7284812757033511,0.0664469189947177,0.9486102264513673,0.0234487224534406
0.334,0.016484415649724245,0.0,0.6978782609928049,0.06498008301234744,0.9504056500066694,0.022332367611705248
0.3345,0.016490665649724245,0.0,0.6688328378796194,0.0635456352783232,0.9521607357918244,0.021279609523110934
0.335,0.016496915649724244,0.0,0.6412746543305196,0.06214284582930128,0.9538760446657768,0.02028716186469897
0.3355,0.016503165649724243,0.0,0.6151321760588505,0.06077103974790297,0.9555523248149944,0.019351918391474102
0.336,0.016509415649724243,0.0,0.5903385996466037,0.05942951894430331,0.9571902455675411,0.01847086945945906
0.3365,0.016515665649724245,0.0,0.5668307992146071,0.058117611473363404,0.9587904352646792,0.017641142655968268
0.337,0.016521915649724245,0.0,0.5445490333781972,0.05683467984388456,0.9603534869351329,0.01686000473026624
0.3375,0.016528165649724244,0.0,0.5234353873775546,0.05558005391250917,0.9618800291508846,0.01612481725664118
0.338,0.016534415649724243,0.0,0.5034298674478833,0.05435291197288778,0.9633709268097709,0.015432975682446216
0.3385,0.016540665649724243,0.0,0.48448527967992616,0.05315296365660403,0.9648265170813738,0.014782288505036243
0.339,0.016546915649724245,0.0,0.4665443180697062,0.05197940577444279,0.9662477809294143,0.014170380363045458
0.3395,0.016553165649724245,0.0,0.44956203989781257,0.05083187393893792,0.967635173892687,0.01359520989240454
0.34,0.016559415649724244,0.0,0.43348490575226356,0.049709571286348335,0.9689897362289125,0.013054614679909322
0.3405,0.016565665649724243,0.0,0.41827527203270765,0.048612287788897424,0.9703117561012229,0.012546808772846196
0.341,0.016571915649724243,0.0,0.40388849349367495,0.04753947428223822,0.9716020147774567,0.01206992734809207
0.3415,0.016578165649724246,0.0,0.39027987787843826,0.04649046008286968,0.9728614196729913,0.011622143123138341
0.342,0.016584415649724245,0.0,0.37740716091813226,0.04546458354706516,0.9740908620942902,0.011201727120716203
0.3425,0.016590665649724244,0.0,0.36523011545124984,0.044461183031097966,0.9752912333478164,0.010807041344740878
0.343,0.016596915649724243,0.0,0.3537121375995999,0.043479772480607096,0.9764633210716331,0.010436602899340133
0.3435,0.016603165649724243,0.0,0.3428201941959087,0.042520059787584275,0.9776077983973913,0.010089073344688467
0.34400000000000003,0.016609415649724246,0.0,0.3325209501470829,0.04158155412987346,0.9787254557780715,0.009763103015626776
0.34450000000000003,0.016615665649724245,0.0,0.32278263332677565,0.040663762085547464,0.9798170852015662,0.009457410750196658
0.34500000000000003,0.016621915649724244,0.0,0.31357501019633466,0.03976619146421251,0.9808834768011332,0.009170782822484316
0.34550000000000003,0.016628165649724243,0.0,0.3048712084314478,0.03888843496464264,0.9819252928707363,0.008902094965745982
0.34600000000000003,0.016634415649724243,0.0,0.2966456590734505,0.03803008745181454,0.9829431924421341,0.008650281368997448
0.34650000000000003,0.016640665649724246,0.0,0.2888731385904597,0.03719070548914682,0.9839378922275211,0.008414321488573483
0.34700000000000003,0.016646915649724245,0.0,0.2815296011231973,0.036369845640058074,0.984910108939092,0.008193250008641094
0.34750000000000003,0.016653165649724244,0.0,0.2745921694528378,0.035567073227621634,0.9858605556526613,0.007986156861696821
0.34800000000000003,0.016659415649724243,0.0,0.2680395279603353,0.03478203987226491,0.9867899096195779,0.007792203948110394
0.34850000000000003,0.016665665649724243,0.0,0.26185113543612454,0.034014362732811755,0.9876988623971743,0.007610589245069176
0.34900000000000003,0.016671915649724246,0.0,0.25600728402466005,0.033263641964151165,0.9885881126015961,0.007440550852922381
0.34950000000000003,0.016678165649724245,0.0,0.250489149269046,0.03252947772117209,0.9894583588489886,0.007281369686075963
0.35000000000000003,0.016684415649724244,0.0,0.24527887553068475,0.0318114895489849,0.9903102897130357,0.007132371593784182
0.35050000000000003,0.016690665649724244,0.0,0.24035983847934117,0.031109362221985574,0.9911445599842782,0.0069929337517444096
0.35100000000000003,0.016696915649724243,0.0,0.23571587400246694,0.030422743411664458,0.9919618436693615,0.00686246045057126
0.35150000000000003,0.016703165649724246,0.0,0.23133147044514307,0.029751276409802355,0.9927628170432425,0.006740389146131039
0.35200000000000004,0.016709415649724245,0.0,0.2271925909890496,0.02909462980307086,0.9935480923801987,0.006626193868360227
0.35250000000000004,0.016715665649724244,0.0,0.22328648232031537,0.028452493951055223,0.9943182268650712,0.006519382256840919
0.35300000000000004,0.016721915649724244,0.0,0.21960021863440857,0.02782453803180942,0.9950738312758322,0.006419487071397704
0.35350000000000004,0.016728165649724243,0.0,0.21612141739212995,0.027210432649321784,0.995815513340117,0.006326068689327422
0.35400000000000004,0.016734415649724246,0.0,0.21283925653778177,0.026609888526136053,0.9965437943356003,0.006238718998309235
0.35450000000000004,0.016740665649724245,0.0,0.2097432386171342,0.026022613283633384,0.9972592022225344,0.006157053225251237
0.35500000000000004,0.016746915649724244,0.0,0.2068229259983036,0.02544830239754355,0.9979622911333779,0.006080707711621686
0.35550000000000004,0.016753165649724244,0.0,0.20406842219695753,0.02488665833045057,0.998653601237753,0.006009341401574212
0.35600000000000004,0.016759415649724243,0.0,0.20147113470880912,0.02433742290182495,0.9993335940527532,0.005942638269287352
0.35650000000000004,0.016765665649724246,0.0,0.19902233436811367,0.023800320298141574,1.0000027663340239,0.005880298956391712
0.35700000000000004,0.016771915649724245,0.0,0.196713467011691,0.023275070216745884,1.0006616238084836,0.0058220416374711054
0.35750000000000004,0.016778165649724244,0.0,0.19453674797771708,0.02276140942762017,1.0013106304592916,0.005767603328924946
0.35800000000000004,0.016784415649724244,0.0,0.19248543517359573,0.02225910219321096,1.00195018304866,0.005716739592483554
0.35850000000000004,0.016790665649724243,0.0,0.19055234978687652,0.021767890801838923,1.0025807320670344,0.005669218605134381
0.35900000000000004,0.016796915649724246,0.0,0.1887304963531979,0.021287516879231506,1.0032027296249462,0.005624822684455605
0.35950000000000004,0.016803165649724245,0.0,0.18701359637316667,0.020817738130089525,1.0038165830728891,0.005583348908793507
0.36000000000000004,0.016809415649724244,0.0,0.18539652488178646,0.02035834244964673,1.0044226157180918,0.005544609200637563
0.36050000000000004,0.016815665649724244,0.0,0.18387355131864333,0.019909094973639522,1.0050212142248114,0.0055084251261694455
0.36100000000000004,0.016821915649724243,0.0,0.1824390528701735,0.019469759877210835,1.005612767931369,0.005474629232714229
0.36150000000000004,0.016828165649724246,0.0,0.18108795425955018,0.019040114547282994,1.0061976301709699,0.005443065427534896
0.36200000000000004,0.016834415649724245,0.0,0.1798162007574356,0.018619965114030135,1.006776075944895,0.005413589215248878
0.36250000000000004,0.016840665649724244,0.0,0.17861918522405082,0.0182090972141426,1.0073484361038476,0.005386063623708034
0.36300000000000004,0.016846915649724244,0.0,0.1774923583273259,0.017807295326727552,1.0079150446532104,0.005360360173355477
0.36350000000000005,0.016853165649724243,0.0,0.17643159872625067,0.017414354905317512,1.0084762059031824,0.00533635910758381
0.36400000000000005,0.016859415649724246,0.0,0.17543371415149492,0.017030098942715344,1.0090321496467418,0.005313949703830339
0.36450000000000005,0.016865665649724245,0.0,0.17449499935636129,0.016654331835115985,1.009583155996557,0.005293027071321251
0.36500000000000005,0.016871915649724244,0.0,0.17361176983444962,0.01628685661645314,1.0101295087513744,0.005273492858116322
0.36550000000000005,0.016878165649724244,0.0,0.17278069089469564,0.015927485749088654,1.0106714660195069,0.005255255405885262
0.36600000000000005,0.016884415649724243,0.0,0.1719993062792739,0.015576058508925763,1.0112092128481454,0.005238230087128113
0.36650000000000005,0.016890665649724246,0.0,0.1712646500974181,0.015232396347076132,1.0117429828531967,0.005222336728692263
0.36700000000000005,0.016896915649724245,0.0,0.17057374740813558,0.014896319084911725,1.0122730140912573,0.005207500171917717
0.36750000000000005,0.016903165649724244,0.0,0.1699237704692857,0.014567650097995637,1.0127995349283458,0.005193650199768079
0.36800000000000005,0.016909415649724244,0.0,0.16931284634048382,0.014246242803263849,1.0133226918220501,0.005180722240059851
0.36850000000000005,0.016915665649724243,0.0,0.1687387590383879,0.013931938591704092,1.013842664018958,0.005168655298302073
0.36900000000000005,0.016921915649724246,0.0,0.16819916258401105,0.013624573765148347,1.0143596446413459,0.005157392070146887
0.36950000000000005,0.016928165649724245,0.0,0.16769175004925485,0.013323985157104878,1.0148738254961096,0.005146878943128245
0.37000000000000005,0.016934415649724244,0.0,0.1672148985656573,0.01303003355000669,1.0153853391398555,0.005137066527665559
0.37050000000000005,0.016940665649724244,0.0,0.16676699014961857,0.012742579299152165,1.0158943191859326,0.005127908528836037
0.37100000000000005,0.016946915649724243,0.0,0.1663461680361377,0.012461473537266435,1.016400922064587,0.005119361310735128
0.37150000000000005,0.016953165649724246,0.0,0.16595059088605235,0.012186567397074627,1.016905304206064,0.0051113840443200555
0.37200000000000005,0.016959415649724245,0.0,0.1655787869483221,0.011917726110445363,1.0174075900603703,0.005103938918354872
0.37250000000000005,0.016965665649724244,0.0,0.16522962098917898,0.011654827819675974,1.0179078747935661,0.005096990864676491
0.37300000000000005,0.016971915649724244,0.0,0.1649016285300035,0.01139773722124434,1.0184062840700534,0.005090506694758984
0.37350000000000005,0.016978165649724243,0.0,0.16459335282414914,0.011146318934845105,1.018902943728397,0.005084455358138884
0.37400000000000005,0.016984415649724246,0.0,0.16430350167322516,0.010900444244612886,1.019397965543914,0.005078807965185492
0.37450000000000006,0.016990665649724245,0.0,0.1640312641308788,0.010660004725358954,1.0198914184747052,0.005073537923160573
0.37500000000000006,0.016996915649724244,0.0,0.16377552205687543,0.010424878554186546,1.020383399750602,0.0050686200378399085
0.37550000000000006,0.017003165649724244,0.0,0.16353513121827326,0.010194942536258179,1.020874009496495,0.005064030712610115
0.37600000000000006,0.017009415649724243,0.0,0.1633089740384294,0.00997007446103246,1.021363345917563,0.005059747900622896
0.37650000000000006,0.017015665649724246,0.0,0.16309638303951712,0.00975017280733801,1.0218514668676721,0.005055751358754004
0.37700000000000006,0.017021915649724245,0.0,0.1628966067014206,0.009535131989101926,1.022338438128631,0.00505202205535968
0.37750000000000006,0.017028165649724245,0.0,0.16270876762682052,0.009324840409017926,1.0228243372061978,0.005048542079087781
0.37800000000000006,0.017034415649724244,0.0,0.16253199174100127,0.00911918646977974,1.023309241606131,0.0050452946815224
0.37850000000000006,0.017040665649724243,0.0,0.1623655895710885,0.008918068473852792,1.023793212339063,0.005042264353482461
0.37900000000000006,0.017046915649724246,0.0,0.16220909569384362,0.008721396814246597,1.024276290270207,0.005039436755804877
0.37950000000000006,0.017053165649724245,0.0,0.16206183814434308,0.008529070515077597,1.0247585352077708,0.005036798302642786
0.38000000000000006,0.017059415649724245,0.0,0.16192314362349974,0.008340988417867411,1.0252400072642043,0.005034336287648687
0.38050000000000006,0.017065665649724244,0.0,0.16179238031872847,0.008157051860476478,1.025720762943655,0.005032038863929106
0.38100000000000006,0.017071915649724243,0.0,0.1616691981033181,0.007977179820935114,1.0262008332524983,0.005029895164987854
0.38150000000000006,0.017078165649724246,0.0,0.1615531206953913,0.007801283261895395,1.0266802607828411,0.005027894920966237
0.38200000000000006,0.017084415649724245,0.0,0.16144363078392654,0.007629270487219195,1.0271590919699076,0.00502602849643093
0.38250000000000006,0.017090665649724245,0.0,0.16134021276397026,0.007461049826945543,1.0276373731946773,0.0050242868843261256
0.38300000000000006,0.017096915649724244,0.0,0.16124254875479166,0.0072965382647715,1.0281151329059404,0.005022661751385802
0.38350000000000006,0.017103165649724243,0.0,0.16115038752528787,0.007135660002764254,1.0285923935383094,0.0050211453701492345
0.38400000000000006,0.017109415649724246,1.0,0.16124855224189755,0.01554809011928126,1.0290523018671118,0.005256151767836455
0.38450000000000006,0.017115665649724245,1.0,0.16313011613439643,0.02732343879625026,1.0293501392993734,0.006556460956452756
0.38500000000000006,0.017121915649724245,1.0,0.16773114383487234,0.03895793872003328,1.0294049058650379,0.00982906614702626
0.38550000000000006,0.017128165649724244,1.0,0.17362841558536496,0.05045327461556994,1.0293512290943632,0.01597586396464765
0.38600000000000007,0.017134415649724243,1.0,0.1812540416457517,0.06181111056340026,1.0291573943533154,0.02579294122672922
0.38650000000000007,0.017140665649724246,1.0,0.19133022234173994,0.07303309174834162,1.0287716239364577,0.039892133891864724
0.38700000000000007,0.017146915649724245,1.0,0.2050680413696808,0.08412084316601619,1.028110761235515,0.058624493829919494
0.38750000000000007,0.017153165649724245,1.0,0.22450205628110953,0.09507597053469356,1.0270442577145078,0.08201228619844596
0.38800000000000007,0.017159415649724244,1.0,0.2525344345208956,0.10590006082922546,1.0254111491500828,0.10971291804119933
0.38850000000000007,0.017165665649724243,1.0,0.29226882728310466,0.11659468036361834,1.0230913826589652,0.14106044243069607
0.38900000000000007,0.017171915649724246,1.0,0.3452152659815547,0.12716137810263664,1.0201244120224378,0.1752269862952177
0.38950000000000007,0.017178165649724245,1.0,0.4107031633398022,0.13760168413738394,1.0166903815561463,0.21138823951303537
0.39000000000000007,0.017184415649724245,1.0,0.4868633258363089,0.14791711028562646,1.0129939957246188,0.2487889086658302
0.39050000000000007,0.017190665649724244,1.0,0.5718268578195937,0.1581091502832498,1.009184737584948,0.2867428181148157
0.39100000000000007,0.017196915649724243,1.0,0.6645291927949482,0.16817927996926962,1.0053346402783527,0.3246215495805875
0.39150000000000007,0.017203165649724246,1.0,0.7640573668252038,0.17812895756597652,1.00149018799675,0.36189589726411603
0.39200000000000007,0.017209415649724245,1.0,0.8698553496032889,0.1879596238398786,0.9976721307539735,0.39813272600976685
0.39250000000000007,0.017215665649724245,1.0,0.9814867134413487,0.19767270233425088,0.993891912655318,0.43300250270605567
0.39300000000000007,0.017221915649724244,1.0,1.0985731274029402,0.2072695995480664,0.9901564602444741,0.4662727186491995
0.39350000000000007,0.017228165649724243,1.0,1.220756271102434,0.21675170517294093,0.9864706642513583,0.4977962108873434
0.3940000000000001,0.017234415649724246,1.0,1.3476922313293627,0.22612039224916805,0.9828380863987984,0.5274964911966514
0.3945000000000001,0.017240665649724245,1.0,1.4790343891442612,0.2353770174144111,0.9792618048684789,0.5553535866510084
0.3950000000000001,0.017246915649724245,1.0,1.6144432199095595,0.24452292108829862,0.9757442566124223,0.5813901455908878
0.3955000000000001,0.017253165649724244,1.0,1.7535849779745898,0.2535594276410745,0.9722874218662143,0.605659809306962
0.3960000000000001,0.017259415649724243,1.0,1.8961318452150593,0.26248784567969413,0.9688929221885921,0.6282375435454934
0.3965000000000001,0.017265665649724246,1.0,2.0417626533380653,0.271309468366931,0.9655620787673714,0.6492119025261529
0.3970000000000001,0.017271915649724245,1.0,2.1901709880941196,0.2800255728476694,0.9622957731838724,0.6686788651230076
0.3975000000000001,0.017278165649724245,1.0,2.3410634494805014,0.2886374207952534,0.9590945686232588,0.6867374531353326
0.3980000000000001,0.017284415649724244,1.0,2.4941482343311665,0.297146259960037,0.9559590290877003,0.7034867504603275
0.3985000000000001,0.017290665649724243,1.0,2.649152713919715,0.30555332225815646,0.9528893270479846,0.7190232124077842
0.3990000000000001,0.017296915649724246,1.0,2.805820252519607,0.31385982447547167,0.9498853714291922,0.7334392568953564
0.3995000000000001,0.017303165649724245,1.0,2.963899937423804,0.3220669699638156,0.9469470624936025,0.7468225184226278
0.4,0.017309415649724245,1.0,3.1231574326828855,0.33017594711328374,0.9440740676837427,0.7592550978203748
0.4000000000000001,0.017309415649724245,1.0,3.1231574326829046,0.33017594711328463,0.9440740676837424,0.7592550978203761
